0.000000 -84.862892
50.000000 -85.017372
100.000000 -86.161705
150.000000 -85.465637
200.000000 -85.015015
250.000000 -85.388893
300.000000 -85.758987
350.000000 -86.363396
400.000000 -84.949158
450.000000 -86.649307
500.000000 -84.768288
550.000000 -85.052872
600.000000 -85.888634
650.000000 -86.033340
700.000000 -85.102806
750.000000 -84.310150
800.000000 -85.646545
850.000000 -85.495529
900.000000 -85.453209
950.000000 -85.249519
1000.000000 -86.382721
1050.000000 -85.109970
1100.000000 -85.220467
1150.000000 -86.623703
1200.000000 -85.818352
1250.000000 -86.732346
1300.000000 -86.880333
1350.000000 -87.654213
1400.000000 -88.267204
1450.000000 -88.050209
1500.000000 -87.370956
1550.000000 -87.386452
1600.000000 -85.888550
1650.000000 -86.105316
1700.000000 -86.349625
1750.000000 -85.628792
1800.000000 -86.485580
1850.000000 -86.393784
1900.000000 -87.429985
1950.000000 -85.946182
2000.000000 -84.879143
2050.000000 -83.846031
2100.000000 -85.222885
2150.000000 -87.187119
2200.000000 -86.674995
2250.000000 -86.466026
2300.000000 -85.961960
2350.000000 -85.654167
2400.000000 -86.371674
2450.000000 -89.648582
2500.000000 -88.700089
2550.000000 -88.617485
2600.000000 -88.823662
2650.000000 -88.963875
2700.000000 -87.272423
2750.000000 -86.848198
2800.000000 -88.356926
2850.000000 -86.772720
2900.000000 -88.750763
2950.000000 -87.436226
3000.000000 -87.940407
3050.000000 -87.728111
3100.000000 -87.303093
3150.000000 -87.309242
3200.000000 -88.967598
3250.000000 -87.184090
3300.000000 -89.278244
3350.000000 -89.224419
3400.000000 -87.051750
3450.000000 -92.802010
3500.000000 -88.374290
3550.000000 -89.815193
3600.000000 -89.717285
3650.000000 -89.839851
3700.000000 -89.790611
3750.000000 -93.102264
3800.000000 -90.888138
3850.000000 -91.679863
3900.000000 -93.614250
3950.000000 -93.060432
4000.000000 -89.993439
4050.000000 -92.830986
4100.000000 -93.174446
4150.000000 -88.801720
4200.000000 -89.757942
4250.000000 -91.483757
4300.000000 -87.854866
4350.000000 -90.944031
4400.000000 -86.030685
4450.000000 -88.416107
4500.000000 -87.214447
4550.000000 -88.956444
4600.000000 -89.441772
4650.000000 -89.532639
4700.000000 -88.867691
4750.000000 -87.498848
4800.000000 -87.773399
4850.000000 -91.195259
4900.000000 -91.558662
4950.000000 -96.567375
5000.000000 -92.567932
5050.000000 -93.538338
5100.000000 -92.511787
5150.000000 -92.528595
5200.000000 -92.340004
5250.000000 -96.513977
5300.000000 -90.022804
5350.000000 -90.740837
5400.000000 -91.023827
5450.000000 -89.893509
5500.000000 -89.860451
5550.000000 -91.156868
5600.000000 -89.106392
5650.000000 -88.107323
5700.000000 -88.578255
5750.000000 -88.960159
5800.000000 -90.261375
5850.000000 -88.798073
5900.000000 -88.975044
5950.000000 -87.520874
6000.000000 -89.512802
6050.000000 -89.205269
6100.000000 -88.718155
6150.000000 -87.943718
6200.000000 -89.027344
6250.000000 -88.185196
6300.000000 -91.365250
6350.000000 -91.468857
6400.000000 -89.725395
6450.000000 -93.488091
6500.000000 -90.846458
6550.000000 -92.664223
6600.000000 -90.573578
6650.000000 -87.609543
6700.000000 -91.937973
6750.000000 -91.741104
6800.000000 -92.727104
6850.000000 -93.265526
6900.000000 -88.849319
6950.000000 -89.790611
7000.000000 -93.872208
7050.000000 -90.695320
7100.000000 -91.953659
7150.000000 -89.815193
7200.000000 -91.099640
7250.000000 -93.339081
7300.000000 -93.345238
7350.000000 -93.852615
7400.000000 -93.846062
7450.000000 -92.971466
7500.000000 -93.001022
7550.000000 -93.332932
7600.000000 -94.496284
7650.000000 -91.056892
7700.000000 -93.314491
7750.000000 -93.582542
7800.000000 -96.576309
7850.000000 -91.209702
7900.000000 -91.958908
7950.000000 -95.206779
8000.000000 -96.505112
8050.000000 -94.151566
8100.000000 -93.066391
8150.000000 -95.376343
8200.000000 -91.720642
8250.000000 -93.042564
8300.000000 -92.895096
8350.000000 -93.162369
8400.000000 -91.985207
8450.000000 -94.891991
8500.000000 -94.239883
8550.000000 -93.532043
8600.000000 -90.014404
8650.000000 -91.483757
8700.000000 -90.339470
8750.000000 -90.449112
8800.000000 -92.489426
8850.000000 -91.104362
8900.000000 -92.225533
8950.000000 -92.534203
9000.000000 -78.485481
9050.000000 -73.355698
9100.000000 -70.205391
9150.000000 -68.081062
9200.000000 -65.979614
9250.000000 -64.608063
9300.000000 -63.140789
9350.000000 -62.279438
9400.000000 -61.361343
9450.000000 -60.594288
9500.000000 -59.950573
9550.000000 -59.253082
9600.000000 -58.819691
9650.000000 -58.199451
9700.000000 -57.610691
9750.000000 -57.353226
9800.000000 -57.055637
9850.000000 -56.498344
9900.000000 -56.366768
9950.000000 -56.048183
10000.000000 -55.778530
10050.000000 -55.459839
10100.000000 -55.250523
10150.000000 -55.162445
10200.000000 -55.122898
10250.000000 -55.030338
10300.000000 -54.887764
10350.000000 -54.777084
10400.000000 -54.773159
10450.000000 -54.675545
10500.000000 -54.651737
10550.000000 -54.704094
10600.000000 -54.693584
10650.000000 -54.736713
10700.000000 -54.697109
10750.000000 -54.782749
10800.000000 -54.935349
10850.000000 -54.915546
10900.000000 -55.157360
10950.000000 -55.170422
11000.000000 -55.339115
11050.000000 -55.616524
11100.000000 -55.823318
11150.000000 -55.889202
11200.000000 -56.223671
11250.000000 -56.654915
11300.000000 -56.745552
11350.000000 -57.002636
11400.000000 -57.334873
11450.000000 -57.578541
11500.000000 -58.070816
11550.000000 -58.415955
11600.000000 -58.796013
11650.000000 -59.360275
11700.000000 -59.881794
11750.000000 -60.377464
11800.000000 -60.941757
11850.000000 -61.325142
11900.000000 -62.012039
11950.000000 -62.454533
12000.000000 -63.248379
12050.000000 -63.541065
12100.000000 -63.887806
12150.000000 -64.361229
12200.000000 -64.785736
12250.000000 -64.923180
12300.000000 -64.892395
12350.000000 -64.733009
12400.000000 -64.712471
12450.000000 -64.425629
12500.000000 -63.790688
12550.000000 -63.368454
12600.000000 -63.089371
12650.000000 -62.331112
12700.000000 -62.116253
12750.000000 -61.588131
12800.000000 -61.143799
12850.000000 -60.712601
12900.000000 -60.311546
12950.000000 -59.969173
13000.000000 -59.530869
13050.000000 -59.238861
13100.000000 -58.857609
13150.000000 -58.699406
13200.000000 -58.359592
13250.000000 -58.239506
13300.000000 -57.885681
13350.000000 -57.887032
13400.000000 -57.841530
13450.000000 -57.610088
13500.000000 -57.495495
13550.000000 -57.451698
13600.000000 -57.237999
13650.000000 -57.232407
13700.000000 -57.182339
13750.000000 -57.178986
13800.000000 -57.078899
13850.000000 -57.190678
13900.000000 -57.133797
13950.000000 -57.189240
14000.000000 -57.316364
14050.000000 -57.257206
14100.000000 -57.428406
14150.000000 -57.440441
14200.000000 -57.455753
14250.000000 -57.484974
14300.000000 -57.776237
14350.000000 -57.852291
14400.000000 -58.011055
14450.000000 -58.185135
14500.000000 -58.360252
14550.000000 -58.384869
14600.000000 -58.660118
14650.000000 -58.988152
14700.000000 -59.177040
14750.000000 -59.406815
14800.000000 -59.727581
14850.000000 -59.716290
14900.000000 -59.967587
14950.000000 -60.293434
15000.000000 -60.450581
15050.000000 -60.746185
15100.000000 -61.027706
15150.000000 -61.171509
15200.000000 -61.528507
15250.000000 -61.612991
15300.000000 -61.716213
15350.000000 -61.806633
15400.000000 -61.735615
15450.000000 -62.091770
15500.000000 -61.914509
15550.000000 -61.883011
15600.000000 -61.837364
15650.000000 -61.954418
15700.000000 -61.699276
15750.000000 -61.612675
15800.000000 -61.559696
15850.000000 -61.328537
15900.000000 -61.284786
15950.000000 -61.005806
16000.000000 -60.743587
16050.000000 -60.623573
16100.000000 -60.481625
16150.000000 -60.256908
16200.000000 -59.902473
16250.000000 -59.811085
16300.000000 -59.689392
16350.000000 -59.478912
16400.000000 -59.488651
16450.000000 -59.262695
16500.000000 -59.248219
16550.000000 -59.065639
16600.000000 -58.930893
16650.000000 -58.811943
16700.000000 -58.767899
16750.000000 -58.673759
16800.000000 -58.772388
16850.000000 -58.607121
16900.000000 -58.512352
16950.000000 -58.583668
17000.000000 -58.546818
17050.000000 -58.548050
17100.000000 -58.431652
17150.000000 -58.463131
17200.000000 -58.569717
17250.000000 -58.553547
17300.000000 -58.634823
17350.000000 -58.597870
17400.000000 -58.619999
17450.000000 -58.821430
17500.000000 -58.842285
17550.000000 -58.921288
17600.000000 -59.134468
17650.000000 -59.254055
17700.000000 -59.406445
17750.000000 -59.554504
17800.000000 -59.604130
17850.000000 -59.528606
17900.000000 -59.664997
17950.000000 -59.813160
18000.000000 -60.067593
18050.000000 -60.061180
18100.000000 -60.300152
18150.000000 -60.370266
18200.000000 -60.492981
18250.000000 -60.647530
18300.000000 -60.665684
18350.000000 -60.599682
18400.000000 -60.843639
18450.000000 -60.938065
18500.000000 -61.044434
18550.000000 -60.972092
18600.000000 -61.003574
18650.000000 -61.031887
18700.000000 -61.056248
18750.000000 -61.234684
18800.000000 -61.056099
18850.000000 -60.980247
18900.000000 -60.958763
18950.000000 -60.901817
19000.000000 -60.784981
19050.000000 -60.587761
19100.000000 -60.644386
19150.000000 -60.688320
19200.000000 -60.538830
19250.000000 -60.465111
19300.000000 -60.284801
19350.000000 -60.293571
19400.000000 -60.051311
19450.000000 -59.957954
19500.000000 -59.994968
19550.000000 -59.928860
19600.000000 -59.883755
19650.000000 -59.840317
19700.000000 -59.878262
19750.000000 -59.852947
19800.000000 -59.660282
19850.000000 -59.762459
19900.000000 -59.634068
19950.000000 -59.503662
20000.000000 -59.565845
20050.000000 -59.498158
20100.000000 -59.637371
20150.000000 -59.535641
20200.000000 -59.608692
20250.000000 -59.637623
20300.000000 -59.669594
20350.000000 -59.756790
20400.000000 -59.647038
20450.000000 -59.932404
20500.000000 -59.772911
20550.000000 -59.845654
20600.000000 -59.940170
20650.000000 -59.920708
20700.000000 -59.841743
20750.000000 -60.069462
20800.000000 -60.096626
20850.000000 -60.096626
20900.000000 -60.225021
20950.000000 -60.344719
21000.000000 -60.523335
21050.000000 -60.430920
21100.000000 -60.587620
21150.000000 -60.590740
21200.000000 -60.717926
21250.000000 -60.627132
21300.000000 -60.753700
21350.000000 -60.746185
21400.000000 -60.844517
21450.000000 -60.911674
21500.000000 -60.817535
21550.000000 -60.901524
21600.000000 -60.955063
21650.000000 -60.756302
21700.000000 -60.837509
21750.000000 -61.060143
21800.000000 -60.935997
21850.000000 -61.027859
21900.000000 -61.040546
21950.000000 -60.953285
22000.000000 -60.779613
22050.000000 -60.884338
22100.000000 -60.880230
22150.000000 -60.843788
22200.000000 -60.837799
22250.000000 -60.709435
22300.000000 -60.569485
22350.000000 -60.495926
22400.000000 -60.470005
22450.000000 -60.541794
22500.000000 -60.254177
22550.000000 -60.363079
22600.000000 -60.333557
22650.000000 -60.251175
22700.000000 -60.247765
22750.000000 -60.330250
22800.000000 -60.145275
22850.000000 -60.158764
22900.000000 -60.290142
22950.000000 -60.244492
23000.000000 -60.319244
23050.000000 -60.325848
23100.000000 -60.228287
23150.000000 -60.136116
23200.000000 -60.321033
23250.000000 -60.239723
23300.000000 -60.264828
23350.000000 -60.368607
23400.000000 -60.370544
23450.000000 -60.419369
23500.000000 -60.537704
23550.000000 -60.357830
23600.000000 -60.357552
23650.000000 -60.604511
23700.000000 -60.721237
23750.000000 -60.694206
23800.000000 -60.653099
23850.000000 -60.852993
23900.000000 -60.873196
23950.000000 -60.729450
24000.000000 -60.868652
24050.000000 -60.961575
24100.000000 -60.823215
24150.000000 -61.008335
24200.000000 -60.885658
24250.000000 -60.909908
24300.000000 -61.058643
24350.000000 -60.943531
24400.000000 -61.054901
24450.000000 -61.168781
24500.000000 -61.123714
24550.000000 -61.082630
24600.000000 -61.059242
24650.000000 -61.040997
24700.000000 -61.022339
24750.000000 -61.002087
24800.000000 -61.113461
24850.000000 -61.037262
24900.000000 -61.190338
24950.000000 -61.018166
25000.000000 -61.030392
25050.000000 -61.044731
25100.000000 -60.988708
25150.000000 -60.931129
25200.000000 -60.886246
25250.000000 -60.818848
25300.000000 -60.851093
25350.000000 -60.823509
25400.000000 -60.782078
25450.000000 -60.784252
25500.000000 -60.801388
25550.000000 -60.806911
25600.000000 -60.861038
25650.000000 -60.733917
25700.000000 -60.785561
25750.000000 -60.630127
25800.000000 -60.628414
25850.000000 -60.707996
25900.000000 -60.590172
25950.000000 -60.832111
26000.000000 -60.733776
26050.000000 -60.576706
26100.000000 -60.652813
26150.000000 -60.563263
26200.000000 -60.801678
26250.000000 -60.759193
26300.000000 -60.601387
26350.000000 -60.796738
26400.000000 -60.853287
26450.000000 -60.797318
26500.000000 -60.845245
26550.000000 -60.926998
26600.000000 -60.974613
26650.000000 -60.953732
26700.000000 -61.014294
26750.000000 -60.975651
26800.000000 -60.993462
26850.000000 -61.078880
26900.000000 -61.179855
26950.000000 -61.156357
27000.000000 -61.158932
27050.000000 -61.258858
27100.000000 -61.209511
27150.000000 -61.197334
27200.000000 -61.285557
27250.000000 -61.209057
27300.000000 -61.212864
27350.000000 -61.309563
27400.000000 -61.290939
27450.000000 -61.227962
27500.000000 -61.129448
27550.000000 -61.163174
27600.000000 -61.145462
27650.000000 -61.144253
27700.000000 -61.202965
27750.000000 -61.157265
27800.000000 -61.252579
27850.000000 -61.108192
27900.000000 -61.091946
27950.000000 -61.226437
28000.000000 -61.133072
28050.000000 -61.299397
28100.000000 -61.174240
28150.000000 -61.137299
28200.000000 -61.087585
28250.000000 -61.112709
28300.000000 -61.130051
28350.000000 -61.132618
28400.000000 -60.970608
28450.000000 -61.038307
28500.000000 -61.022339
28550.000000 -61.024426
28600.000000 -60.984402
28650.000000 -61.102322
28700.000000 -61.119038
28750.000000 -61.004616
28800.000000 -61.207531
28850.000000 -61.179096
28900.000000 -61.168175
28950.000000 -61.171661
29000.000000 -61.281563
29050.000000 -61.356846
29100.000000 -61.613949
29150.000000 -61.617142
29200.000000 -61.694439
29250.000000 -61.804024
29300.000000 -62.015381
29350.000000 -62.068359
29400.000000 -62.253803
29450.000000 -62.398975
29500.000000 -62.352806
29550.000000 -62.448555
29600.000000 -62.724701
29650.000000 -62.898739
29700.000000 -62.873795
29750.000000 -63.107170
29800.000000 -63.138309
29850.000000 -63.373924
29900.000000 -63.377247
29950.000000 -63.537079
30000.000000 -63.576805
30050.000000 -63.789661
30100.000000 -63.779415
30150.000000 -63.884697
30200.000000 -63.968845
30250.000000 -64.055084
30300.000000 -64.002823
30350.000000 -64.409538
30400.000000 -64.414169
30450.000000 -64.417030
30500.000000 -64.509644
30550.000000 -64.600105
30600.000000 -64.723419
30650.000000 -65.053101
30700.000000 -64.914772
30750.000000 -65.066864
30800.000000 -65.045990
30850.000000 -65.280861
30900.000000 -65.234489
30950.000000 -65.374352
31000.000000 -65.362053
31050.000000 -65.646286
31100.000000 -65.812386
31150.000000 -65.625237
31200.000000 -65.990700
31250.000000 -66.123260
31300.000000 -66.338058
31350.000000 -66.372498
31400.000000 -66.308418
31450.000000 -66.427872
31500.000000 -66.719398
31550.000000 -66.816467
31600.000000 -66.963837
31650.000000 -67.065781
31700.000000 -67.118256
31750.000000 -67.362587
31800.000000 -67.274864
31850.000000 -67.253448
31900.000000 -67.585373
31950.000000 -67.586006
32000.000000 -67.670212
32050.000000 -67.774681
32100.000000 -67.948341
32150.000000 -68.134995
32200.000000 -68.257584
32250.000000 -67.949661
32300.000000 -68.121140
32350.000000 -68.387840
32400.000000 -68.409798
32450.000000 -68.691063
32500.000000 -68.629990
32550.000000 -68.775459
32600.000000 -68.848206
32650.000000 -69.008614
32700.000000 -69.089378
32750.000000 -69.351440
32800.000000 -69.187302
32850.000000 -69.265518
32900.000000 -69.056229
32950.000000 -69.138580
33000.000000 -69.360779
33050.000000 -69.704704
33100.000000 -69.428795
33150.000000 -70.139977
33200.000000 -70.028252
33250.000000 -70.257904
33300.000000 -70.221283
33350.000000 -69.986725
33400.000000 -70.352112
33450.000000 -70.257469
33500.000000 -70.960381
33550.000000 -70.885345
33600.000000 -70.780167
33650.000000 -71.127693
33700.000000 -71.121490
33750.000000 -71.131989
33800.000000 -71.304626
33850.000000 -71.295380
33900.000000 -71.188515
33950.000000 -71.880997
34000.000000 -71.543610
34050.000000 -71.891411
34100.000000 -72.107193
34150.000000 -72.262413
34200.000000 -72.435982
34250.000000 -72.347672
34300.000000 -72.273842
34350.000000 -72.306580
34400.000000 -72.529137
34450.000000 -72.639748
34500.000000 -72.884552
34550.000000 -72.715614
34600.000000 -72.929062
34650.000000 -73.081894
34700.000000 -73.326759
34750.000000 -73.258179
34800.000000 -72.874039
34850.000000 -73.304657
34900.000000 -73.034813
34950.000000 -73.799828
35000.000000 -73.476181
35050.000000 -74.172516
35100.000000 -73.937225
35150.000000 -74.379593
35200.000000 -74.371964
35250.000000 -74.670303
35300.000000 -74.436684
35350.000000 -75.084732
35400.000000 -74.678917
35450.000000 -75.071945
35500.000000 -75.205994
35550.000000 -75.288811
35600.000000 -75.359985
35650.000000 -75.575493
35700.000000 -75.425491
35750.000000 -75.799751
35800.000000 -75.567535
35850.000000 -75.293434
35900.000000 -75.700623
35950.000000 -75.801392
36000.000000 -75.519928
36050.000000 -75.718414
36100.000000 -76.072014
36150.000000 -75.785057
36200.000000 -76.263840
36250.000000 -75.963913
36300.000000 -76.696854
36350.000000 -76.621071
36400.000000 -75.998962
36450.000000 -76.822807
36500.000000 -77.021805
36550.000000 -76.932899
36600.000000 -76.910583
36650.000000 -77.042526
36700.000000 -76.785194
36750.000000 -77.013344
36800.000000 -77.076530
36850.000000 -77.179375
36900.000000 -77.542213
36950.000000 -77.616432
37000.000000 -77.169800
37050.000000 -77.992104
37100.000000 -77.968994
37150.000000 -77.963753
37200.000000 -77.342773
37250.000000 -77.268913
37300.000000 -77.139236
37350.000000 -77.773987
37400.000000 -77.137329
37450.000000 -77.976341
37500.000000 -78.111778
37550.000000 -77.672012
37600.000000 -78.681389
37650.000000 -78.152397
37700.000000 -78.684807
37750.000000 -78.623512
37800.000000 -79.793861
37850.000000 -79.778343
37900.000000 -79.210747
37950.000000 -79.035820
38000.000000 -80.441284
38050.000000 -79.348587
38100.000000 -80.189735
38150.000000 -79.391731
38200.000000 -79.511177
38250.000000 -80.664398
38300.000000 -81.297867
38350.000000 -80.680153
38400.000000 -80.134369
38450.000000 -80.241364
38500.000000 -80.765129
38550.000000 -80.590317
38600.000000 -81.519196
38650.000000 -81.420303
38700.000000 -81.786919
38750.000000 -81.497116
38800.000000 -81.522354
38850.000000 -81.432800
38900.000000 -81.571449
38950.000000 -81.565094
39000.000000 -81.826080
39050.000000 -81.673691
39100.000000 -81.242638
39150.000000 -81.648018
39200.000000 -81.351898
39250.000000 -81.754417
39300.000000 -81.832626
39350.000000 -82.351944
39400.000000 -81.304024
39450.000000 -82.639877
39500.000000 -81.546074
39550.000000 -82.275826
39600.000000 -82.183311
39650.000000 -83.203812
39700.000000 -83.798691
39750.000000 -82.808540
39800.000000 -82.806709
39850.000000 -84.221352
39900.000000 -83.450691
39950.000000 -83.549843
40000.000000 -85.076614
