0.000000 -83.577812
50.000000 -82.629112
100.000000 -84.056999
150.000000 -83.462524
200.000000 -83.198059
250.000000 -83.171288
300.000000 -84.517227
350.000000 -84.561935
400.000000 -83.906082
450.000000 -82.616562
500.000000 -82.497368
550.000000 -83.551842
600.000000 -82.612976
650.000000 -83.421158
700.000000 -83.211479
750.000000 -82.986153
800.000000 -83.535896
850.000000 -83.640060
900.000000 -82.191833
950.000000 -82.984283
1000.000000 -83.209557
1050.000000 -83.916473
1100.000000 -82.679482
1150.000000 -81.961235
1200.000000 -83.640060
1250.000000 -83.458580
1300.000000 -83.774101
1350.000000 -83.804855
1400.000000 -82.766525
1450.000000 -82.885803
1500.000000 -84.152672
1550.000000 -84.006401
1600.000000 -84.546257
1650.000000 -84.008499
1700.000000 -85.071861
1750.000000 -83.484276
1800.000000 -84.336311
1850.000000 -84.325401
1900.000000 -83.839836
1950.000000 -83.589821
2000.000000 -84.640724
2050.000000 -84.129189
2100.000000 -84.772881
2150.000000 -83.954010
2200.000000 -83.922722
2250.000000 -84.942131
2300.000000 -85.888550
2350.000000 -84.292763
2400.000000 -82.956299
2450.000000 -83.492195
2500.000000 -83.514015
2550.000000 -83.745491
2600.000000 -83.763870
2650.000000 -84.622650
2700.000000 -84.704269
2750.000000 -84.186943
2800.000000 -85.264236
2850.000000 -84.939789
2900.000000 -84.165504
2950.000000 -84.740799
3000.000000 -84.559692
3050.000000 -83.850159
3100.000000 -83.678436
3150.000000 -86.017433
3200.000000 -84.238609
3250.000000 -83.813072
3300.000000 -83.733261
3350.000000 -84.830475
3400.000000 -83.531914
3450.000000 -83.808960
3500.000000 -84.618134
3550.000000 -84.247246
3600.000000 -85.568192
3650.000000 -85.972504
3700.000000 -85.613602
3750.000000 -87.651016
3800.000000 -84.486069
3850.000000 -85.036285
3900.000000 -85.901619
3950.000000 -86.070587
4000.000000 -85.048126
4050.000000 -86.253799
4100.000000 -85.730743
4150.000000 -86.550140
4200.000000 -86.995224
4250.000000 -89.604424
4300.000000 -87.205330
4350.000000 -90.022804
4400.000000 -87.622284
4450.000000 -87.232712
4500.000000 -88.367340
4550.000000 -88.274071
4600.000000 -88.729004
4650.000000 -87.514580
4700.000000 -88.381279
4750.000000 -87.275490
4800.000000 -89.228249
4850.000000 -90.291664
4900.000000 -86.129440
4950.000000 -89.741653
5000.000000 -89.811096
5050.000000 -88.137711
5100.000000 -89.688927
5150.000000 -88.451088
5200.000000 -88.236359
5250.000000 -88.215858
5300.000000 -89.806999
5350.000000 -88.649719
5400.000000 -89.477211
5450.000000 -88.046860
5500.000000 -88.521507
5550.000000 -88.739876
5600.000000 -89.418221
5650.000000 -91.639275
5700.000000 -90.930023
5750.000000 -90.713501
5800.000000 -90.754547
5850.000000 -87.389549
5900.000000 -87.081650
5950.000000 -92.601799
6000.000000 -90.166870
6050.000000 -90.520020
6100.000000 -93.761642
6150.000000 -93.990829
6200.000000 -88.710922
6250.000000 -92.001022
6300.000000 -89.548538
6350.000000 -92.053955
6400.000000 -93.544640
6450.000000 -91.553650
6500.000000 -92.953781
6550.000000 -92.107208
6600.000000 -93.748726
6650.000000 -93.222900
6700.000000 -90.043839
6750.000000 -91.248329
6800.000000 -96.098221
6850.000000 -90.081833
6900.000000 -88.412605
6950.000000 -95.709541
7000.000000 -89.926689
7050.000000 -91.272560
7100.000000 -91.463898
7150.000000 -91.603912
7200.000000 -90.111504
7250.000000 -89.493011
7300.000000 -91.838959
7350.000000 -92.472702
7400.000000 -93.684433
7450.000000 -89.745728
7500.000000 -92.461563
7550.000000 -90.618469
7600.000000 -92.877563
7650.000000 -94.377541
7700.000000 -93.639709
7750.000000 -90.154060
7800.000000 -93.042564
7850.000000 -92.075218
7900.000000 -91.710426
7950.000000 -91.498688
8000.000000 -92.738586
8050.000000 -90.818787
8100.000000 -91.761612
8150.000000 -92.384010
8200.000000 -91.311462
8250.000000 -93.090286
8300.000000 -92.590492
8350.000000 -94.070824
8400.000000 -91.118652
8450.000000 -91.350548
8500.000000 -96.338326
8550.000000 -92.652840
8600.000000 -92.930260
8650.000000 -92.664223
8700.000000 -91.654472
8750.000000 -96.157631
8800.000000 -92.953781
8850.000000 -80.039322
8900.000000 -74.875786
8950.000000 -71.416389
9000.000000 -68.752563
9050.000000 -67.150497
9100.000000 -65.393349
9150.000000 -64.450592
9200.000000 -63.033566
9250.000000 -62.256035
9300.000000 -61.622574
9350.000000 -60.884487
9400.000000 -60.224476
9450.000000 -59.647930
9500.000000 -59.072788
9550.000000 -58.867725
9600.000000 -58.396763
9650.000000 -58.021816
9700.000000 -57.650646
9750.000000 -57.322205
9800.000000 -58.306648
9850.000000 -58.114231
9900.000000 -58.106342
9950.000000 -57.995365
10000.000000 -57.817272
10050.000000 -57.931206
10100.000000 -57.854465
10150.000000 -57.895973
10200.000000 -57.947723
10250.000000 -58.000626
10300.000000 -58.008842
10350.000000 -58.263134
10400.000000 -58.379475
10450.000000 -58.439404
10500.000000 -58.731174
10550.000000 -58.957886
10600.000000 -59.187534
10650.000000 -59.403721
10700.000000 -59.900898
10750.000000 -60.254314
10800.000000 -60.715908
10850.000000 -61.018612
10900.000000 -61.662926
10950.000000 -62.352631
11000.000000 -62.697178
11050.000000 -63.219147
11100.000000 -64.000298
11150.000000 -64.808533
11200.000000 -65.558372
11250.000000 -66.002327
11300.000000 -67.069664
11350.000000 -67.475304
11400.000000 -68.062935
11450.000000 -68.129250
11500.000000 -68.284370
11550.000000 -68.026459
11600.000000 -67.811745
11650.000000 -67.147797
11700.000000 -66.410667
11750.000000 -65.888802
11800.000000 -65.317451
11850.000000 -64.291443
11900.000000 -63.966335
11950.000000 -63.555820
12000.000000 -62.736862
12050.000000 -62.480946
12100.000000 -61.972195
12150.000000 -61.486568
12200.000000 -61.349258
12250.000000 -61.123112
12300.000000 -60.545883
12350.000000 -60.543346
12400.000000 -60.344166
12450.000000 -60.145142
12500.000000 -59.924126
12550.000000 -59.620228
12600.000000 -59.607300
12650.000000 -59.619213
12700.000000 -59.615791
12750.000000 -59.450996
12800.000000 -59.559040
12850.000000 -59.539787
12900.000000 -59.617058
12950.000000 -59.765556
13000.000000 -59.804993
13050.000000 -59.983051
13100.000000 -60.110977
13150.000000 -60.113663
13200.000000 -60.388405
13250.000000 -60.566513
13300.000000 -60.926407
13350.000000 -60.932018
13400.000000 -61.397072
13450.000000 -61.695248
13500.000000 -61.872974
13550.000000 -62.303593
13600.000000 -62.471779
13650.000000 -62.792252
13700.000000 -63.128803
13750.000000 -63.232407
13800.000000 -63.880554
13850.000000 -64.202187
13900.000000 -64.425629
13950.000000 -64.716576
14000.000000 -64.947044
14050.000000 -64.775856
14100.000000 -65.040070
14150.000000 -65.054520
14200.000000 -65.024925
14250.000000 -64.883789
14300.000000 -64.741470
14350.000000 -64.637772
14400.000000 -64.162071
14450.000000 -63.992321
14500.000000 -63.646706
14550.000000 -63.456005
14600.000000 -63.095051
14650.000000 -62.959831
14700.000000 -62.688503
14750.000000 -62.289093
14800.000000 -62.036633
14850.000000 -61.823132
14900.000000 -61.643845
14950.000000 -61.558586
15000.000000 -61.214996
15050.000000 -61.216217
15100.000000 -61.124016
15150.000000 -61.023682
15200.000000 -61.008633
15250.000000 -60.932899
15300.000000 -60.772511
15350.000000 -60.976837
15400.000000 -60.716774
15450.000000 -60.760784
15500.000000 -60.812294
15550.000000 -60.846416
15600.000000 -60.939983
15650.000000 -60.967499
15700.000000 -60.965275
15750.000000 -61.147732
15800.000000 -61.269283
15850.000000 -61.306480
15900.000000 -61.488613
15950.000000 -61.617783
16000.000000 -61.720089
16050.000000 -61.758141
16100.000000 -61.808754
16150.000000 -62.026421
16200.000000 -62.337353
16250.000000 -62.504078
16300.000000 -62.665234
16350.000000 -62.633770
16400.000000 -62.746132
16450.000000 -62.944935
16500.000000 -63.144402
16550.000000 -63.266315
16600.000000 -63.243179
16650.000000 -63.383701
16700.000000 -63.285446
16750.000000 -63.361229
16800.000000 -63.444569
16850.000000 -63.423904
16900.000000 -63.465878
16950.000000 -63.311214
17000.000000 -63.209362
17050.000000 -63.209171
17100.000000 -63.041271
17150.000000 -62.795544
17200.000000 -62.826504
17250.000000 -62.676411
17300.000000 -62.533302
17350.000000 -62.282711
17400.000000 -62.335281
17450.000000 -62.139790
17500.000000 -61.900311
17550.000000 -61.833107
17600.000000 -61.904602
17650.000000 -61.753273
17700.000000 -61.762199
17750.000000 -61.746788
17800.000000 -61.687840
17850.000000 -61.669506
17900.000000 -61.683979
17950.000000 -61.802391
18000.000000 -61.585587
18050.000000 -61.613949
18100.000000 -61.697178
18150.000000 -61.728657
18200.000000 -61.594181
18250.000000 -61.672562
18300.000000 -61.519661
18350.000000 -61.657791
18400.000000 -61.639202
18450.000000 -61.654263
18500.000000 -61.762035
18550.000000 -61.683655
18600.000000 -61.868206
18650.000000 -61.907738
18700.000000 -61.907738
18750.000000 -62.007362
18800.000000 -62.078625
18850.000000 -62.108814
18900.000000 -62.149799
18950.000000 -62.017555
19000.000000 -62.193878
19050.000000 -62.188931
19100.000000 -62.174110
19150.000000 -62.471428
19200.000000 -62.208393
19250.000000 -62.400200
19300.000000 -62.559601
19350.000000 -62.711292
19400.000000 -62.684711
19450.000000 -62.638435
19500.000000 -62.680920
19550.000000 -62.697357
19600.000000 -62.568325
19650.000000 -62.601879
19700.000000 -62.533657
19750.000000 -62.560135
19800.000000 -62.600986
19850.000000 -62.378387
19900.000000 -62.379257
19950.000000 -62.280300
20000.000000 -62.313274
20050.000000 -62.239723
20100.000000 -62.155235
20150.000000 -62.155914
20200.000000 -62.148441
20250.000000 -62.111519
20300.000000 -62.092442
20350.000000 -62.233551
20400.000000 -62.133858
20450.000000 -61.998013
20500.000000 -62.045185
20550.000000 -61.941483
20600.000000 -61.903446
20650.000000 -61.928566
20700.000000 -61.758465
20750.000000 -61.806160
20800.000000 -61.803696
20850.000000 -61.783005
20900.000000 -61.824928
20950.000000 -61.977852
21000.000000 -61.811691
21050.000000 -61.956909
21100.000000 -61.774708
21150.000000 -61.972363
21200.000000 -61.796032
21250.000000 -61.808266
21300.000000 -62.085194
21350.000000 -61.997181
21400.000000 -61.959068
21450.000000 -62.013542
21500.000000 -62.149799
21550.000000 -62.185013
21600.000000 -62.329033
21650.000000 -62.217628
21700.000000 -62.334927
21750.000000 -62.289955
21800.000000 -62.206856
21850.000000 -62.247303
21900.000000 -62.287022
21950.000000 -62.161182
22000.000000 -62.190468
22050.000000 -62.185863
22100.000000 -62.132504
22150.000000 -62.307224
22200.000000 -62.322796
22250.000000 -62.346901
22300.000000 -62.443287
22350.000000 -62.321583
22400.000000 -62.485180
22450.000000 -62.229099
22500.000000 -62.333885
22550.000000 -62.446800
22600.000000 -62.374207
22650.000000 -62.242470
22700.000000 -62.422768
22750.000000 -62.242641
22800.000000 -62.272202
22850.000000 -62.257927
22900.000000 -62.182796
22950.000000 -62.107803
23000.000000 -62.123188
23050.000000 -62.245045
23100.000000 -62.086037
23150.000000 -62.087555
23200.000000 -62.144032
23250.000000 -62.093624
23300.000000 -62.179558
23350.000000 -62.135212
23400.000000 -61.978687
23450.000000 -61.856052
23500.000000 -61.999184
23550.000000 -61.906914
23600.000000 -61.903610
23650.000000 -62.028259
23700.000000 -61.990513
23750.000000 -62.024242
23800.000000 -61.957905
23850.000000 -61.981018
23900.000000 -61.983181
23950.000000 -61.891079
24000.000000 -61.898499
24050.000000 -61.757004
24100.000000 -62.001183
24150.000000 -62.006527
24200.000000 -62.006527
24250.000000 -61.902786
24300.000000 -62.050049
24350.000000 -62.062645
24400.000000 -62.085869
24450.000000 -61.992512
24500.000000 -62.039150
24550.000000 -62.120991
24600.000000 -62.069370
24650.000000 -62.131485
24700.000000 -62.095142
24750.000000 -62.082668
24800.000000 -62.093960
24850.000000 -62.092106
24900.000000 -62.154556
24950.000000 -62.285469
25000.000000 -62.247448
25050.000000 -62.195072
25100.000000 -62.349678
25150.000000 -62.242813
25200.000000 -62.310680
25250.000000 -62.331112
25300.000000 -62.288921
25350.000000 -62.238354
25400.000000 -62.315697
25450.000000 -62.274960
25500.000000 -62.273754
25550.000000 -62.162373
25600.000000 -62.162880
25650.000000 -62.301868
25700.000000 -62.056427
25750.000000 -62.130470
25800.000000 -62.143692
25850.000000 -62.238010
25900.000000 -62.023575
25950.000000 -62.094646
26000.000000 -62.022404
26050.000000 -62.027927
26100.000000 -61.863605
26150.000000 -61.894047
26200.000000 -62.164242
26250.000000 -61.947617
26300.000000 -61.924263
26350.000000 -61.897839
26400.000000 -61.809246
26450.000000 -62.000519
26500.000000 -61.815941
26550.000000 -61.772434
26600.000000 -61.844574
26650.000000 -61.714439
26700.000000 -61.942806
26750.000000 -61.961723
26800.000000 -61.947781
26850.000000 -61.806633
26900.000000 -61.746464
26950.000000 -61.993511
27000.000000 -61.854248
27050.000000 -61.831146
27100.000000 -61.722198
27150.000000 -61.669025
27200.000000 -61.767395
27250.000000 -61.658752
27300.000000 -61.696533
27350.000000 -61.668064
27400.000000 -61.690414
27450.000000 -61.746464
27500.000000 -61.678024
27550.000000 -61.695408
27600.000000 -61.714115
27650.000000 -61.730759
27700.000000 -61.684940
27750.000000 -61.637123
27800.000000 -61.657951
27850.000000 -61.863441
27900.000000 -61.751492
27950.000000 -61.642086
28000.000000 -61.780563
28050.000000 -61.834419
28100.000000 -61.766422
28150.000000 -61.760090
28200.000000 -61.898827
28250.000000 -61.937172
28300.000000 -61.956409
28350.000000 -61.921452
28400.000000 -61.963055
28450.000000 -61.862949
28500.000000 -61.901138
28550.000000 -61.991676
28600.000000 -62.092274
28650.000000 -61.980019
28700.000000 -61.772923
28750.000000 -61.809898
28800.000000 -61.906418
28850.000000 -61.752464
28900.000000 -61.911205
28950.000000 -61.879059
29000.000000 -61.881859
29050.000000 -62.062141
29100.000000 -62.298931
29150.000000 -62.398975
29200.000000 -62.463329
29250.000000 -62.726334
29300.000000 -62.739769
29350.000000 -63.010292
29400.000000 -63.081432
29450.000000 -63.390358
29500.000000 -63.233559
29550.000000 -63.210129
29600.000000 -63.620930
29650.000000 -63.736107
29700.000000 -63.723686
29750.000000 -64.048119
29800.000000 -63.974709
29850.000000 -63.827881
29900.000000 -63.908360
29950.000000 -64.266495
30000.000000 -64.171494
30050.000000 -64.437553
30100.000000 -64.650444
30150.000000 -64.659958
30200.000000 -64.654289
30250.000000 -64.748573
30300.000000 -64.911270
30350.000000 -64.979431
30400.000000 -64.896118
30450.000000 -65.277695
30500.000000 -65.299866
30550.000000 -65.349289
30600.000000 -65.367958
30650.000000 -65.544563
30700.000000 -65.565666
30750.000000 -65.786285
30800.000000 -65.958008
30850.000000 -65.902130
30900.000000 -65.990967
30950.000000 -66.174911
31000.000000 -66.317734
31050.000000 -66.505447
31100.000000 -66.492561
31150.000000 -66.620285
31200.000000 -66.905235
31250.000000 -66.820244
31300.000000 -67.043983
31350.000000 -67.195602
31400.000000 -67.407867
31450.000000 -67.342194
31500.000000 -67.301239
31550.000000 -67.443398
31600.000000 -67.564766
31650.000000 -67.564453
31700.000000 -67.706833
31750.000000 -67.805557
31800.000000 -67.949661
31850.000000 -68.043839
31900.000000 -68.119789
31950.000000 -68.119453
32000.000000 -68.129921
32050.000000 -68.618546
32100.000000 -68.777649
32150.000000 -68.740593
32200.000000 -68.792221
32250.000000 -69.021713
32300.000000 -68.533524
32350.000000 -68.924522
32400.000000 -69.194168
32450.000000 -69.295219
32500.000000 -69.162910
32550.000000 -69.562859
32600.000000 -69.355324
32650.000000 -69.572433
32700.000000 -69.871162
32750.000000 -69.918785
32800.000000 -69.815590
32850.000000 -70.014389
32900.000000 -70.175827
32950.000000 -70.443359
33000.000000 -70.443359
33050.000000 -70.607658
33100.000000 -70.585663
33150.000000 -70.683960
33200.000000 -70.696663
33250.000000 -70.380959
33300.000000 -70.892769
33350.000000 -70.817848
33400.000000 -71.369644
33450.000000 -71.198616
33500.000000 -71.161644
33550.000000 -71.390282
33600.000000 -71.416878
33650.000000 -71.452003
33700.000000 -71.856049
33750.000000 -71.811012
33800.000000 -71.951019
33850.000000 -71.701736
33900.000000 -72.295654
33950.000000 -72.048096
34000.000000 -72.656807
34050.000000 -72.514008
34100.000000 -72.543167
34150.000000 -72.638611
34200.000000 -72.549347
34250.000000 -72.790421
34300.000000 -72.773682
34350.000000 -73.397118
34400.000000 -73.156921
34450.000000 -73.530762
34500.000000 -73.771317
34550.000000 -74.026047
34600.000000 -73.983513
34650.000000 -73.302818
34700.000000 -73.660103
34750.000000 -73.975563
34800.000000 -74.205788
34850.000000 -73.957031
34900.000000 -73.724213
34950.000000 -74.256950
35000.000000 -74.438782
35050.000000 -74.186760
35100.000000 -74.924408
35150.000000 -74.655968
35200.000000 -75.423927
35250.000000 -74.394180
35300.000000 -75.038940
35350.000000 -74.538567
35400.000000 -75.015770
35450.000000 -75.698204
35500.000000 -75.074951
35550.000000 -76.201134
35600.000000 -75.860435
35650.000000 -75.655502
35700.000000 -75.675613
35750.000000 -75.944786
35800.000000 -76.650764
35850.000000 -76.421288
35900.000000 -76.650764
35950.000000 -76.495338
36000.000000 -76.745918
36050.000000 -76.565559
36100.000000 -76.675133
36150.000000 -77.096436
36200.000000 -76.968353
36250.000000 -77.564217
36300.000000 -77.051956
36350.000000 -77.388771
36400.000000 -77.245720
36450.000000 -76.672424
36500.000000 -77.319382
36550.000000 -77.681145
36600.000000 -77.558205
36650.000000 -78.250450
36700.000000 -78.488823
36750.000000 -78.608818
36800.000000 -78.166336
36850.000000 -78.349617
36900.000000 -78.045914
36950.000000 -78.134209
37000.000000 -78.078789
37050.000000 -78.182449
37100.000000 -79.148041
37150.000000 -78.884148
37200.000000 -78.798317
37250.000000 -78.806412
37300.000000 -78.658646
37350.000000 -79.514938
37400.000000 -79.383087
37450.000000 -79.469933
37500.000000 -79.216797
37550.000000 -78.937927
37600.000000 -79.742241
37650.000000 -79.476173
37700.000000 -79.156456
37750.000000 -79.840576
37800.000000 -80.049980
37850.000000 -79.749969
37900.000000 -80.150536
37950.000000 -80.344170
38000.000000 -80.340034
38050.000000 -80.601677
38100.000000 -80.742004
38150.000000 -80.765129
38200.000000 -80.875839
38250.000000 -81.124168
38300.000000 -81.542908
38350.000000 -81.588936
38400.000000 -80.688759
38450.000000 -80.861191
38500.000000 -81.712341
38550.000000 -80.906677
38600.000000 -81.964554
38650.000000 -81.509727
38700.000000 -81.909889
38750.000000 -81.668869
38800.000000 -81.944641
38850.000000 -82.499138
38900.000000 -82.134033
38950.000000 -81.569862
39000.000000 -82.004532
39050.000000 -81.746307
39100.000000 -81.282486
39150.000000 -81.981216
39200.000000 -81.265610
39250.000000 -82.112030
39300.000000 -81.201447
39350.000000 -81.749550
39400.000000 -80.996887
39450.000000 -81.672081
39500.000000 -81.911545
39550.000000 -82.971214
39600.000000 -83.305984
39650.000000 -81.783661
39700.000000 -83.198059
39750.000000 -82.325920
39800.000000 -82.898743
39850.000000 -83.156029
39900.000000 -83.257637
39950.000000 -82.546982
40000.000000 -82.552315
