0.000000 -81.791801
50.000000 -81.234993
100.000000 -82.222595
150.000000 -81.566681
200.000000 -82.217461
250.000000 -80.711739
300.000000 -82.128952
350.000000 -82.924690
400.000000 -83.372169
450.000000 -83.165558
500.000000 -82.986153
550.000000 -82.885803
600.000000 -82.755600
650.000000 -83.044289
700.000000 -82.980545
750.000000 -83.136986
800.000000 -82.039658
850.000000 -83.640060
900.000000 -82.191833
950.000000 -82.984283
1000.000000 -83.209557
1050.000000 -83.916473
1100.000000 -82.679482
1150.000000 -81.961235
1200.000000 -83.640060
1250.000000 -83.458580
1300.000000 -83.774101
1350.000000 -83.804855
1400.000000 -82.766525
1450.000000 -82.885803
1500.000000 -84.152672
1550.000000 -84.006401
1600.000000 -84.546257
1650.000000 -84.008499
1700.000000 -85.071861
1750.000000 -83.484276
1800.000000 -84.336311
1850.000000 -84.325401
1900.000000 -83.839836
1950.000000 -83.589821
2000.000000 -84.640724
2050.000000 -84.129189
2100.000000 -84.772881
2150.000000 -83.954010
2200.000000 -83.922722
2250.000000 -84.942131
2300.000000 -85.888550
2350.000000 -84.292763
2400.000000 -82.956299
2450.000000 -83.492195
2500.000000 -83.514015
2550.000000 -83.745491
2600.000000 -83.763870
2650.000000 -84.622650
2700.000000 -84.704269
2750.000000 -84.186943
2800.000000 -85.264236
2850.000000 -84.939789
2900.000000 -84.165504
2950.000000 -84.740799
3000.000000 -84.559692
3050.000000 -83.850159
3100.000000 -83.678436
3150.000000 -86.017433
3200.000000 -84.238609
3250.000000 -83.813072
3300.000000 -83.733261
3350.000000 -84.830475
3400.000000 -83.531914
3450.000000 -83.808960
3500.000000 -84.618134
3550.000000 -84.247246
3600.000000 -85.568192
3650.000000 -85.972504
3700.000000 -85.613602
3750.000000 -87.651016
3800.000000 -84.486069
3850.000000 -85.036285
3900.000000 -85.901619
3950.000000 -86.070587
4000.000000 -85.048126
4050.000000 -86.253799
4100.000000 -85.730743
4150.000000 -86.550140
4200.000000 -86.995224
4250.000000 -89.604424
4300.000000 -87.205330
4350.000000 -90.022804
4400.000000 -87.622284
4450.000000 -87.232712
4500.000000 -88.367340
4550.000000 -88.274071
4600.000000 -88.729004
4650.000000 -87.514580
4700.000000 -88.381279
4750.000000 -87.275490
4800.000000 -89.228249
4850.000000 -90.291664
4900.000000 -86.129440
4950.000000 -89.741653
5000.000000 -89.811096
5050.000000 -88.137711
5100.000000 -89.688927
5150.000000 -88.451088
5200.000000 -88.236359
5250.000000 -88.215858
5300.000000 -89.806999
5350.000000 -88.649719
5400.000000 -89.477211
5450.000000 -88.046860
5500.000000 -88.521507
5550.000000 -88.739876
5600.000000 -89.418221
5650.000000 -91.639275
5700.000000 -90.930023
5750.000000 -90.713501
5800.000000 -90.754547
5850.000000 -87.389549
5900.000000 -87.081650
5950.000000 -92.601799
6000.000000 -90.166870
6050.000000 -90.520020
6100.000000 -93.761642
6150.000000 -93.990829
6200.000000 -88.710922
6250.000000 -92.001022
6300.000000 -89.548538
6350.000000 -92.053955
6400.000000 -93.544640
6450.000000 -91.553650
6500.000000 -92.953781
6550.000000 -92.107208
6600.000000 -93.748726
6650.000000 -93.222900
6700.000000 -90.043839
6750.000000 -91.248329
6800.000000 -96.098221
6850.000000 -90.081833
6900.000000 -88.412605
6950.000000 -95.709541
7000.000000 -89.926689
7050.000000 -91.272560
7100.000000 -91.463898
7150.000000 -91.603912
7200.000000 -90.111504
7250.000000 -89.493011
7300.000000 -91.838959
7350.000000 -92.472702
7400.000000 -93.684433
7450.000000 -89.745728
7500.000000 -92.461563
7550.000000 -90.618469
7600.000000 -92.877563
7650.000000 -94.377541
7700.000000 -93.639709
7750.000000 -90.154060
7800.000000 -93.042564
7850.000000 -92.075218
7900.000000 -91.710426
7950.000000 -91.498688
8000.000000 -92.738586
8050.000000 -90.818787
8100.000000 -91.761612
8150.000000 -92.384010
8200.000000 -91.311462
8250.000000 -93.090286
8300.000000 -92.590492
8350.000000 -94.070824
8400.000000 -91.118652
8450.000000 -91.350548
8500.000000 -96.338326
8550.000000 -92.652840
8600.000000 -92.930260
8650.000000 -92.664223
8700.000000 -91.654472
8750.000000 -96.157631
8800.000000 -92.953781
8850.000000 -80.039322
8900.000000 -74.875786
8950.000000 -71.416389
9000.000000 -68.752563
9050.000000 -67.150497
9100.000000 -65.393349
9150.000000 -64.450592
9200.000000 -63.033566
9250.000000 -62.256035
9300.000000 -61.622574
9350.000000 -60.884487
9400.000000 -60.224476
9450.000000 -59.647930
9500.000000 -59.072788
9550.000000 -58.867725
9600.000000 -58.396763
9650.000000 -58.021816
9700.000000 -57.650646
9750.000000 -57.322205
9800.000000 -57.059322
9850.000000 -56.870277
9900.000000 -56.511372
9950.000000 -56.416283
10000.000000 -56.305660
10050.000000 -56.127758
10100.000000 -56.070663
10150.000000 -55.995449
10200.000000 -55.857307
10250.000000 -55.766232
10300.000000 -55.687057
10350.000000 -55.683430
10400.000000 -55.782524
10450.000000 -55.763706
10500.000000 -55.874107
10550.000000 -55.902008
10600.000000 -55.910282
10650.000000 -56.063751
10700.000000 -56.237499
10750.000000 -56.326210
10800.000000 -56.539978
10850.000000 -56.682728
10900.000000 -56.912807
10950.000000 -57.067543
11000.000000 -57.268135
11050.000000 -57.598923
11100.000000 -57.818821
11150.000000 -57.980434
11200.000000 -58.365410
11250.000000 -58.635277
11300.000000 -59.122238
11350.000000 -59.456100
11400.000000 -59.775108
11450.000000 -60.056110
11500.000000 -60.534744
11550.000000 -60.716053
11600.000000 -61.336884
11650.000000 -61.871494
11700.000000 -62.129116
11750.000000 -62.771805
11800.000000 -63.157162
11850.000000 -63.545650
11900.000000 -63.887806
11950.000000 -64.280365
12000.000000 -64.486290
12050.000000 -64.542000
12100.000000 -64.914772
12150.000000 -64.797707
12200.000000 -64.730499
12250.000000 -64.461441
12300.000000 -64.169357
12350.000000 -64.016068
12400.000000 -63.715755
12450.000000 -63.164600
12500.000000 -62.847446
12550.000000 -62.458050
12600.000000 -62.015045
12650.000000 -61.678509
12700.000000 -61.248138
12750.000000 -60.935997
12800.000000 -60.637394
12850.000000 -60.265648
12900.000000 -60.085640
12950.000000 -59.790234
13000.000000 -59.515434
13050.000000 -59.457844
13100.000000 -59.221031
13150.000000 -59.101181
13200.000000 -58.943439
13250.000000 -58.686283
13300.000000 -58.484814
13350.000000 -58.416729
13400.000000 -58.274643
13450.000000 -58.170952
13500.000000 -58.084732
13550.000000 -58.024452
13600.000000 -57.919411
13650.000000 -57.850117
13700.000000 -57.902634
13750.000000 -57.952644
13800.000000 -57.893478
13850.000000 -58.009998
13900.000000 -57.836056
13950.000000 -58.002941
14000.000000 -58.049828
14050.000000 -58.097607
14100.000000 -58.206562
14150.000000 -58.227070
14200.000000 -58.299019
14250.000000 -58.405472
14300.000000 -58.519615
14350.000000 -58.697800
14400.000000 -58.642193
14450.000000 -59.017570
14500.000000 -58.967651
14550.000000 -59.122238
14600.000000 -59.386417
14650.000000 -59.441795
14700.000000 -59.681084
14750.000000 -59.798645
14800.000000 -60.053978
14850.000000 -60.287128
14900.000000 -60.461895
14950.000000 -60.607212
15000.000000 -60.766140
15050.000000 -60.975651
15100.000000 -61.042042
15150.000000 -61.063736
15200.000000 -61.268055
15250.000000 -61.379345
15300.000000 -61.465679
15350.000000 -61.540051
15400.000000 -61.578114
15450.000000 -61.543690
15500.000000 -61.472897
15550.000000 -61.561123
15600.000000 -61.497746
15650.000000 -61.380119
15700.000000 -61.462383
15750.000000 -61.297859
15800.000000 -61.239727
15850.000000 -60.974613
15900.000000 -61.021744
15950.000000 -60.903732
16000.000000 -60.721813
16050.000000 -60.569344
16100.000000 -60.469166
16150.000000 -60.440815
16200.000000 -60.239994
16250.000000 -60.195286
16300.000000 -59.992714
16350.000000 -59.745586
16400.000000 -59.666912
16450.000000 -59.587177
16500.000000 -59.467312
16550.000000 -59.255516
16600.000000 -59.247852
16650.000000 -59.205780
16700.000000 -59.216671
16750.000000 -59.124878
16800.000000 -58.952244
16850.000000 -58.919765
16900.000000 -58.760082
16950.000000 -58.784592
17000.000000 -58.611073
17050.000000 -58.735298
17100.000000 -58.724075
17150.000000 -58.737133
17200.000000 -58.741718
17250.000000 -58.693466
17300.000000 -58.790237
17350.000000 -58.743439
17400.000000 -58.657394
17450.000000 -58.786438
17500.000000 -58.716644
17550.000000 -58.702362
17600.000000 -58.833935
17650.000000 -58.821892
17700.000000 -58.989212
17750.000000 -59.066830
17800.000000 -59.032143
17850.000000 -59.155605
17900.000000 -59.222488
17950.000000 -59.155727
18000.000000 -59.429005
18050.000000 -59.377285
18100.000000 -59.492653
18150.000000 -59.598812
18200.000000 -59.678017
18250.000000 -59.672146
18300.000000 -59.854507
18350.000000 -59.851513
18400.000000 -59.891865
18450.000000 -59.917820
18500.000000 -60.048779
18550.000000 -60.071732
18600.000000 -60.177952
18650.000000 -60.225159
18700.000000 -60.246265
18750.000000 -60.205864
18800.000000 -60.130329
18850.000000 -60.257999
18900.000000 -60.204914
18950.000000 -60.017380
19000.000000 -60.210480
19050.000000 -60.222980
19100.000000 -60.223526
19150.000000 -60.140965
19200.000000 -60.170242
19250.000000 -59.889645
19300.000000 -59.858810
19350.000000 -60.063850
19400.000000 -59.858810
19450.000000 -59.897366
19500.000000 -59.924911
19550.000000 -59.597927
19600.000000 -59.706799
19650.000000 -59.679550
19700.000000 -59.582882
19750.000000 -59.504036
19800.000000 -59.418957
19850.000000 -59.210983
19900.000000 -59.315819
19950.000000 -59.248947
20000.000000 -59.306759
20050.000000 -59.282074
20100.000000 -59.197559
20150.000000 -59.003147
20200.000000 -59.003262
20250.000000 -58.982964
20300.000000 -59.053154
20350.000000 -58.995228
20400.000000 -59.012367
20450.000000 -59.105129
20500.000000 -58.927845
20550.000000 -58.893822
20600.000000 -58.948723
20650.000000 -58.921169
20700.000000 -58.976715
20750.000000 -58.825710
20800.000000 -58.831154
20850.000000 -58.834862
20900.000000 -58.955299
20950.000000 -59.006336
21000.000000 -58.987560
21050.000000 -58.910873
21100.000000 -59.069096
21150.000000 -59.018398
21200.000000 -59.078266
21250.000000 -59.041512
21300.000000 -59.141190
21350.000000 -59.152481
21400.000000 -59.104767
21450.000000 -59.200703
21500.000000 -59.399639
21550.000000 -59.435581
21600.000000 -59.475670
21650.000000 -59.484783
21700.000000 -59.661171
21750.000000 -59.609577
21800.000000 -59.635593
21850.000000 -59.627972
21900.000000 -59.775753
21950.000000 -59.780277
22000.000000 -59.811607
22050.000000 -59.868599
22100.000000 -59.848907
22150.000000 -59.908241
22200.000000 -59.960594
22250.000000 -59.997616
22300.000000 -59.969307
22350.000000 -59.946487
22400.000000 -59.884144
22450.000000 -59.873558
22500.000000 -59.893436
22550.000000 -59.948334
22600.000000 -59.891342
22650.000000 -59.954792
22700.000000 -59.913490
22750.000000 -59.911915
22800.000000 -59.805122
22850.000000 -59.928066
22900.000000 -59.833290
22950.000000 -59.771103
23000.000000 -59.630127
23050.000000 -59.555641
23100.000000 -59.604256
23150.000000 -59.587307
23200.000000 -59.423172
23250.000000 -59.468437
23300.000000 -59.419331
23350.000000 -59.428261
23400.000000 -59.380123
23450.000000 -59.360149
23500.000000 -59.433231
23550.000000 -59.283413
23600.000000 -59.273048
23650.000000 -59.266228
23700.000000 -59.406445
23750.000000 -59.340473
23800.000000 -59.391109
23850.000000 -59.357441
23900.000000 -59.142029
23950.000000 -59.267445
24000.000000 -59.243965
24050.000000 -59.289032
24100.000000 -59.290497
24150.000000 -59.391850
24200.000000 -59.408302
24250.000000 -59.304310
24300.000000 -59.367050
24350.000000 -59.411400
24400.000000 -59.392101
24450.000000 -59.339001
24500.000000 -59.375679
24550.000000 -59.345020
24600.000000 -59.450623
24650.000000 -59.406940
24700.000000 -59.551231
24750.000000 -59.482285
24800.000000 -59.484158
24850.000000 -59.628349
24900.000000 -59.661682
24950.000000 -59.549595
25000.000000 -59.737347
25050.000000 -59.764397
25100.000000 -59.920185
25150.000000 -59.967720
25200.000000 -59.944908
25250.000000 -59.888199
25300.000000 -60.075878
25350.000000 -59.850990
25400.000000 -59.873035
25450.000000 -59.851513
25500.000000 -59.843174
25550.000000 -60.004375
25600.000000 -59.937668
25650.000000 -59.857117
25700.000000 -60.020966
25750.000000 -60.015522
25800.000000 -60.043716
25850.000000 -60.035992
25900.000000 -60.186073
25950.000000 -59.979218
26000.000000 -60.091801
26050.000000 -60.119843
26100.000000 -60.088451
26150.000000 -59.983585
26200.000000 -59.877998
26250.000000 -59.833160
26300.000000 -59.933857
26350.000000 -59.848644
26400.000000 -59.831730
26450.000000 -59.892521
26500.000000 -59.855812
26550.000000 -59.840839
26600.000000 -59.815239
26650.000000 -59.799812
26700.000000 -59.538151
26750.000000 -59.811607
26800.000000 -59.684532
26850.000000 -59.666531
26900.000000 -59.627972
26950.000000 -59.614014
27000.000000 -59.618576
27050.000000 -59.575813
27100.000000 -59.528862
27150.000000 -59.635212
27200.000000 -59.678272
27250.000000 -59.638515
27300.000000 -59.622765
27350.000000 -59.674313
27400.000000 -59.546829
27450.000000 -59.660919
27500.000000 -59.666782
27550.000000 -59.711029
27600.000000 -59.838360
27650.000000 -59.793983
27700.000000 -59.792042
27750.000000 -59.744938
27800.000000 -59.891731
27850.000000 -59.859203
27900.000000 -59.764008
27950.000000 -59.656460
28000.000000 -59.957298
28050.000000 -59.976444
28100.000000 -59.976444
28150.000000 -59.957695
28200.000000 -59.918606
28250.000000 -59.964157
28300.000000 -60.128849
28350.000000 -60.130463
28400.000000 -60.117558
28450.000000 -60.122662
28500.000000 -60.180115
28550.000000 -60.183636
28600.000000 -60.013397
28650.000000 -60.138676
28700.000000 -60.194336
28750.000000 -60.244766
28800.000000 -60.168758
28850.000000 -60.214283
28900.000000 -60.361698
28950.000000 -60.440536
29000.000000 -60.629700
29050.000000 -60.792671
29100.000000 -60.724548
29150.000000 -60.872608
29200.000000 -60.956245
29250.000000 -61.039948
29300.000000 -61.219269
29350.000000 -61.104729
29400.000000 -61.395359
29450.000000 -61.434040
29500.000000 -61.608208
29550.000000 -61.730923
29600.000000 -61.803696
29650.000000 -61.797337
29700.000000 -61.919800
29750.000000 -62.146404
29800.000000 -62.010033
29850.000000 -62.205147
29900.000000 -62.229267
29950.000000 -62.337700
30000.000000 -62.566723
30050.000000 -62.666496
30100.000000 -62.794628
30150.000000 -62.945866
30200.000000 -63.154114
30250.000000 -63.245491
30300.000000 -63.314514
30350.000000 -63.468842
30400.000000 -63.493973
30450.000000 -63.603653
30500.000000 -63.637234
30550.000000 -63.629379
30600.000000 -64.013329
30650.000000 -63.831589
30700.000000 -64.166573
30750.000000 -64.174927
30800.000000 -64.285362
30850.000000 -64.324738
30900.000000 -64.576500
30950.000000 -64.624672
31000.000000 -64.729584
31050.000000 -64.861488
31100.000000 -64.829773
31150.000000 -64.974022
31200.000000 -65.175606
31250.000000 -65.152313
31300.000000 -65.245872
31350.000000 -65.207413
31400.000000 -65.727913
31450.000000 -65.582283
31500.000000 -65.674255
31550.000000 -65.839081
31600.000000 -65.998100
31650.000000 -66.226601
31700.000000 -66.194092
31750.000000 -66.109055
31800.000000 -66.523972
31850.000000 -66.492004
31900.000000 -66.664413
31950.000000 -66.693298
32000.000000 -66.836823
32050.000000 -67.092125
32100.000000 -67.083435
32150.000000 -66.842072
32200.000000 -67.151711
32250.000000 -67.250397
32300.000000 -67.713272
32350.000000 -67.534737
32400.000000 -67.542313
32450.000000 -67.613350
32500.000000 -67.819893
32550.000000 -67.921242
32600.000000 -68.057236
32650.000000 -68.114731
32700.000000 -68.140404
32750.000000 -67.991798
32800.000000 -68.409103
32850.000000 -68.633217
32900.000000 -68.656883
32950.000000 -68.775826
33000.000000 -69.145416
33050.000000 -69.068649
33100.000000 -69.111671
33150.000000 -69.220955
33200.000000 -69.302956
33250.000000 -69.521507
33300.000000 -69.914635
33350.000000 -69.703079
33400.000000 -69.439003
33450.000000 -69.819695
33500.000000 -70.103424
33550.000000 -69.930420
33600.000000 -70.025734
33650.000000 -70.204529
33700.000000 -70.406395
33750.000000 -70.564613
33800.000000 -70.620255
33850.000000 -70.590599
33900.000000 -70.782921
33950.000000 -70.733070
34000.000000 -70.958038
34050.000000 -70.822914
34100.000000 -70.842751
34150.000000 -71.103867
34200.000000 -71.387817
34250.000000 -71.493195
34300.000000 -71.496178
34350.000000 -71.753387
34400.000000 -71.937386
34450.000000 -71.966774
34500.000000 -71.704796
34550.000000 -72.087982
34600.000000 -72.296196
34650.000000 -72.270576
34700.000000 -72.679024
34750.000000 -72.810089
34800.000000 -73.061005
34850.000000 -72.901505
34900.000000 -72.649979
34950.000000 -73.126839
35000.000000 -73.525101
35050.000000 -73.254524
35100.000000 -73.451828
35150.000000 -73.521324
35200.000000 -73.441231
35250.000000 -73.633949
35300.000000 -73.548401
35350.000000 -73.325531
35400.000000 -73.453072
35450.000000 -74.278870
35500.000000 -74.252846
35550.000000 -73.952408
35600.000000 -73.883316
35650.000000 -74.294662
35700.000000 -74.125214
35750.000000 -74.459068
35800.000000 -74.344276
35850.000000 -74.750320
35900.000000 -74.722122
35950.000000 -75.296516
36000.000000 -74.803345
36050.000000 -75.215157
36100.000000 -75.100548
36150.000000 -75.148186
36200.000000 -75.534973
36250.000000 -75.315819
36300.000000 -75.126984
36350.000000 -74.899323
36400.000000 -75.583466
36450.000000 -75.263420
36500.000000 -75.765503
36550.000000 -75.714371
36600.000000 -75.796486
36650.000000 -75.729759
36700.000000 -75.724892
36750.000000 -75.794037
36800.000000 -76.328735
36850.000000 -76.038353
36900.000000 -75.813660
36950.000000 -75.851387
37000.000000 -76.067802
37050.000000 -76.320053
37100.000000 -75.635429
37150.000000 -76.410759
37200.000000 -76.612099
37250.000000 -75.963913
37300.000000 -76.293198
37350.000000 -76.276779
37400.000000 -76.729538
37450.000000 -76.444138
37500.000000 -77.441925
37550.000000 -77.075584
37600.000000 -77.334976
37650.000000 -77.536224
37700.000000 -77.107826
37750.000000 -77.074638
37800.000000 -77.183205
37850.000000 -78.208290
37900.000000 -77.799667
37950.000000 -77.597313
38000.000000 -78.031113
38050.000000 -77.988953
38100.000000 -77.739182
38150.000000 -78.569382
38200.000000 -79.254463
38250.000000 -78.497742
38300.000000 -78.079849
38350.000000 -78.577255
38400.000000 -78.371567
38450.000000 -78.986145
38500.000000 -78.967300
38550.000000 -78.152397
38600.000000 -78.862030
38650.000000 -78.322258
38700.000000 -78.077721
38750.000000 -79.006218
38800.000000 -79.191399
38850.000000 -79.299545
38900.000000 -79.438820
38950.000000 -80.196510
39000.000000 -80.595993
39050.000000 -80.257729
39100.000000 -80.655823
39150.000000 -79.433846
39200.000000 -78.555908
39250.000000 -79.202278
39300.000000 -79.782219
39350.000000 -80.206001
39400.000000 -80.424522
39450.000000 -79.911133
39500.000000 -79.808105
39550.000000 -80.529533
39600.000000 -80.778168
39650.000000 -81.475105
39700.000000 -81.044586
39750.000000 -81.222801
39800.000000 -81.816269
39850.000000 -82.137421
39900.000000 -81.082039
39950.000000 -80.542221
40000.000000 -81.130211
