0.000000 -82.882103
50.000000 -82.869186
100.000000 -83.850159
150.000000 -83.864624
200.000000 -83.527931
250.000000 -84.307976
300.000000 -83.895699
350.000000 -84.027451
400.000000 -83.044289
450.000000 -83.650146
500.000000 -84.156944
550.000000 -84.457237
600.000000 -84.375702
650.000000 -83.745491
700.000000 -83.419197
750.000000 -83.914398
800.000000 -83.519974
850.000000 -83.573807
900.000000 -84.452812
950.000000 -84.290581
1000.000000 -84.512772
1050.000000 -84.461670
1100.000000 -85.366737
1150.000000 -85.828712
1200.000000 -86.410400
1250.000000 -85.633858
1300.000000 -87.178024
1350.000000 -86.772720
1400.000000 -84.481628
1450.000000 -85.677071
1500.000000 -86.488380
1550.000000 -83.716980
1600.000000 -83.782295
1650.000000 -85.126694
1700.000000 -84.483849
1750.000000 -84.883797
1800.000000 -84.219200
1850.000000 -85.312813
1900.000000 -83.632004
1950.000000 -85.124298
2000.000000 -85.428421
2050.000000 -84.604614
2100.000000 -85.717934
2150.000000 -85.376579
2200.000000 -85.114746
2250.000000 -84.918747
2300.000000 -84.970268
2350.000000 -85.322594
2400.000000 -86.169792
2450.000000 -86.207634
2500.000000 -86.471611
2550.000000 -84.823540
2600.000000 -84.825851
2650.000000 -84.424095
2700.000000 -84.417480
2750.000000 -86.477196
2800.000000 -85.312813
2850.000000 -85.361816
2900.000000 -84.832855
2950.000000 -84.281898
3000.000000 -84.658829
3050.000000 -86.558594
3100.000000 -84.869850
3150.000000 -84.986725
3200.000000 -85.600975
3250.000000 -86.618019
3300.000000 -85.870300
3350.000000 -87.090645
3400.000000 -86.440948
3450.000000 -87.986824
3500.000000 -87.001160
3550.000000 -86.327621
3600.000000 -85.844284
3650.000000 -86.091942
3700.000000 -86.660721
3750.000000 -87.973534
3800.000000 -85.208382
3850.000000 -87.757195
3900.000000 -87.802643
3950.000000 -85.857285
4000.000000 -85.870300
4050.000000 -89.121536
4100.000000 -86.132126
4150.000000 -85.707695
4200.000000 -87.013031
4250.000000 -87.660614
4300.000000 -87.162895
4350.000000 -86.194099
4400.000000 -86.640762
4450.000000 -86.813286
4500.000000 -87.117668
4550.000000 -86.319389
4600.000000 -87.835243
4650.000000 -90.115746
4700.000000 -89.305290
4750.000000 -88.592499
4800.000000 -90.183975
4850.000000 -88.026802
4900.000000 -87.533485
4950.000000 -88.514442
5000.000000 -88.628220
5050.000000 -88.975044
5100.000000 -88.747131
5150.000000 -88.367340
5200.000000 -89.344063
5250.000000 -89.363518
5300.000000 -89.098831
5350.000000 -89.163300
5400.000000 -89.588417
5450.000000 -91.330986
5500.000000 -91.238655
5550.000000 -90.520020
5600.000000 -90.827995
5650.000000 -93.144295
5700.000000 -91.190453
5750.000000 -93.569885
5800.000000 -91.864891
5850.000000 -91.593834
5900.000000 -92.022156
5950.000000 -93.639709
6000.000000 -94.630959
6050.000000 -90.745407
6100.000000 -94.329109
6150.000000 -93.247231
6200.000000 -91.969421
6250.000000 -91.654472
6300.000000 -91.190453
6350.000000 -94.468201
6400.000000 -89.034843
6450.000000 -92.596146
6500.000000 -93.320633
6550.000000 -91.301720
6600.000000 -90.348190
6650.000000 -93.525749
6700.000000 -90.595993
6750.000000 -93.283859
6800.000000 -91.558662
6850.000000 -93.265526
6900.000000 -92.312607
6950.000000 -91.248329
7000.000000 -93.494362
7050.000000 -96.014053
7100.000000 -88.465126
7150.000000 -91.277412
7200.000000 -92.658531
7250.000000 -91.669693
7300.000000 -95.517586
7350.000000 -93.150314
7400.000000 -95.446678
7450.000000 -94.709885
7500.000000 -90.962738
7550.000000 -95.130791
7600.000000 -91.365250
7650.000000 -92.279854
7700.000000 -94.377541
7750.000000 -94.370605
7800.000000 -93.289978
7850.000000 -93.144295
7900.000000 -93.665237
7950.000000 -91.725754
8000.000000 -91.761612
8050.000000 -93.096275
8100.000000 -90.352554
8150.000000 -91.282265
8200.000000 -94.681099
8250.000000 -96.766022
8300.000000 -95.922409
8350.000000 -94.044083
8400.000000 -91.639275
8450.000000 -94.138054
8500.000000 -93.277740
8550.000000 -93.138275
8600.000000 -95.314301
8650.000000 -94.746002
8700.000000 -93.826508
8750.000000 -93.102264
8800.000000 -80.505623
8850.000000 -74.194229
8900.000000 -71.199577
8950.000000 -68.637512
9000.000000 -67.099335
9050.000000 -65.418015
9100.000000 -64.200470
9150.000000 -63.271721
9200.000000 -62.211811
9250.000000 -61.418427
9300.000000 -60.930981
9350.000000 -60.306328
9400.000000 -59.713467
9450.000000 -59.147316
9500.000000 -58.870747
9550.000000 -58.347202
9600.000000 -57.990314
9650.000000 -57.830376
9700.000000 -57.620464
9750.000000 -57.369759
9800.000000 -57.077290
9850.000000 -56.969284
9900.000000 -56.843605
9950.000000 -56.715538
10000.000000 -56.596226
10050.000000 -56.519802
10100.000000 -56.360752
10150.000000 -56.435780
10200.000000 -56.431030
10250.000000 -56.331161
10300.000000 -56.465374
10350.000000 -56.601959
10400.000000 -56.661224
10450.000000 -56.819492
10500.000000 -56.829056
10550.000000 -57.110867
10600.000000 -57.083347
10650.000000 -57.417271
10700.000000 -57.628628
10750.000000 -57.790924
10800.000000 -57.960709
10850.000000 -58.165691
10900.000000 -58.659439
10950.000000 -58.946960
11000.000000 -59.244331
11050.000000 -59.552113
11100.000000 -60.006630
11150.000000 -60.542923
11200.000000 -60.982178
11250.000000 -61.515717
11300.000000 -62.076435
11350.000000 -62.522312
11400.000000 -63.068214
11450.000000 -63.708641
11500.000000 -64.212730
11550.000000 -65.023033
11600.000000 -65.522758
11650.000000 -66.091400
11700.000000 -66.130234
11750.000000 -66.446228
11800.000000 -66.545059
11850.000000 -66.383263
11900.000000 -66.118698
11950.000000 -65.819893
12000.000000 -65.310120
12050.000000 -64.905907
12100.000000 -64.404915
12150.000000 -63.478333
12200.000000 -63.413101
12250.000000 -62.610645
12300.000000 -62.307915
12350.000000 -62.025082
12400.000000 -61.498375
12450.000000 -61.199921
12500.000000 -60.781643
12550.000000 -60.453793
12600.000000 -60.252949
12650.000000 -59.958351
12700.000000 -59.786350
12750.000000 -59.555386
12800.000000 -59.318634
12850.000000 -59.169086
12900.000000 -59.185001
12950.000000 -59.005508
13000.000000 -58.937340
13050.000000 -58.763874
13100.000000 -58.735756
13150.000000 -58.690617
13200.000000 -58.679222
13250.000000 -58.645477
13300.000000 -58.653305
13350.000000 -58.677517
13400.000000 -58.663982
13450.000000 -58.837296
13500.000000 -58.867142
13550.000000 -58.892422
13600.000000 -58.965885
13650.000000 -59.200100
13700.000000 -59.123798
13750.000000 -59.424911
13800.000000 -59.479664
13850.000000 -59.600208
13900.000000 -59.847080
13950.000000 -60.022827
14000.000000 -60.223526
14050.000000 -60.464691
14100.000000 -60.653526
14150.000000 -61.012505
14200.000000 -61.127335
14250.000000 -61.371113
14300.000000 -61.526138
14350.000000 -61.916824
14400.000000 -62.172405
14450.000000 -62.432758
14500.000000 -62.520184
14550.000000 -62.859783
14600.000000 -63.083698
14650.000000 -63.258789
14700.000000 -63.290672
14750.000000 -63.246262
14800.000000 -63.452457
14850.000000 -63.355373
14900.000000 -63.184467
14950.000000 -63.201504
15000.000000 -62.981102
15050.000000 -62.994560
15100.000000 -62.805241
15150.000000 -62.680019
15200.000000 -62.432232
15250.000000 -62.306358
15300.000000 -62.227215
15350.000000 -61.904106
15400.000000 -61.842770
15450.000000 -61.451881
15500.000000 -61.320511
15550.000000 -61.207226
15600.000000 -61.063435
15650.000000 -60.835175
15700.000000 -60.739258
15750.000000 -60.564816
15800.000000 -60.346100
15850.000000 -60.272484
15900.000000 -60.240269
15950.000000 -60.122662
16000.000000 -60.068794
16050.000000 -59.949387
16100.000000 -59.879177
16150.000000 -59.753441
16200.000000 -59.788811
16250.000000 -59.729767
16300.000000 -59.781826
16350.000000 -59.823933
16400.000000 -59.889771
16450.000000 -59.828609
16500.000000 -59.850601
16550.000000 -60.011009
16600.000000 -59.879177
16650.000000 -60.108696
16700.000000 -60.083900
16750.000000 -60.310860
16800.000000 -60.367363
16850.000000 -60.435101
16900.000000 -60.513908
16950.000000 -60.591309
17000.000000 -60.604652
17050.000000 -60.779324
17100.000000 -60.871876
17150.000000 -61.100815
17200.000000 -61.297245
17250.000000 -61.351734
17300.000000 -61.430916
17350.000000 -61.513348
17400.000000 -61.672882
17450.000000 -61.662285
17500.000000 -61.906086
17550.000000 -61.795219
17600.000000 -62.014210
17650.000000 -62.073746
17700.000000 -62.167133
17750.000000 -62.093285
17800.000000 -62.171047
17850.000000 -61.945179
17900.000000 -61.914013
17950.000000 -62.042168
18000.000000 -62.088566
18050.000000 -61.919304
18100.000000 -61.662285
18150.000000 -61.797337
18200.000000 -61.469913
18250.000000 -61.440922
18300.000000 -61.206619
18350.000000 -61.129597
18400.000000 -61.184109
18450.000000 -61.158932
18500.000000 -61.007294
18550.000000 -60.958168
18600.000000 -60.891972
18650.000000 -60.971352
18700.000000 -60.814770
18750.000000 -60.680435
18800.000000 -60.689754
18850.000000 -60.557606
18900.000000 -60.402832
18950.000000 -60.438725
19000.000000 -60.415058
19050.000000 -60.460636
19100.000000 -60.382446
19150.000000 -60.446953
19200.000000 -60.414780
19250.000000 -60.457844
19300.000000 -60.457561
19350.000000 -60.447510
19400.000000 -60.510815
19450.000000 -60.373035
19500.000000 -60.441372
19550.000000 -60.541229
19600.000000 -60.698368
19650.000000 -60.601528
19700.000000 -60.758904
19750.000000 -60.750378
19800.000000 -60.681580
19850.000000 -60.850655
19900.000000 -60.769325
19950.000000 -60.894764
20000.000000 -61.069878
20050.000000 -61.033978
20100.000000 -61.203117
20150.000000 -61.221401
20200.000000 -61.237892
20250.000000 -61.349415
20300.000000 -61.299397
20350.000000 -61.292320
20400.000000 -61.514294
20450.000000 -61.376858
20500.000000 -61.390072
20550.000000 -61.495384
20600.000000 -61.376549
20650.000000 -61.481068
20700.000000 -61.516979
20750.000000 -61.457054
20800.000000 -61.463009
20850.000000 -61.475567
20900.000000 -61.285862
20950.000000 -61.429508
21000.000000 -61.432793
21050.000000 -61.357311
21100.000000 -61.236214
21150.000000 -61.129749
21200.000000 -61.185627
21250.000000 -61.253342
21300.000000 -61.271889
21350.000000 -61.177277
21400.000000 -61.165749
21450.000000 -61.144100
21500.000000 -61.048321
21550.000000 -60.994801
21600.000000 -60.988708
21650.000000 -60.941757
21700.000000 -60.960983
21750.000000 -60.948704
21800.000000 -60.951809
21850.000000 -60.886833
21900.000000 -60.850067
21950.000000 -60.862793
22000.000000 -60.916386
22050.000000 -60.775700
22100.000000 -60.816517
22150.000000 -60.622719
22200.000000 -60.727577
22250.000000 -60.670692
22300.000000 -60.667973
22350.000000 -60.812439
22400.000000 -60.719364
22450.000000 -60.669117
22500.000000 -60.583508
22550.000000 -60.622860
22600.000000 -60.786430
22650.000000 -60.813313
22700.000000 -60.739979
22750.000000 -60.722675
22800.000000 -60.887276
22850.000000 -60.814480
22900.000000 -60.739258
22950.000000 -60.901817
23000.000000 -60.782368
23050.000000 -60.878178
23100.000000 -60.834007
23150.000000 -60.794849
23200.000000 -61.058193
23250.000000 -60.984257
23300.000000 -60.990639
23350.000000 -61.054302
23400.000000 -60.929947
23450.000000 -60.974167
23500.000000 -61.048618
23550.000000 -61.061638
23600.000000 -61.102772
23650.000000 -61.062687
23700.000000 -61.074226
23750.000000 -61.103374
23800.000000 -61.081581
23850.000000 -61.099010
23900.000000 -60.946339
23950.000000 -61.001640
24000.000000 -61.058346
24050.000000 -60.937328
24100.000000 -61.007591
24150.000000 -61.063286
24200.000000 -60.985294
24250.000000 -60.838676
24300.000000 -60.850510
24350.000000 -60.798336
24400.000000 -60.775845
24450.000000 -60.820011
24500.000000 -60.613750
24550.000000 -60.671982
24600.000000 -60.658100
24650.000000 -60.658245
24700.000000 -60.589748
24750.000000 -60.641247
24800.000000 -60.536152
24850.000000 -60.658817
24900.000000 -60.701530
24950.000000 -60.624283
25000.000000 -60.547577
25050.000000 -60.571327
25100.000000 -60.456726
25150.000000 -60.442768
25200.000000 -60.450302
25250.000000 -60.654671
25300.000000 -60.517139
25350.000000 -60.529106
25400.000000 -60.656242
25450.000000 -60.557465
25500.000000 -60.614178
25550.000000 -60.628273
25600.000000 -60.676422
25650.000000 -60.712456
25700.000000 -60.661247
25750.000000 -60.703827
25800.000000 -60.708286
25850.000000 -60.778019
25900.000000 -60.791508
25950.000000 -60.816078
26000.000000 -60.854893
26050.000000 -60.677998
26100.000000 -60.871727
26150.000000 -60.771931
26200.000000 -60.693344
26250.000000 -60.848461
26300.000000 -60.823654
26350.000000 -60.974613
26400.000000 -60.880672
26450.000000 -60.814770
26500.000000 -60.875099
26550.000000 -60.832546
26600.000000 -60.870117
26650.000000 -60.777004
26700.000000 -60.769905
26750.000000 -60.602665
26800.000000 -60.640251
26850.000000 -60.713894
26900.000000 -60.689899
26950.000000 -60.592300
27000.000000 -60.575150
27050.000000 -60.459377
27100.000000 -60.469166
27150.000000 -60.450161
27200.000000 -60.329014
27250.000000 -60.364323
27300.000000 -60.168083
27350.000000 -60.317730
27400.000000 -60.291653
27450.000000 -60.248718
27500.000000 -60.170654
27550.000000 -60.133827
27600.000000 -60.251720
27650.000000 -60.144196
27700.000000 -60.219582
27750.000000 -60.092739
27800.000000 -60.253357
27850.000000 -60.291241
27900.000000 -60.170784
27950.000000 -60.225430
28000.000000 -60.174572
28050.000000 -60.220398
28100.000000 -60.204777
28150.000000 -60.236183
28200.000000 -60.312096
28250.000000 -60.204643
28300.000000 -60.380646
28350.000000 -60.398113
28400.000000 -60.329975
28450.000000 -60.388821
28500.000000 -60.424656
28550.000000 -60.461197
28600.000000 -60.517139
28650.000000 -60.675419
28700.000000 -60.477844
28750.000000 -60.583649
28800.000000 -60.715046
28850.000000 -60.699085
28900.000000 -60.728008
28950.000000 -61.027260
29000.000000 -61.005657
29050.000000 -61.225368
29100.000000 -61.248753
29150.000000 -61.188362
29200.000000 -61.459091
29250.000000 -61.539734
29300.000000 -61.761227
29350.000000 -61.590839
29400.000000 -61.879719
29450.000000 -62.146404
29500.000000 -62.174278
29550.000000 -62.366718
29600.000000 -62.297894
29650.000000 -62.562805
29700.000000 -62.417164
29750.000000 -62.568504
29800.000000 -62.675327
29850.000000 -62.693382
29900.000000 -62.937683
29950.000000 -63.015354
30000.000000 -63.262070
30050.000000 -63.065006
30100.000000 -63.335308
30150.000000 -63.601448
30200.000000 -63.614296
30250.000000 -63.640659
30300.000000 -63.667709
30350.000000 -63.857170
30400.000000 -64.144333
30450.000000 -64.061218
30500.000000 -64.136642
30550.000000 -64.373505
30600.000000 -64.390625
30650.000000 -64.546249
30700.000000 -64.738960
30750.000000 -64.733467
30800.000000 -64.746277
30850.000000 -64.953133
30900.000000 -64.948448
30950.000000 -64.781830
31000.000000 -65.043617
31050.000000 -65.172958
31100.000000 -65.039589
31150.000000 -65.502007
31200.000000 -65.680374
31250.000000 -65.505005
31300.000000 -65.756927
31350.000000 -65.774170
31400.000000 -66.013184
31450.000000 -66.353745
31500.000000 -66.310883
31550.000000 -66.278603
31600.000000 -66.493126
31650.000000 -66.631363
31700.000000 -66.803986
31750.000000 -66.875351
31800.000000 -66.865997
31850.000000 -66.720551
31900.000000 -66.831879
31950.000000 -67.277924
32000.000000 -67.266289
32050.000000 -67.265984
32100.000000 -67.562553
32150.000000 -67.722290
32200.000000 -67.759125
32250.000000 -67.885353
32300.000000 -68.222328
32350.000000 -68.023117
32400.000000 -68.142776
32450.000000 -68.181099
32500.000000 -68.371841
32550.000000 -68.574333
32600.000000 -68.414337
32650.000000 -68.474609
32700.000000 -68.529633
32750.000000 -68.989571
32800.000000 -68.884621
32850.000000 -68.806458
32900.000000 -69.201813
32950.000000 -69.189209
33000.000000 -69.250504
33050.000000 -69.479965
33100.000000 -69.488655
33150.000000 -69.777519
33200.000000 -69.545341
33250.000000 -69.742050
33300.000000 -69.761192
33350.000000 -69.814774
33400.000000 -69.883560
33450.000000 -70.124657
33500.000000 -69.858780
33550.000000 -70.080559
33600.000000 -70.279953
33650.000000 -70.670364
33700.000000 -70.168991
33750.000000 -70.662674
33800.000000 -70.836746
33850.000000 -70.876991
33900.000000 -70.729424
33950.000000 -70.976784
34000.000000 -70.889053
34050.000000 -70.867722
34100.000000 -71.330963
34150.000000 -71.309982
34200.000000 -71.553131
34250.000000 -71.452477
34300.000000 -71.519112
34350.000000 -71.506645
34400.000000 -71.495186
34450.000000 -72.039085
34500.000000 -71.817726
34550.000000 -71.940529
34600.000000 -72.038025
34650.000000 -71.909668
34700.000000 -72.227135
34750.000000 -72.239601
34800.000000 -71.930054
34850.000000 -72.812988
34900.000000 -72.591042
34950.000000 -72.203339
35000.000000 -72.781181
35050.000000 -72.989166
35100.000000 -72.791580
35150.000000 -73.077713
35200.000000 -73.055046
35250.000000 -73.325531
35300.000000 -73.591385
35350.000000 -73.196800
35400.000000 -73.754509
35450.000000 -73.681206
35500.000000 -73.523842
35550.000000 -74.180656
35600.000000 -73.720352
35650.000000 -74.269958
35700.000000 -74.023384
35750.000000 -74.313232
35800.000000 -74.182686
35850.000000 -74.886810
35900.000000 -75.328972
35950.000000 -75.415321
36000.000000 -75.578682
36050.000000 -75.368538
36100.000000 -75.320457
36150.000000 -75.812843
36200.000000 -75.459999
36250.000000 -75.338264
36300.000000 -75.804657
36350.000000 -75.445862
36400.000000 -76.044235
36450.000000 -75.490700
36500.000000 -76.179771
36550.000000 -76.034988
36600.000000 -76.220840
36650.000000 -76.229424
36700.000000 -76.466171
36750.000000 -76.530823
36800.000000 -76.510399
36850.000000 -76.374016
36900.000000 -76.574493
36950.000000 -76.958076
37000.000000 -77.267944
37050.000000 -77.396629
37100.000000 -77.491425
37150.000000 -77.430099
37200.000000 -77.222580
37250.000000 -77.531235
37300.000000 -77.213928
37350.000000 -77.522263
37400.000000 -77.445877
37450.000000 -77.750427
37500.000000 -77.644684
37550.000000 -77.707565
37600.000000 -77.743271
37650.000000 -77.896912
37700.000000 -78.199669
37750.000000 -78.128860
37800.000000 -78.215843
37850.000000 -78.135277
37900.000000 -78.335381
37950.000000 -78.493279
38000.000000 -78.637093
38050.000000 -79.046501
38100.000000 -77.999474
38150.000000 -78.606560
38200.000000 -78.394669
38250.000000 -79.012131
38300.000000 -78.600914
38350.000000 -79.746101
38400.000000 -79.349815
38450.000000 -79.421440
38500.000000 -79.870560
38550.000000 -79.226494
38600.000000 -78.621246
38650.000000 -78.956711
38700.000000 -78.956711
38750.000000 -79.406570
38800.000000 -79.237411
38850.000000 -79.797745
38900.000000 -79.992851
38950.000000 -79.955849
39000.000000 -80.265923
39050.000000 -80.688759
39100.000000 -80.308395
39150.000000 -80.543633
39200.000000 -80.480370
39250.000000 -80.223663
39300.000000 -79.905884
39350.000000 -80.094086
39400.000000 -81.234993
39450.000000 -80.916985
39500.000000 -80.523903
39550.000000 -81.101585
39600.000000 -80.927299
39650.000000 -80.845108
39700.000000 -80.684456
39750.000000 -81.971207
39800.000000 -81.744690
39850.000000 -82.428749
39900.000000 -82.313805
39950.000000 -81.966217
40000.000000 -82.416473
