0.000000 -85.626259
50.000000 -84.477188
100.000000 -83.908157
150.000000 -84.174072
200.000000 -84.353798
250.000000 -86.118706
300.000000 -84.131317
350.000000 -86.014778
400.000000 -85.093277
450.000000 -87.667023
500.000000 -85.956696
550.000000 -84.584373
600.000000 -85.606018
650.000000 -86.232048
700.000000 -86.874481
750.000000 -87.278549
800.000000 -86.006836
850.000000 -87.561928
900.000000 -85.972504
950.000000 -86.175186
1000.000000 -86.221184
1050.000000 -87.013031
1100.000000 -87.520874
1150.000000 -89.266678
1200.000000 -86.672142
1250.000000 -86.732346
1300.000000 -86.880333
1350.000000 -87.654213
1400.000000 -88.267204
1450.000000 -88.050209
1500.000000 -87.370956
1550.000000 -87.386452
1600.000000 -85.888550
1650.000000 -86.105316
1700.000000 -86.349625
1750.000000 -85.628792
1800.000000 -86.485580
1850.000000 -86.393784
1900.000000 -87.429985
1950.000000 -85.946182
2000.000000 -84.879143
2050.000000 -83.846031
2100.000000 -85.222885
2150.000000 -87.187119
2200.000000 -86.674995
2250.000000 -86.466026
2300.000000 -85.961960
2350.000000 -85.654167
2400.000000 -86.371674
2450.000000 -89.648582
2500.000000 -88.700089
2550.000000 -88.617485
2600.000000 -88.823662
2650.000000 -88.963875
2700.000000 -87.272423
2750.000000 -86.848198
2800.000000 -88.356926
2850.000000 -86.772720
2900.000000 -88.750763
2950.000000 -87.436226
3000.000000 -87.940407
3050.000000 -87.728111
3100.000000 -87.303093
3150.000000 -87.309242
3200.000000 -88.967598
3250.000000 -87.184090
3300.000000 -89.278244
3350.000000 -89.224419
3400.000000 -87.051750
3450.000000 -92.802010
3500.000000 -88.374290
3550.000000 -89.815193
3600.000000 -89.717285
3650.000000 -89.839851
3700.000000 -89.790611
3750.000000 -93.102264
3800.000000 -90.888138
3850.000000 -91.679863
3900.000000 -93.614250
3950.000000 -93.060432
4000.000000 -89.993439
4050.000000 -92.830986
4100.000000 -93.174446
4150.000000 -88.801720
4200.000000 -89.757942
4250.000000 -91.483757
4300.000000 -87.854866
4350.000000 -90.944031
4400.000000 -86.030685
4450.000000 -88.416107
4500.000000 -87.214447
4550.000000 -88.956444
4600.000000 -89.441772
4650.000000 -89.532639
4700.000000 -88.867691
4750.000000 -87.498848
4800.000000 -87.773399
4850.000000 -89.418221
4900.000000 -90.141273
4950.000000 -88.077042
5000.000000 -89.644562
5050.000000 -92.635796
5100.000000 -89.201447
5150.000000 -90.222588
5200.000000 -89.770180
5250.000000 -90.149796
5300.000000 -89.262833
5350.000000 -91.906555
5400.000000 -90.313362
5450.000000 -89.398643
5500.000000 -92.618774
5550.000000 -88.430077
5600.000000 -89.465385
5650.000000 -88.588936
5700.000000 -93.990829
5750.000000 -93.247231
5800.000000 -91.518631
5850.000000 -90.145531
5900.000000 -92.209305
5950.000000 -89.057373
6000.000000 -92.225533
6050.000000 -89.709167
6100.000000 -89.544563
6150.000000 -93.768105
6200.000000 -93.898430
6250.000000 -91.844139
6300.000000 -91.684952
6350.000000 -92.562302
6400.000000 -94.573997
6450.000000 -93.108253
6500.000000 -92.220116
6550.000000 -91.710426
6600.000000 -89.798798
6650.000000 -92.918518
6700.000000 -92.989189
6750.000000 -90.967422
6800.000000 -89.140495
6850.000000 -92.977371
6900.000000 -94.391426
6950.000000 -94.524467
7000.000000 -91.214523
7050.000000 -91.228996
7100.000000 -89.852203
7150.000000 -93.180489
7200.000000 -93.339081
7250.000000 -87.027908
7300.000000 -89.840042
7350.000000 -91.171249
7400.000000 -94.811394
7450.000000 -91.340759
7500.000000 -91.761612
7550.000000 -89.947495
7600.000000 -91.132965
7650.000000 -92.467125
7700.000000 -93.326782
7750.000000 -91.296852
7800.000000 -91.787315
7850.000000 -95.493881
7900.000000 -94.199005
7950.000000 -89.968346
8000.000000 -89.955826
8050.000000 -91.404572
8100.000000 -91.751350
8150.000000 -89.560486
8200.000000 -91.828606
8250.000000 -89.278244
8300.000000 -90.722603
8350.000000 -92.848427
8400.000000 -91.228996
8450.000000 -91.458939
8500.000000 -89.355728
8550.000000 -89.868698
8600.000000 -91.263031
8650.000000 -92.658531
8700.000000 -89.125320
8750.000000 -92.450439
8800.000000 -90.736275
8850.000000 -89.540588
8900.000000 -91.528625
8950.000000 -78.463249
9000.000000 -73.684410
9050.000000 -70.800827
9100.000000 -68.824379
9150.000000 -66.589943
9200.000000 -65.209587
9250.000000 -64.052338
9300.000000 -63.281193
9350.000000 -62.054245
9400.000000 -61.471642
9450.000000 -61.007591
9500.000000 -60.565102
9550.000000 -59.886368
9600.000000 -59.532501
9650.000000 -59.413750
9700.000000 -59.025150
9750.000000 -58.664207
9800.000000 -58.386848
9850.000000 -58.317123
9900.000000 -58.272579
9950.000000 -58.062119
10000.000000 -58.149506
10050.000000 -58.100693
10100.000000 -58.204407
10150.000000 -58.122234
10200.000000 -58.231178
10250.000000 -58.469799
10300.000000 -58.552761
10350.000000 -58.760429
10400.000000 -59.054104
10450.000000 -59.344528
10500.000000 -59.794762
10550.000000 -60.100513
10600.000000 -60.455608
10650.000000 -60.837948
10700.000000 -61.292168
10750.000000 -61.763012
10800.000000 -62.653000
10850.000000 -63.394077
10900.000000 -64.228241
10950.000000 -64.806000
11000.000000 -65.920982
11050.000000 -66.775604
11100.000000 -67.631836
11150.000000 -68.580025
11200.000000 -69.038956
11250.000000 -69.591606
11300.000000 -69.369347
11350.000000 -68.863632
11400.000000 -68.689262
11450.000000 -67.590767
11500.000000 -66.778206
11550.000000 -65.764381
11600.000000 -65.398499
11650.000000 -64.386673
11700.000000 -63.784126
11750.000000 -63.418011
11800.000000 -62.643646
11850.000000 -62.271172
11900.000000 -61.883667
11950.000000 -61.301090
12000.000000 -61.242481
12050.000000 -60.937916
12100.000000 -60.537563
12150.000000 -60.410748
12200.000000 -60.430920
12250.000000 -60.174030
12300.000000 -60.175110
12350.000000 -59.981598
12400.000000 -59.878132
12450.000000 -60.061852
12500.000000 -60.123337
12550.000000 -60.147297
12600.000000 -60.328873
12650.000000 -60.415337
12700.000000 -60.628132
12750.000000 -60.821907
12800.000000 -60.984112
12850.000000 -61.197788
12900.000000 -61.477295
12950.000000 -61.780727
13000.000000 -61.969368
13050.000000 -62.265835
13100.000000 -62.796642
13150.000000 -63.085022
13200.000000 -63.434723
13250.000000 -63.835503
13300.000000 -63.933964
13350.000000 -64.755440
13400.000000 -65.205719
13450.000000 -65.367218
13500.000000 -65.702065
13550.000000 -65.891937
13600.000000 -65.857010
13650.000000 -66.062050
13700.000000 -66.091949
13750.000000 -65.885674
13800.000000 -65.509003
13850.000000 -65.103516
13900.000000 -64.971199
13950.000000 -64.727074
14000.000000 -64.286446
14050.000000 -63.970520
14100.000000 -63.551434
14150.000000 -63.330643
14200.000000 -63.000549
14250.000000 -62.689407
14300.000000 -62.505493
14350.000000 -62.287193
14400.000000 -62.113041
14450.000000 -61.963219
14500.000000 -61.751003
14550.000000 -61.534199
14600.000000 -61.545433
14650.000000 -61.501053
14700.000000 -61.423107
14750.000000 -61.435135
14800.000000 -61.351280
14850.000000 -61.311565
14900.000000 -61.401585
14950.000000 -61.439358
15000.000000 -61.527874
15050.000000 -61.554146
15100.000000 -61.620178
15150.000000 -61.654263
15200.000000 -61.815125
15250.000000 -61.997849
15300.000000 -62.238354
15350.000000 -62.579205
15400.000000 -62.815498
15450.000000 -62.709118
15500.000000 -63.094101
15550.000000 -63.318592
15600.000000 -63.537281
15650.000000 -63.646503
15700.000000 -63.877651
15750.000000 -64.110649
15800.000000 -64.145622
15850.000000 -64.437553
15900.000000 -64.452583
15950.000000 -64.674248
16000.000000 -64.388206
16050.000000 -64.645241
16100.000000 -64.472084
16150.000000 -64.463654
16200.000000 -64.390404
16250.000000 -64.127686
16300.000000 -64.162285
16350.000000 -64.038193
16400.000000 -64.000092
16450.000000 -63.723686
16500.000000 -63.764069
16550.000000 -63.422138
16600.000000 -63.425873
16650.000000 -63.015354
16700.000000 -62.991383
16750.000000 -62.877113
16800.000000 -62.590443
16850.000000 -62.476891
16900.000000 -62.495419
16950.000000 -62.138435
17000.000000 -62.119976
17050.000000 -62.165260
17100.000000 -62.202583
17150.000000 -62.175129
17200.000000 -62.216942
17250.000000 -62.219509
17300.000000 -62.215233
17350.000000 -62.155235
17400.000000 -62.369850
17450.000000 -62.505318
17500.000000 -62.367935
17550.000000 -62.557465
17600.000000 -62.626595
17650.000000 -62.421719
17700.000000 -62.799568
17750.000000 -62.931736
17800.000000 -63.093723
17850.000000 -63.251076
17900.000000 -63.199013
17950.000000 -63.500515
18000.000000 -63.493576
18050.000000 -63.733665
18100.000000 -63.660229
18150.000000 -63.721043
18200.000000 -63.923756
18250.000000 -63.920631
18300.000000 -64.013542
18350.000000 -63.962570
18400.000000 -63.936672
18450.000000 -63.810600
18500.000000 -63.851799
18550.000000 -63.905033
18600.000000 -63.807312
18650.000000 -63.763046
18700.000000 -63.749157
18750.000000 -63.544453
18800.000000 -63.507061
18850.000000 -63.456600
18900.000000 -63.479122
18950.000000 -63.454624
19000.000000 -63.335117
19050.000000 -63.256668
19100.000000 -63.294739
19150.000000 -63.157543
19200.000000 -63.135078
19250.000000 -62.951820
19300.000000 -62.959831
19350.000000 -63.030746
19400.000000 -62.825035
19450.000000 -62.878407
19500.000000 -62.773449
19550.000000 -62.678394
19600.000000 -62.782936
19650.000000 -62.766338
19700.000000 -62.813484
19750.000000 -62.727604
19800.000000 -62.724522
19850.000000 -62.721619
19900.000000 -62.822651
19950.000000 -62.671902
20000.000000 -62.760689
20050.000000 -62.869919
20100.000000 -62.933037
20150.000000 -62.966728
20200.000000 -63.091076
20250.000000 -63.211472
20300.000000 -63.240101
20350.000000 -63.209553
20400.000000 -63.229908
20450.000000 -63.199203
20500.000000 -63.160595
20550.000000 -63.417618
20600.000000 -63.434921
20650.000000 -63.404465
20700.000000 -63.528126
20750.000000 -63.479916
20800.000000 -63.538673
20850.000000 -63.564407
20900.000000 -63.471016
20950.000000 -63.666492
21000.000000 -63.537079
21050.000000 -63.452850
21100.000000 -63.372360
21150.000000 -63.372555
21200.000000 -63.190777
21250.000000 -63.346992
21300.000000 -63.342319
21350.000000 -63.177391
21400.000000 -63.286800
21450.000000 -63.028679
21500.000000 -63.055580
21550.000000 -63.136219
21600.000000 -63.112858
21650.000000 -62.928581
21700.000000 -63.017227
21750.000000 -63.058971
21800.000000 -63.143829
21850.000000 -63.133747
21900.000000 -63.056335
21950.000000 -63.171852
22000.000000 -63.173954
22050.000000 -63.261105
22100.000000 -63.220875
22150.000000 -63.158115
22200.000000 -63.150494
22250.000000 -63.174526
22300.000000 -63.111530
22350.000000 -63.152588
22400.000000 -63.118931
22450.000000 -63.256474
22500.000000 -63.132034
22550.000000 -63.269791
22600.000000 -63.259560
22650.000000 -63.260719
22700.000000 -62.985397
22750.000000 -63.434723
22800.000000 -63.344460
22850.000000 -63.393684
22900.000000 -63.535889
22950.000000 -63.361423
23000.000000 -63.395058
23050.000000 -63.319756
23100.000000 -63.091076
23150.000000 -63.318592
23200.000000 -63.279064
23250.000000 -63.346798
23300.000000 -63.525139
23350.000000 -63.341927
23400.000000 -63.337063
23450.000000 -63.367672
23500.000000 -63.424889
23550.000000 -63.373726
23600.000000 -63.365326
23650.000000 -63.499523
23700.000000 -63.411728
23750.000000 -63.486443
23800.000000 -63.462322
23850.000000 -63.337646
23900.000000 -63.361229
23950.000000 -63.323448
24000.000000 -63.348160
24050.000000 -63.291252
24100.000000 -63.275585
24150.000000 -63.123108
24200.000000 -63.209171
24250.000000 -62.915779
24300.000000 -63.158306
24350.000000 -63.162312
24400.000000 -63.049744
24450.000000 -63.181023
24500.000000 -63.200542
24550.000000 -63.243179
24600.000000 -63.318981
24650.000000 -63.322475
24700.000000 -63.361423
24750.000000 -63.250885
24800.000000 -63.232983
24850.000000 -63.180832
24900.000000 -63.173763
24950.000000 -63.353817
25000.000000 -63.339203
25050.000000 -63.418991
25100.000000 -63.372749
25150.000000 -63.360836
25200.000000 -63.307919
25250.000000 -63.186378
25300.000000 -63.254738
25350.000000 -63.380375
25400.000000 -63.289318
25450.000000 -63.275970
25500.000000 -63.137169
25550.000000 -63.289318
25600.000000 -63.313156
25650.000000 -63.311409
25700.000000 -63.300743
25750.000000 -63.337646
25800.000000 -63.235676
25850.000000 -63.240871
25900.000000 -63.242989
25950.000000 -63.405838
26000.000000 -63.349525
26050.000000 -63.292995
26100.000000 -63.290672
26150.000000 -63.307529
26200.000000 -63.359665
26250.000000 -63.170517
26300.000000 -63.390358
26350.000000 -63.187908
26400.000000 -63.283512
26450.000000 -63.229908
26500.000000 -63.204952
26550.000000 -63.296288
26600.000000 -63.330448
26650.000000 -63.240101
26700.000000 -63.202843
26750.000000 -63.286606
26800.000000 -63.122349
26850.000000 -62.992878
26900.000000 -63.097511
26950.000000 -63.016106
27000.000000 -63.016293
27050.000000 -63.033375
27100.000000 -63.036007
27150.000000 -62.988575
27200.000000 -62.922455
27250.000000 -62.977180
27300.000000 -63.020794
27350.000000 -63.057465
27400.000000 -63.020981
27450.000000 -63.235676
27500.000000 -63.063499
27550.000000 -63.061611
27600.000000 -63.153923
27650.000000 -63.169373
27700.000000 -63.117981
27750.000000 -63.340176
27800.000000 -63.416046
27850.000000 -63.241253
27900.000000 -63.261295
27950.000000 -63.376465
28000.000000 -63.355373
28050.000000 -63.347969
28100.000000 -63.444767
28150.000000 -63.386833
28200.000000 -63.524940
28250.000000 -63.421940
28300.000000 -63.339592
28350.000000 -63.427250
28400.000000 -63.422333
28450.000000 -63.362984
28500.000000 -63.448906
28550.000000 -63.368649
28600.000000 -63.229713
28650.000000 -63.384876
28700.000000 -63.166698
28750.000000 -63.198055
28800.000000 -63.084835
28850.000000 -63.217419
28900.000000 -62.965237
28950.000000 -63.037514
29000.000000 -63.370014
29050.000000 -63.340176
29100.000000 -63.534492
29150.000000 -63.582607
29200.000000 -63.607868
29250.000000 -63.704582
29300.000000 -63.837566
29350.000000 -64.171280
29400.000000 -64.245728
29450.000000 -64.201546
29500.000000 -64.315804
29550.000000 -64.146896
29600.000000 -64.525024
29650.000000 -64.592903
29700.000000 -64.599876
29750.000000 -64.731873
29800.000000 -64.884254
29850.000000 -65.002029
29900.000000 -65.104233
29950.000000 -65.159271
30000.000000 -65.295235
30050.000000 -65.371399
30100.000000 -65.525764
30150.000000 -65.740990
30200.000000 -65.796356
30250.000000 -65.811867
30300.000000 -65.962479
30350.000000 -66.015564
30400.000000 -66.166817
30450.000000 -66.223343
30500.000000 -66.408173
30550.000000 -66.528748
30600.000000 -66.732338
30650.000000 -66.896431
30700.000000 -66.776466
30750.000000 -66.872437
30800.000000 -66.833626
30850.000000 -66.914635
30900.000000 -67.251007
30950.000000 -67.248871
31000.000000 -67.321846
31050.000000 -67.610481
31100.000000 -67.485649
31150.000000 -67.742310
31200.000000 -67.647171
31250.000000 -67.828705
31300.000000 -68.013779
31350.000000 -68.122490
31400.000000 -67.951645
31450.000000 -67.865341
31500.000000 -68.356567
31550.000000 -68.214142
31600.000000 -68.572906
31650.000000 -68.491501
31700.000000 -68.689980
31750.000000 -68.886093
31800.000000 -68.669456
31850.000000 -69.128723
31900.000000 -68.998154
31950.000000 -69.166328
32000.000000 -69.147697
32050.000000 -69.253967
32100.000000 -69.408409
32150.000000 -69.449226
32200.000000 -69.496956
32250.000000 -69.699432
32300.000000 -69.826271
32350.000000 -69.909233
32400.000000 -69.816002
32450.000000 -69.888519
32500.000000 -70.042984
32550.000000 -70.181389
32600.000000 -70.187386
32650.000000 -70.371330
32700.000000 -70.314651
32750.000000 -70.365646
32800.000000 -70.402000
32850.000000 -70.895554
32900.000000 -70.591492
32950.000000 -71.086754
33000.000000 -70.653625
33050.000000 -71.427742
33100.000000 -71.208725
33150.000000 -71.360329
33200.000000 -71.540604
33250.000000 -71.853973
33300.000000 -71.759537
33350.000000 -71.972031
33400.000000 -71.560150
33450.000000 -71.910187
33500.000000 -71.519112
33550.000000 -71.695625
33600.000000 -72.057655
33650.000000 -72.277107
33700.000000 -72.434319
33750.000000 -72.376823
33800.000000 -72.494995
33850.000000 -72.372971
33900.000000 -72.371315
33950.000000 -72.665909
34000.000000 -72.762726
34050.000000 -72.728806
34100.000000 -73.238075
34150.000000 -73.194984
34200.000000 -73.489952
34250.000000 -73.392166
34300.000000 -73.630127
34350.000000 -73.998772
34400.000000 -74.177940
34450.000000 -73.875458
34500.000000 -73.866951
34550.000000 -74.331154
34600.000000 -74.770622
34650.000000 -74.801163
34700.000000 -74.528671
34750.000000 -74.513161
34800.000000 -75.136063
34850.000000 -74.410187
34900.000000 -74.851570
34950.000000 -74.889015
35000.000000 -74.796066
35050.000000 -75.468651
35100.000000 -74.543510
35150.000000 -74.656700
35200.000000 -75.924034
35250.000000 -75.576294
35300.000000 -75.475731
35350.000000 -76.194290
35400.000000 -75.843994
35450.000000 -76.953407
35500.000000 -76.254364
35550.000000 -75.857147
35600.000000 -75.737869
35650.000000 -76.622871
35700.000000 -76.422165
35750.000000 -76.323524
35800.000000 -76.931038
35850.000000 -76.959007
35900.000000 -77.408424
35950.000000 -76.611198
36000.000000 -77.306740
36050.000000 -77.574234
36100.000000 -76.905937
36150.000000 -77.365257
36200.000000 -78.357292
36250.000000 -77.179375
36300.000000 -77.859543
36350.000000 -77.787331
36400.000000 -77.401543
36450.000000 -77.658844
36500.000000 -78.386963
36550.000000 -78.045914
36600.000000 -78.553658
36650.000000 -79.019234
36700.000000 -78.088356
36750.000000 -78.132065
36800.000000 -78.253700
36850.000000 -79.118050
36900.000000 -79.211952
36950.000000 -78.880653
37000.000000 -78.940277
37050.000000 -79.664108
37100.000000 -78.625771
37150.000000 -79.328941
37200.000000 -79.479919
37250.000000 -79.214378
37300.000000 -79.236198
37350.000000 -79.250778
37400.000000 -79.698608
37450.000000 -80.434265
37500.000000 -80.320763
37550.000000 -80.219589
37600.000000 -80.922874
37650.000000 -80.648674
37700.000000 -80.226387
37750.000000 -80.263191
37800.000000 -80.119576
37850.000000 -80.522491
37900.000000 -80.713181
37950.000000 -80.736229
38000.000000 -80.644394
38050.000000 -79.442543
38100.000000 -80.495789
38150.000000 -80.684456
38200.000000 -81.429672
38250.000000 -81.971207
38300.000000 -80.705986
38350.000000 -81.549240
38400.000000 -80.911095
38450.000000 -82.232872
38500.000000 -81.525513
38550.000000 -81.127190
38600.000000 -81.137756
38650.000000 -81.767403
38700.000000 -81.222778
38750.000000 -81.546074
38800.000000 -81.972870
38850.000000 -82.383278
38900.000000 -83.454636
38950.000000 -83.244148
39000.000000 -83.017982
39050.000000 -83.152214
39100.000000 -83.784340
39150.000000 -83.066902
39200.000000 -83.246078
39250.000000 -82.262054
39300.000000 -82.960022
39350.000000 -83.858421
39400.000000 -83.767960
39450.000000 -85.651627
39500.000000 -84.695168
39550.000000 -85.045761
39600.000000 -84.670166
39650.000000 -83.504089
39700.000000 -85.325043
39750.000000 -82.761063
39800.000000 -84.452812
39850.000000 -83.821297
39900.000000 -84.408669
39950.000000 -83.508057
40000.000000 -85.141052
