0.000000 -53.875519
50.000000 -53.917530
100.000000 -53.979401
150.000000 -53.979401
200.000000 -53.979202
250.000000 -54.392231
300.000000 -55.302380
350.000000 -55.854839
400.000000 -56.248936
450.000000 -56.629787
500.000000 -57.333996
550.000000 -57.255760
600.000000 -57.924107
650.000000 -57.277042
700.000000 -57.110962
750.000000 -56.760784
800.000000 -56.060806
850.000000 -55.201412
900.000000 -54.373558
950.000000 -53.977280
1000.000000 -53.979401
1050.000000 -53.978207
1100.000000 -53.938808
1150.000000 -53.979401
1200.000000 -53.928921
1250.000000 -53.960205
1300.000000 -53.979401
1350.000000 -53.974102
1400.000000 -53.973240
1450.000000 -54.803345
1500.000000 -55.997707
1550.000000 -56.168758
1600.000000 -57.649532
1650.000000 -57.783321
1700.000000 -59.378025
1750.000000 -58.397335
1800.000000 -58.225990
1850.000000 -57.465153
1900.000000 -56.994286
1950.000000 -55.898621
2000.000000 -55.272644
2050.000000 -54.595215
2100.000000 -53.979069
2150.000000 -53.979401
2200.000000 -53.979401
2250.000000 -53.950821
2300.000000 -53.952206
2350.000000 -53.969532
2400.000000 -53.933270
2450.000000 -53.979401
2500.000000 -53.979401
2550.000000 -53.979004
2600.000000 -54.703663
2650.000000 -55.716713
2700.000000 -56.572163
2750.000000 -57.516582
2800.000000 -58.310028
2850.000000 -57.498974
2900.000000 -58.075066
2950.000000 -58.507885
3000.000000 -58.003574
3050.000000 -56.747925
3100.000000 -56.153252
3150.000000 -55.159939
3200.000000 -54.638145
3250.000000 -53.999836
3300.000000 -53.979137
3350.000000 -53.932808
3400.000000 -53.948048
3450.000000 -53.900177
3500.000000 -53.903790
3550.000000 -53.960537
3600.000000 -53.979401
3650.000000 -53.979401
3700.000000 -53.972115
3750.000000 -54.613018
3800.000000 -55.422825
3850.000000 -55.848511
3900.000000 -56.466694
3950.000000 -57.531330
4000.000000 -58.185890
4050.000000 -57.969833
4100.000000 -58.251095
4150.000000 -58.752846
4200.000000 -57.736828
4250.000000 -57.070099
4300.000000 -55.848511
4350.000000 -55.185944
4400.000000 -54.271667
4450.000000 -53.979137
4500.000000 -53.979401
4550.000000 -53.976749
4600.000000 -53.892563
4650.000000 -53.911476
4700.000000 -53.928852
4750.000000 -53.979401
4800.000000 -53.979401
4850.000000 -53.978870
4900.000000 -54.115582
4950.000000 -55.104019
5000.000000 -55.779018
5050.000000 -56.620800
5100.000000 -57.312180
5150.000000 -58.402271
5200.000000 -58.429771
5250.000000 -57.674240
5300.000000 -57.189049
5350.000000 -57.667957
5400.000000 -56.389565
5450.000000 -56.102844
5500.000000 -54.809467
5550.000000 -53.981388
5600.000000 -53.978077
5650.000000 -53.979401
5700.000000 -53.979401
5750.000000 -53.917133
5800.000000 -53.947983
5850.000000 -53.946331
5900.000000 -53.967880
5950.000000 -53.979401
6000.000000 -53.978207
6050.000000 -54.020916
6100.000000 -54.552635
6150.000000 -55.875755
6200.000000 -56.826202
6250.000000 -57.770702
6300.000000 -58.015274
6350.000000 -58.411758
6400.000000 -57.390537
6450.000000 -55.717361
6500.000000 -54.814499
6550.000000 -54.195927
6600.000000 -53.976089
6650.000000 -53.954521
6700.000000 -53.932213
6750.000000 -53.979401
6800.000000 -53.975491
6850.000000 -53.946728
6900.000000 -53.931885
6950.000000 -53.978008
7000.000000 -54.118950
7050.000000 -55.279877
7100.000000 -56.393852
7150.000000 -57.791233
7200.000000 -59.192608
7250.000000 -60.897850
7300.000000 -62.585979
7350.000000 -61.575253
7400.000000 -62.169003
7450.000000 -60.621719
7500.000000 -59.295872
7550.000000 -58.289215
7600.000000 -56.838261
7650.000000 -55.466995
7700.000000 -54.302151
7750.000000 -53.975822
7800.000000 -53.959347
7850.000000 -53.953659
7900.000000 -53.963711
7950.000000 -53.979401
8000.000000 -53.962322
8050.000000 -53.932545
8100.000000 -53.945869
8150.000000 -53.979137
8200.000000 -54.863739
8250.000000 -56.142963
8300.000000 -57.302849
8350.000000 -58.396320
8400.000000 -59.331635
8450.000000 -61.095402
8500.000000 -61.487827
8550.000000 -62.522842
8600.000000 -60.273029
8650.000000 -59.037479
8700.000000 -58.381897
8750.000000 -57.232502
8800.000000 -56.882397
8850.000000 -60.692482
8900.000000 -56.263405
8950.000000 -53.976948
9000.000000 -53.923191
9050.000000 -53.958950
9100.000000 -54.691936
9150.000000 -56.912716
9200.000000 -55.960754
9250.000000 -53.971321
9300.000000 -53.945339
9350.000000 -53.912003
9400.000000 -53.978207
9450.000000 -55.234966
9500.000000 -54.787766
9550.000000 -53.960007
9600.000000 -53.961922
9650.000000 -53.979401
9700.000000 -53.967350
9750.000000 -54.673893
9800.000000 -54.173939
9850.000000 -54.023514
9900.000000 -54.168316
9950.000000 -54.400089
10000.000000 -54.661266
10050.000000 -54.921528
10100.000000 -55.049881
10150.000000 -55.320072
10200.000000 -55.508698
10250.000000 -55.719223
10300.000000 -56.028191
10350.000000 -56.232086
10400.000000 -56.522202
10450.000000 -56.650131
10500.000000 -56.940166
10550.000000 -57.180328
10600.000000 -57.371323
10650.000000 -57.653683
10700.000000 -57.825214
10750.000000 -58.061058
10800.000000 -58.437408
10850.000000 -58.588177
10900.000000 -58.745163
10950.000000 -59.007992
11000.000000 -59.362740
11050.000000 -59.510921
11100.000000 -59.804863
11150.000000 -60.159977
11200.000000 -60.265511
11250.000000 -60.466228
11300.000000 -60.629269
11350.000000 -60.999260
11400.000000 -61.181374
11450.000000 -61.474781
11500.000000 -61.648170
11550.000000 -61.906746
11600.000000 -62.043507
11650.000000 -62.098179
11700.000000 -62.626770
11750.000000 -62.848736
11800.000000 -62.938984
11850.000000 -63.098457
11900.000000 -63.315292
11950.000000 -63.694637
12000.000000 -63.864822
12050.000000 -64.088768
12100.000000 -64.236443
12150.000000 -64.554977
12200.000000 -64.845039
12250.000000 -64.884720
12300.000000 -65.300842
12350.000000 -65.524765
12400.000000 -65.723808
12450.000000 -65.847916
12500.000000 -65.966171
12550.000000 -66.133995
12600.000000 -66.456535
12650.000000 -66.936104
12700.000000 -67.072662
12750.000000 -67.339722
12800.000000 -67.595856
12850.000000 -67.806534
12900.000000 -67.981163
12950.000000 -68.226433
13000.000000 -68.377060
13050.000000 -68.977264
13100.000000 -68.940826
13150.000000 -68.645042
13200.000000 -69.188446
13250.000000 -69.428009
13300.000000 -69.876122
13350.000000 -70.159592
13400.000000 -69.938736
13450.000000 -70.613953
13500.000000 -70.681236
13550.000000 -70.911835
13600.000000 -71.310471
13650.000000 -71.591301
13700.000000 -71.622063
13750.000000 -71.938431
13800.000000 -72.222267
13850.000000 -72.357559
13900.000000 -71.863838
13950.000000 -72.777718
14000.000000 -73.386589
14050.000000 -73.205284
14100.000000 -73.370514
14150.000000 -73.852570
14200.000000 -73.684410
14250.000000 -74.110405
14300.000000 -74.537857
14350.000000 -74.485718
14400.000000 -74.908173
14450.000000 -74.668869
14500.000000 -75.436455
14550.000000 -75.832504
14600.000000 -75.740303
14650.000000 -75.593033
14700.000000 -76.093117
14750.000000 -76.290604
14800.000000 -76.721352
14850.000000 -76.703201
14900.000000 -76.212273
14950.000000 -76.844894
15000.000000 -77.484482
15050.000000 -77.976341
15100.000000 -78.332100
15150.000000 -78.122452
15200.000000 -78.179222
15250.000000 -78.901649
15300.000000 -79.244698
15350.000000 -78.812180
15400.000000 -78.691643
15450.000000 -78.641624
15500.000000 -80.184319
15550.000000 -79.000313
15600.000000 -80.329018
15650.000000 -80.996887
15700.000000 -80.833427
15750.000000 -80.842186
15800.000000 -81.304024
15850.000000 -80.829048
15900.000000 -81.839172
15950.000000 -81.073036
16000.000000 -82.051399
16050.000000 -81.342606
16100.000000 -82.150993
16150.000000 -82.483246
16200.000000 -82.205498
16250.000000 -83.177017
16300.000000 -81.746307
16350.000000 -83.735298
16400.000000 -84.393265
16450.000000 -82.804878
16500.000000 -82.956299
16550.000000 -82.848923
16600.000000 -83.678436
16650.000000 -84.965576
16700.000000 -83.759781
16750.000000 -84.082405
16800.000000 -85.303047
16850.000000 -86.327621
16900.000000 -85.119522
16950.000000 -87.205330
17000.000000 -86.924339
17050.000000 -85.249519
17100.000000 -84.937447
17150.000000 -86.443733
17200.000000 -85.513016
17250.000000 -86.025383
17300.000000 -85.334831
17350.000000 -84.627167
17400.000000 -84.266716
17450.000000 -87.135735
17500.000000 -86.909645
17550.000000 -88.900871
17600.000000 -86.550140
17650.000000 -88.710922
17700.000000 -87.904114
17750.000000 -87.171974
17800.000000 -88.628220
17850.000000 -87.590462
17900.000000 -88.384720
17950.000000 -88.185196
18000.000000 -88.294708
18050.000000 -86.575531
18100.000000 -87.306168
18150.000000 -87.907410
18200.000000 -89.939163
18250.000000 -89.239761
18300.000000 -91.777023
18350.000000 -89.901794
18400.000000 -90.591507
18450.000000 -89.309158
18500.000000 -88.370811
18550.000000 -90.595993
18600.000000 -89.592415
18650.000000 -90.587021
18700.000000 -90.546761
18750.000000 -91.695129
18800.000000 -89.935005
18850.000000 -92.139320
18900.000000 -92.198502
18950.000000 -91.828606
19000.000000 -89.216751
19050.000000 -91.473824
19100.000000 -93.308357
19150.000000 -88.521507
19200.000000 -92.372986
19250.000000 -89.548538
19300.000000 -91.690041
19350.000000 -90.014404
19400.000000 -89.939163
19450.000000 -91.990479
19500.000000 -89.922539
19550.000000 -95.100578
19600.000000 -92.345490
19650.000000 -92.258087
19700.000000 -89.324654
19750.000000 -93.265526
19800.000000 -89.819305
19850.000000 -90.958061
19900.000000 -92.241791
19950.000000 -91.258011
20000.000000 -93.265526
20050.000000 -91.262856
20100.000000 -93.852592
20150.000000 -92.836800
20200.000000 -90.188255
20250.000000 -90.014404
20300.000000 -90.257057
20350.000000 -91.365250
20400.000000 -93.931313
20450.000000 -91.756477
20500.000000 -92.761597
20550.000000 -92.296219
20600.000000 -90.814178
20650.000000 -87.956955
20700.000000 -88.287827
20750.000000 -88.642540
20800.000000 -87.937103
20850.000000 -91.109123
20900.000000 -91.080597
20950.000000 -89.729462
21000.000000 -89.076195
21050.000000 -88.646126
21100.000000 -88.926758
21150.000000 -94.246712
21200.000000 -93.126259
21250.000000 -92.461563
21300.000000 -89.980888
21350.000000 -91.664619
21400.000000 -93.222900
21450.000000 -93.550941
21500.000000 -95.947304
21550.000000 -91.080597
21600.000000 -93.400864
21650.000000 -89.512802
21700.000000 -93.326782
21750.000000 -93.646080
21800.000000 -91.629158
21850.000000 -92.166168
21900.000000 -93.563568
21950.000000 -93.800499
22000.000000 -93.463081
22050.000000 -91.890907
22100.000000 -89.717285
22150.000000 -91.513641
22200.000000 -93.394661
22250.000000 -92.652840
22300.000000 -92.450439
22350.000000 -92.865898
22400.000000 -96.496254
22450.000000 -94.914101
22500.000000 -92.472702
22550.000000 -92.345490
22600.000000 -90.248428
22650.000000 -92.755836
22700.000000 -91.123421
22750.000000 -90.528923
22800.000000 -97.283478
22850.000000 -91.761612
22900.000000 -94.659576
22950.000000 -93.800499
23000.000000 -94.030739
23050.000000 -92.630119
23100.000000 -93.308357
23150.000000 -94.111099
23200.000000 -91.345650
23250.000000 -91.578743
23300.000000 -95.337517
23350.000000 -90.555695
23400.000000 -92.511787
23450.000000 -92.187706
23500.000000 -90.239807
23550.000000 -91.137741
23600.000000 -94.724312
23650.000000 -94.559814
23700.000000 -91.735985
23750.000000 -90.073380
23800.000000 -96.567375
23850.000000 -94.645256
23900.000000 -93.204697
23950.000000 -91.370155
24000.000000 -89.926689
24050.000000 -92.043343
24100.000000 -93.710091
24150.000000 -92.247223
24200.000000 -93.977570
24250.000000 -91.705322
24300.000000 -91.943169
24350.000000 -94.559814
24400.000000 -93.481834
24450.000000 -93.186531
24500.000000 -94.185425
24550.000000 -96.381905
24600.000000 -88.592499
24650.000000 -92.252647
24700.000000 -93.924728
24750.000000 -92.517387
24800.000000 -91.995750
24850.000000 -91.248329
24900.000000 -90.791191
24950.000000 -91.389801
25000.000000 -94.951073
25050.000000 -91.014397
25100.000000 -93.944504
25150.000000 -88.398674
25200.000000 -88.124191
25250.000000 -92.230949
25300.000000 -91.649399
25350.000000 -92.340004
25400.000000 -95.229713
25450.000000 -93.500626
25500.000000 -92.534203
25550.000000 -93.024734
25600.000000 -92.128601
25650.000000 -93.904999
25700.000000 -92.472702
25750.000000 -92.813591
25800.000000 -96.639084
25850.000000 -95.881065
25900.000000 -91.603912
25950.000000 -92.085869
26000.000000 -94.104378
26050.000000 -90.418274
26100.000000 -91.483757
26150.000000 -93.729385
26200.000000 -91.277412
26250.000000 -92.900940
26300.000000 -91.538628
26350.000000 -89.182350
26400.000000 -88.718155
26450.000000 -90.031212
26500.000000 -92.193100
26550.000000 -91.802780
26600.000000 -89.721344
26650.000000 -90.235497
26700.000000 -85.697479
26750.000000 -89.243607
26800.000000 -90.330757
26850.000000 -91.311462
26900.000000 -90.326408
26950.000000 -89.422134
27000.000000 -88.107323
27050.000000 -87.429985
27100.000000 -90.528923
27150.000000 -88.967598
27200.000000 -90.686241
27250.000000 -87.660614
27300.000000 -89.964172
27350.000000 -88.878738
27400.000000 -88.318848
27450.000000 -88.246628
27500.000000 -92.075218
27550.000000 -88.725388
27600.000000 -89.668732
27650.000000 -90.897430
27700.000000 -90.183975
27750.000000 -91.171249
27800.000000 -88.631798
27850.000000 -90.745407
27900.000000 -91.137741
27950.000000 -87.577766
28000.000000 -92.027451
28050.000000 -91.568695
28100.000000 -91.751350
28150.000000 -88.934166
28200.000000 -88.581818
28250.000000 -89.095055
28300.000000 -91.123421
28350.000000 -92.080544
28400.000000 -89.228249
28450.000000 -89.493011
28500.000000 -89.688927
28550.000000 -90.124268
28600.000000 -91.710426
28650.000000 -89.616447
28700.000000 -88.336136
28750.000000 -91.204887
28800.000000 -60.130199
28850.000000 -53.974632
28900.000000 -53.960800
28950.000000 -53.941250
29000.000000 -54.835545
29050.000000 -58.255756
29100.000000 -57.098900
29150.000000 -54.156677
29200.000000 -53.943558
29250.000000 -53.959213
29300.000000 -54.359291
29350.000000 -56.913273
29400.000000 -62.005356
29450.000000 -62.805607
29500.000000 -57.035263
29550.000000 -54.330120
29600.000000 -54.708057
29650.000000 -57.120850
29700.000000 -55.609566
29750.000000 -54.820484
29800.000000 -55.228687
29850.000000 -58.028149
29900.000000 -61.805984
29950.000000 -64.200035
30000.000000 -63.043530
30050.000000 -61.940155
30100.000000 -62.012875
30150.000000 -62.062649
30200.000000 -62.681824
30250.000000 -63.760799
30300.000000 -61.050564
30350.000000 -59.113380
30400.000000 -56.708546
30450.000000 -54.617939
30500.000000 -53.976749
30550.000000 -53.978077
30600.000000 -53.979401
30650.000000 -53.967415
30700.000000 -53.978207
30750.000000 -55.358910
30800.000000 -56.467754
30850.000000 -56.490112
30900.000000 -55.963161
30950.000000 -55.500877
31000.000000 -55.243698
31050.000000 -55.241936
31100.000000 -55.276028
31150.000000 -55.535133
31200.000000 -55.788807
31250.000000 -55.799095
31300.000000 -55.960915
31350.000000 -55.859531
31400.000000 -55.350670
31450.000000 -54.602829
31500.000000 -53.974895
31550.000000 -53.952538
31600.000000 -53.952274
31650.000000 -53.934128
31700.000000 -53.963711
31750.000000 -53.977547
31800.000000 -53.971054
31850.000000 -53.971188
31900.000000 -53.961990
31950.000000 -53.971386
32000.000000 -53.979202
32050.000000 -53.971916
32100.000000 -53.942371
32150.000000 -53.979401
32200.000000 -53.974499
32250.000000 -54.933281
32300.000000 -55.822006
32350.000000 -56.360146
32400.000000 -56.313976
32450.000000 -56.739544
32500.000000 -55.991520
32550.000000 -57.722031
32600.000000 -57.768139
32650.000000 -56.955742
32700.000000 -56.530819
32750.000000 -56.088047
32800.000000 -55.316204
32850.000000 -54.626785
32900.000000 -53.978008
32950.000000 -53.979267
33000.000000 -53.979401
33050.000000 -53.952141
33100.000000 -53.909573
33150.000000 -53.979336
33200.000000 -53.979401
33250.000000 -53.979137
33300.000000 -54.732018
33350.000000 -56.359531
33400.000000 -57.327465
33450.000000 -59.439060
33500.000000 -60.892414
33550.000000 -61.598484
33600.000000 -62.481827
33650.000000 -61.251812
33700.000000 -60.419228
33750.000000 -60.159977
33800.000000 -59.009174
33850.000000 -56.761971
33900.000000 -56.370262
33950.000000 -55.080971
34000.000000 -53.979069
34050.000000 -53.979401
34100.000000 -53.979401
34150.000000 -53.967548
34200.000000 -53.951218
34250.000000 -53.932411
34300.000000 -53.979401
34350.000000 -53.979267
34400.000000 -53.989944
34450.000000 -54.774105
34500.000000 -55.614841
34550.000000 -56.666008
34600.000000 -57.494900
34650.000000 -58.489712
34700.000000 -58.902809
34750.000000 -58.274860
34800.000000 -58.938862
34850.000000 -58.398525
34900.000000 -58.467575
34950.000000 -57.502365
35000.000000 -55.876743
35050.000000 -54.968258
35100.000000 -53.972378
35150.000000 -53.975559
35200.000000 -53.979401
35250.000000 -53.969398
35300.000000 -53.890724
35350.000000 -53.940655
35400.000000 -53.954254
35450.000000 -53.948509
35500.000000 -53.923321
35550.000000 -53.979401
35600.000000 -53.976223
35650.000000 -54.410389
35700.000000 -54.959721
35750.000000 -56.635452
35800.000000 -57.587673
35850.000000 -57.932877
35900.000000 -57.963749
35950.000000 -59.124878
36000.000000 -59.095566
36050.000000 -58.972004
36100.000000 -58.100376
36150.000000 -57.212288
36200.000000 -55.995449
36250.000000 -55.023087
36300.000000 -54.337643
36350.000000 -53.978275
36400.000000 -53.979401
36450.000000 -53.978737
36500.000000 -53.941776
36550.000000 -53.896370
36600.000000 -53.948574
36650.000000 -53.977348
36700.000000 -53.979401
36750.000000 -53.978275
36800.000000 -54.289299
36850.000000 -55.552429
36900.000000 -56.314064
36950.000000 -56.737995
37000.000000 -58.485703
37050.000000 -58.616833
37100.000000 -59.256123
37150.000000 -58.707958
37200.000000 -57.748886
37250.000000 -58.545250
37300.000000 -57.635185
37350.000000 -56.317101
37400.000000 -55.637993
37450.000000 -54.368370
37500.000000 -53.977413
37550.000000 -53.979401
37600.000000 -53.975887
37650.000000 -53.910427
37700.000000 -53.870350
37750.000000 -53.925163
37800.000000 -53.938015
37850.000000 -53.979401
37900.000000 -53.978077
37950.000000 -54.494572
38000.000000 -55.395794
38050.000000 -56.302280
38100.000000 -57.198452
38150.000000 -58.161079
38200.000000 -58.839500
38250.000000 -59.605019
38300.000000 -59.768005
38350.000000 -58.773766
38400.000000 -58.555229
38450.000000 -57.459610
38500.000000 -56.484276
38550.000000 -55.550522
38600.000000 -54.616726
38650.000000 -53.978142
38700.000000 -53.979401
38750.000000 -53.979401
38800.000000 -53.923912
38850.000000 -53.909637
38900.000000 -53.938015
38950.000000 -53.952076
39000.000000 -53.979401
39050.000000 -53.979267
39100.000000 -53.972050
39150.000000 -54.846806
39200.000000 -55.300758
39250.000000 -56.485069
39300.000000 -56.811317
39350.000000 -58.369144
39400.000000 -58.761921
39450.000000 -59.483906
39500.000000 -58.984142
39550.000000 -57.822739
39600.000000 -56.776043
39650.000000 -56.843346
39700.000000 -55.864880
39750.000000 -55.063156
39800.000000 -54.134048
39850.000000 -53.974167
39900.000000 -53.979401
39950.000000 -53.941841
40000.000000 -53.885609
