0.000000 -56.841854
50.000000 -57.307415
100.000000 -57.014938
150.000000 -57.522060
200.000000 -56.268665
250.000000 -55.574619
300.000000 -55.737785
350.000000 -54.755463
400.000000 -53.979069
450.000000 -53.976749
500.000000 -53.979401
550.000000 -53.979401
600.000000 -53.934719
650.000000 -53.970459
700.000000 -53.941250
750.000000 -53.947586
800.000000 -53.979401
850.000000 -53.971851
900.000000 -54.130676
950.000000 -54.576950
1000.000000 -55.122517
1050.000000 -55.328350
1100.000000 -55.911438
1150.000000 -55.914585
1200.000000 -56.454266
1250.000000 -56.280750
1300.000000 -55.743141
1350.000000 -56.769184
1400.000000 -55.293900
1450.000000 -55.022861
1500.000000 -54.367596
1550.000000 -53.975956
1600.000000 -53.979401
1650.000000 -53.931225
1700.000000 -53.953594
1750.000000 -53.921345
1800.000000 -53.933598
1850.000000 -53.936432
1900.000000 -53.969334
1950.000000 -53.979401
2000.000000 -53.977146
2050.000000 -54.038189
2100.000000 -54.787186
2150.000000 -55.719387
2200.000000 -55.959084
2250.000000 -57.059700
2300.000000 -57.653984
2350.000000 -57.131233
2400.000000 -56.640404
2450.000000 -56.801594
2500.000000 -56.078590
2550.000000 -55.913673
2600.000000 -55.117153
2650.000000 -54.327015
2700.000000 -53.977547
2750.000000 -53.979401
2800.000000 -53.979401
2850.000000 -53.933994
2900.000000 -53.955841
2950.000000 -53.917923
3000.000000 -53.979401
3050.000000 -53.979401
3100.000000 -53.979267
3150.000000 -53.977146
3200.000000 -54.455425
3250.000000 -55.042011
3300.000000 -56.007408
3350.000000 -56.142113
3400.000000 -56.780247
3450.000000 -56.502506
3500.000000 -57.076153
3550.000000 -56.032387
3600.000000 -55.790604
3650.000000 -55.606606
3700.000000 -55.080215
3750.000000 -54.664780
3800.000000 -53.977612
3850.000000 -53.952602
3900.000000 -53.946529
3950.000000 -53.919373
4000.000000 -53.930897
4050.000000 -53.961197
4100.000000 -53.925495
4150.000000 -53.936302
4200.000000 -53.979401
4250.000000 -53.976685
4300.000000 -54.041115
4350.000000 -54.571629
4400.000000 -55.103565
4450.000000 -55.270569
4500.000000 -55.563477
4550.000000 -56.603931
4600.000000 -56.768181
4650.000000 -57.459312
4700.000000 -57.225468
4750.000000 -56.538734
4800.000000 -55.731468
4850.000000 -55.116928
4900.000000 -54.495205
4950.000000 -53.977680
5000.000000 -53.961594
5050.000000 -53.945602
5100.000000 -53.933468
5150.000000 -53.934586
5200.000000 -53.936695
5250.000000 -53.928852
5300.000000 -53.973904
5350.000000 -53.979336
5400.000000 -53.978939
5450.000000 -54.142956
5500.000000 -54.652813
5550.000000 -55.227997
5600.000000 -56.223415
5650.000000 -56.671337
5700.000000 -57.247066
5750.000000 -56.889526
5800.000000 -56.864639
5850.000000 -56.716175
5900.000000 -56.072266
5950.000000 -55.400398
6000.000000 -54.771801
6050.000000 -54.015457
6100.000000 -53.979202
6150.000000 -53.979401
6200.000000 -53.954056
6250.000000 -53.921871
6300.000000 -53.918777
6350.000000 -53.933468
6400.000000 -53.908783
6450.000000 -53.923256
6500.000000 -53.950554
6550.000000 -53.970524
6600.000000 -54.089436
6650.000000 -55.484154
6700.000000 -55.880619
6750.000000 -56.347771
6800.000000 -56.620441
6850.000000 -56.532063
6900.000000 -56.460346
6950.000000 -56.157169
7000.000000 -56.024166
7050.000000 -55.872375
7100.000000 -55.411568
7150.000000 -54.079712
7200.000000 -53.978008
7250.000000 -53.979202
7300.000000 -53.979401
7350.000000 -53.971054
7400.000000 -53.919174
7450.000000 -53.943756
7500.000000 -53.930237
7550.000000 -53.979401
7600.000000 -53.950623
7650.000000 -53.975559
7700.000000 -54.083065
7750.000000 -54.300640
7800.000000 -55.687382
7850.000000 -56.354477
7900.000000 -55.694000
7950.000000 -57.255276
8000.000000 -57.548004
8050.000000 -56.205158
8100.000000 -56.700386
8150.000000 -56.027435
8200.000000 -55.595024
8250.000000 -55.131672
8300.000000 -54.261326
8350.000000 -53.970657
8400.000000 -53.931950
8450.000000 -53.924770
8500.000000 -53.914833
8550.000000 -53.954784
8600.000000 -53.910294
8650.000000 -53.976353
8700.000000 -56.111309
8750.000000 -54.302013
8800.000000 -54.060429
8850.000000 -53.967548
8900.000000 -53.976685
8950.000000 -54.059021
9000.000000 -54.380081
9050.000000 -53.978806
9100.000000 -53.975029
9150.000000 -53.971783
9200.000000 -53.981323
9250.000000 -54.192665
9300.000000 -54.378761
9350.000000 -54.846954
9400.000000 -54.984760
9450.000000 -55.101681
9500.000000 -55.409615
9550.000000 -55.612923
9600.000000 -55.995869
9650.000000 -56.172852
9700.000000 -56.311638
9750.000000 -56.625652
9800.000000 -56.752117
9850.000000 -57.094250
9900.000000 -57.350975
9950.000000 -57.603447
10000.000000 -57.884541
10050.000000 -58.040833
10100.000000 -58.196976
10150.000000 -58.300106
10200.000000 -58.701107
10250.000000 -58.873192
10300.000000 -59.113617
10350.000000 -59.175835
10400.000000 -59.687984
10450.000000 -59.995895
10500.000000 -60.065857
10550.000000 -60.337551
10600.000000 -60.654385
10650.000000 -60.826569
10700.000000 -61.085785
10750.000000 -61.324986
10800.000000 -61.706367
10850.000000 -61.765121
10900.000000 -61.782516
10950.000000 -62.206345
11000.000000 -62.367588
11050.000000 -62.721077
11100.000000 -62.931366
11150.000000 -63.287960
11200.000000 -63.324421
11250.000000 -63.682278
11300.000000 -63.873924
11350.000000 -64.023643
11400.000000 -64.319069
11450.000000 -64.455460
11500.000000 -64.879837
11550.000000 -64.922714
11600.000000 -65.277451
11650.000000 -65.470352
11700.000000 -65.683945
11750.000000 -65.926224
11800.000000 -66.223885
11850.000000 -66.403191
11900.000000 -66.494247
11950.000000 -66.845856
12000.000000 -67.117050
12050.000000 -67.459335
12100.000000 -67.817284
12150.000000 -68.083748
12200.000000 -68.161774
12250.000000 -68.171593
12300.000000 -68.563667
12350.000000 -68.920082
12400.000000 -69.193787
12450.000000 -69.120003
12500.000000 -69.835724
12550.000000 -69.982544
12600.000000 -70.054367
12650.000000 -70.122536
12700.000000 -70.618004
12750.000000 -70.760017
12800.000000 -70.963661
12850.000000 -71.374062
12900.000000 -71.663078
12950.000000 -71.493195
13000.000000 -71.755951
13050.000000 -72.400551
13100.000000 -72.418800
13150.000000 -72.731102
13200.000000 -72.881630
13250.000000 -73.227737
13300.000000 -73.242950
13350.000000 -73.574928
13400.000000 -74.026047
13450.000000 -73.730652
13500.000000 -74.405312
13550.000000 -74.104347
13600.000000 -74.669586
13650.000000 -74.492744
13700.000000 -75.023239
13750.000000 -75.417664
13800.000000 -75.441162
13850.000000 -75.287270
13900.000000 -75.697395
13950.000000 -75.671585
14000.000000 -76.114281
14050.000000 -76.454704
14100.000000 -76.119362
14150.000000 -76.554855
14200.000000 -76.923599
14250.000000 -76.679657
14300.000000 -76.851349
14350.000000 -77.909409
14400.000000 -77.949089
14450.000000 -78.439957
14500.000000 -77.701462
14550.000000 -78.671143
14600.000000 -79.584152
14650.000000 -79.260506
14700.000000 -79.837975
14750.000000 -80.031342
14800.000000 -80.052650
14850.000000 -80.091408
14900.000000 -79.012131
14950.000000 -79.034637
15000.000000 -81.112114
15050.000000 -80.608780
15100.000000 -81.250290
15150.000000 -79.969048
15200.000000 -81.218208
15250.000000 -81.962891
15300.000000 -80.720375
15350.000000 -80.753563
15400.000000 -81.250290
15450.000000 -82.379791
15500.000000 -82.559433
15550.000000 -82.906151
15600.000000 -82.580811
15650.000000 -82.022911
15700.000000 -82.074951
15750.000000 -83.053703
15800.000000 -82.744682
15850.000000 -83.745987
15900.000000 -83.138885
15950.000000 -83.201889
16000.000000 -84.486092
16050.000000 -83.543861
16100.000000 -84.523918
16150.000000 -83.468452
16200.000000 -83.893623
16250.000000 -84.528381
16300.000000 -85.312813
16350.000000 -83.737335
16400.000000 -84.972618
16450.000000 -86.251076
16500.000000 -84.417480
16550.000000 -85.010292
16600.000000 -87.054733
16650.000000 -84.266716
16700.000000 -85.177055
16750.000000 -86.183289
16800.000000 -86.589668
16850.000000 -85.568192
16900.000000 -85.133865
16950.000000 -86.933174
17000.000000 -87.451843
17050.000000 -87.296951
17100.000000 -86.889114
17150.000000 -87.330872
17200.000000 -86.116028
17250.000000 -89.220581
17300.000000 -87.835243
17350.000000 -86.421501
17400.000000 -88.073685
17450.000000 -88.732628
17500.000000 -87.692688
17550.000000 -88.056961
17600.000000 -86.435387
17650.000000 -89.285965
17700.000000 -89.375214
17750.000000 -88.451088
17800.000000 -87.593643
17850.000000 -90.953400
17900.000000 -90.291664
17950.000000 -87.831978
18000.000000 -87.486290
18050.000000 -88.100586
18100.000000 -89.766098
18150.000000 -89.660667
18200.000000 -90.313362
18250.000000 -86.851120
18300.000000 -89.351837
18350.000000 -89.827515
18400.000000 -89.461441
18450.000000 -88.646126
18500.000000 -87.702339
18550.000000 -89.012367
18600.000000 -90.252739
18650.000000 -91.434219
18700.000000 -91.598877
18750.000000 -92.517403
18800.000000 -90.520020
18850.000000 -91.090096
18900.000000 -91.113884
18950.000000 -90.171143
19000.000000 -90.128502
19050.000000 -92.461563
19100.000000 -92.472702
19150.000000 -93.108253
19200.000000 -88.823662
19250.000000 -92.296219
19300.000000 -89.091278
19350.000000 -91.730865
19400.000000 -90.663589
19450.000000 -90.493362
19500.000000 -90.934692
19550.000000 -91.409500
19600.000000 -91.468857
19650.000000 -93.156342
19700.000000 -90.391930
19750.000000 -89.778351
19800.000000 -91.429237
19850.000000 -92.340004
19900.000000 -90.149796
19950.000000 -90.846458
20000.000000 -90.218292
20050.000000 -91.094849
20100.000000 -91.094849
20150.000000 -89.243607
20200.000000 -91.735985
20250.000000 -89.762024
20300.000000 -90.958061
20350.000000 -92.323555
20400.000000 -93.488091
20450.000000 -89.848083
20500.000000 -88.294708
20550.000000 -91.932831
20600.000000 -89.540588
20650.000000 -90.128502
20700.000000 -88.528580
20750.000000 -91.311462
20800.000000 -92.450439
20850.000000 -89.394730
20900.000000 -88.685669
20950.000000 -89.496971
21000.000000 -91.326096
21050.000000 -90.704399
21100.000000 -90.339470
21150.000000 -89.548538
21200.000000 -89.258980
21250.000000 -92.384010
21300.000000 -89.072426
21350.000000 -91.563675
21400.000000 -90.149796
21450.000000 -89.544563
21500.000000 -94.796822
21550.000000 -90.749977
21600.000000 -88.517975
21650.000000 -91.267708
21700.000000 -95.337517
21750.000000 -94.090942
21800.000000 -92.107208
21850.000000 -92.528595
21900.000000 -92.252647
21950.000000 -93.513176
22000.000000 -90.444702
22050.000000 -91.033264
22100.000000 -90.731720
22150.000000 -91.700226
22200.000000 -91.052162
22250.000000 -90.818787
22300.000000 -90.818787
22350.000000 -93.363739
22400.000000 -92.500603
22450.000000 -89.406471
22500.000000 -93.735825
22550.000000 -92.965569
22600.000000 -93.582542
22650.000000 -95.032982
22700.000000 -93.846062
22750.000000 -94.405334
22800.000000 -94.724312
22850.000000 -93.018799
22900.000000 -93.964333
22950.000000 -95.055458
23000.000000 -92.075218
23050.000000 -94.287819
23100.000000 -94.702682
23150.000000 -92.428238
23200.000000 -89.729462
23250.000000 -94.796822
23300.000000 -93.210762
23350.000000 -91.267708
23400.000000 -93.357567
23450.000000 -93.781052
23500.000000 -95.252701
23550.000000 -90.471207
23600.000000 -93.407059
23650.000000 -95.478119
23700.000000 -91.316338
23750.000000 -96.820999
23800.000000 -91.498688
23850.000000 -91.118652
23900.000000 -92.556679
23950.000000 -94.602432
24000.000000 -92.641472
24050.000000 -91.771881
24100.000000 -95.322037
24150.000000 -96.286308
24200.000000 -95.252701
24250.000000 -92.953781
24300.000000 -90.976799
24350.000000 -91.488731
24400.000000 -90.287331
24450.000000 -90.257057
24500.000000 -92.641472
24550.000000 -90.069153
24600.000000 -89.624466
24650.000000 -92.579208
24700.000000 -94.825989
24750.000000 -92.225533
24800.000000 -90.248428
24850.000000 -92.534203
24900.000000 -90.094536
24950.000000 -91.321220
25000.000000 -92.819382
25050.000000 -90.704399
25100.000000 -93.283859
25150.000000 -93.678024
25200.000000 -90.409485
25250.000000 -92.848427
25300.000000 -91.335869
25350.000000 -92.112549
25400.000000 -93.639709
25450.000000 -94.342918
25500.000000 -93.833023
25550.000000 -92.784668
25600.000000 -92.307144
25650.000000 -92.906799
25700.000000 -90.291664
25750.000000 -92.395042
25800.000000 -90.759117
25850.000000 -90.564629
25900.000000 -92.296219
25950.000000 -92.698463
26000.000000 -94.057442
26050.000000 -90.930023
26100.000000 -94.958488
26150.000000 -90.948700
26200.000000 -89.881126
26250.000000 -89.794708
26300.000000 -90.175415
26350.000000 -91.330986
26400.000000 -89.064896
26450.000000 -93.012871
26500.000000 -93.006943
26550.000000 -93.241142
26600.000000 -92.692749
26650.000000 -92.906799
26700.000000 -93.259422
26750.000000 -92.378494
26800.000000 -93.126259
26850.000000 -93.456841
26900.000000 -93.633339
26950.000000 -89.205269
27000.000000 -94.384483
27050.000000 -93.931313
27100.000000 -91.463898
27150.000000 -91.953659
27200.000000 -92.517426
27250.000000 -91.603912
27300.000000 -91.890907
27350.000000 -95.003105
27400.000000 -91.880493
27450.000000 -93.768105
27500.000000 -94.731537
27550.000000 -92.176933
27600.000000 -91.311462
27650.000000 -89.806999
27700.000000 -93.481834
27750.000000 -93.806999
27800.000000 -94.280952
27850.000000 -88.838310
27900.000000 -92.279854
27950.000000 -92.819382
28000.000000 -92.732841
28050.000000 -92.889244
28100.000000 -94.151566
28150.000000 -94.709885
28200.000000 -93.072365
28250.000000 -94.870132
28300.000000 -92.372986
28350.000000 -93.937912
28400.000000 -94.973335
28450.000000 -93.060432
28500.000000 -93.997467
28550.000000 -91.321220
28600.000000 -94.064133
28650.000000 -61.528507
28700.000000 -55.236801
28750.000000 -53.948311
28800.000000 -53.943493
28850.000000 -53.976883
28900.000000 -55.214161
28950.000000 -55.469273
29000.000000 -54.328602
29050.000000 -54.006283
29100.000000 -56.116985
29150.000000 -59.136631
29200.000000 -65.594894
29250.000000 -60.954624
29300.000000 -56.726440
29350.000000 -54.407745
29400.000000 -54.616661
29450.000000 -58.240913
29500.000000 -57.298988
29550.000000 -54.414707
29600.000000 -54.925072
29650.000000 -55.697556
29700.000000 -59.369884
29750.000000 -62.645443
29800.000000 -67.187103
29850.000000 -71.566170
29900.000000 -67.776634
29950.000000 -64.396561
30000.000000 -61.617142
30050.000000 -59.212921
30100.000000 -57.090744
30150.000000 -55.258888
30200.000000 -54.371895
30250.000000 -54.529240
30300.000000 -55.400631
30350.000000 -54.440666
30400.000000 -53.977478
30450.000000 -53.961990
30500.000000 -53.979137
30550.000000 -54.822895
30600.000000 -55.411495
30650.000000 -55.512810
30700.000000 -55.029663
30750.000000 -54.702869
30800.000000 -54.391258
30850.000000 -54.301533
30900.000000 -54.200684
30950.000000 -54.187641
31000.000000 -54.161072
31050.000000 -54.284836
31100.000000 -54.380428
31150.000000 -54.788857
31200.000000 -53.977280
31250.000000 -53.957165
31300.000000 -53.934322
31350.000000 -53.926220
31400.000000 -53.979137
31450.000000 -53.961197
31500.000000 -53.937489
31550.000000 -53.936962
31600.000000 -53.949696
31650.000000 -53.979336
31700.000000 -53.947586
31750.000000 -53.865311
31800.000000 -53.880959
31850.000000 -53.935905
31900.000000 -53.918777
31950.000000 -53.949696
32000.000000 -53.999237
32050.000000 -54.578018
32100.000000 -55.324558
32150.000000 -55.734947
32200.000000 -56.222984
32250.000000 -57.000008
32300.000000 -57.015690
32350.000000 -57.137230
32400.000000 -56.917641
32450.000000 -56.572433
32500.000000 -55.865128
32550.000000 -54.779770
32600.000000 -54.250317
32650.000000 -53.977215
32700.000000 -53.979401
32750.000000 -53.930828
32800.000000 -53.979401
32850.000000 -53.948574
32900.000000 -53.946529
32950.000000 -53.974236
33000.000000 -54.561348
33050.000000 -55.155537
33100.000000 -56.260387
33150.000000 -57.147724
33200.000000 -58.110607
33250.000000 -58.884144
33300.000000 -58.996292
33350.000000 -58.998302
33400.000000 -58.207748
33450.000000 -57.480705
33500.000000 -56.959198
33550.000000 -55.895153
33600.000000 -55.033257
33650.000000 -53.976818
33700.000000 -53.979137
33750.000000 -53.979401
33800.000000 -53.946728
33850.000000 -53.944878
33900.000000 -53.921608
33950.000000 -53.979004
34000.000000 -53.979401
34050.000000 -53.979401
34100.000000 -53.977478
34150.000000 -53.973572
34200.000000 -54.537006
34250.000000 -54.984760
34300.000000 -55.422516
34350.000000 -56.246613
34400.000000 -56.639141
34450.000000 -56.005234
34500.000000 -55.678593
34550.000000 -55.766476
34600.000000 -55.624687
34650.000000 -55.206066
34700.000000 -54.868069
34750.000000 -54.149376
34800.000000 -53.973507
34850.000000 -53.979401
34900.000000 -53.949036
34950.000000 -53.950161
35000.000000 -53.953594
35050.000000 -53.952206
35100.000000 -53.943756
35150.000000 -53.979401
35200.000000 -53.952076
35250.000000 -53.979202
35300.000000 -53.976089
35350.000000 -54.664997
35400.000000 -55.064735
35450.000000 -55.966579
35500.000000 -56.129200
35550.000000 -56.577793
35600.000000 -56.479149
35650.000000 -56.479149
35700.000000 -56.754124
35750.000000 -56.755947
35800.000000 -56.089314
35850.000000 -55.219204
35900.000000 -54.100182
35950.000000 -53.977612
36000.000000 -53.979401
36050.000000 -53.979401
36100.000000 -53.971321
36150.000000 -53.917133
36200.000000 -53.931290
36250.000000 -53.943623
36300.000000 -53.922531
36350.000000 -53.979401
36400.000000 -53.977810
36450.000000 -54.176514
36500.000000 -55.139240
36550.000000 -55.427757
36600.000000 -55.536716
36650.000000 -56.551289
36700.000000 -57.113148
36750.000000 -56.643105
36800.000000 -56.615322
36850.000000 -56.605904
36900.000000 -55.837505
36950.000000 -54.927879
37000.000000 -54.723564
37050.000000 -53.978207
37100.000000 -53.952007
37150.000000 -53.930435
37200.000000 -53.927074
37250.000000 -53.935379
37300.000000 -53.975227
37350.000000 -53.926746
37400.000000 -53.936962
37450.000000 -53.947983
37500.000000 -53.955906
37550.000000 -53.976818
37600.000000 -54.146603
37650.000000 -54.439354
37700.000000 -55.957085
37750.000000 -56.558422
37800.000000 -56.248249
37850.000000 -56.529488
37900.000000 -57.051685
37950.000000 -56.471111
38000.000000 -56.722076
38050.000000 -55.835617
38100.000000 -55.383400
38150.000000 -54.405933
38200.000000 -53.978142
38250.000000 -53.979336
38300.000000 -53.979401
38350.000000 -53.979401
38400.000000 -53.963245
38450.000000 -53.951416
38500.000000 -53.979401
38550.000000 -53.979401
38600.000000 -53.979401
38650.000000 -53.974434
38700.000000 -54.240540
38750.000000 -54.678127
38800.000000 -54.989746
38850.000000 -55.673599
38900.000000 -56.965733
38950.000000 -56.520424
39000.000000 -56.667454
39050.000000 -57.142952
39100.000000 -57.308777
39150.000000 -56.735992
39200.000000 -55.728703
39250.000000 -55.343300
39300.000000 -54.491268
39350.000000 -53.974564
39400.000000 -53.979401
39450.000000 -53.979401
39500.000000 -53.945141
39550.000000 -53.948837
39600.000000 -53.944218
39650.000000 -53.943493
39700.000000 -53.935707
39750.000000 -53.979401
39800.000000 -53.976353
39850.000000 -54.165199
39900.000000 -54.982971
39950.000000 -55.905399
40000.000000 -56.795723
