0.000000 -53.875519
50.000000 -53.917530
100.000000 -53.979401
150.000000 -53.979401
200.000000 -53.979202
250.000000 -54.392231
300.000000 -55.302380
350.000000 -55.854839
400.000000 -56.248936
450.000000 -56.629787
500.000000 -57.333996
550.000000 -57.255760
600.000000 -57.924107
650.000000 -57.277042
700.000000 -57.110962
750.000000 -56.760784
800.000000 -56.060806
850.000000 -55.201412
900.000000 -54.373558
950.000000 -53.977280
1000.000000 -53.979401
1050.000000 -53.978207
1100.000000 -53.938808
1150.000000 -53.979401
1200.000000 -53.928921
1250.000000 -53.960205
1300.000000 -53.979401
1350.000000 -53.974102
1400.000000 -53.973240
1450.000000 -54.803345
1500.000000 -55.997707
1550.000000 -56.168758
1600.000000 -57.649532
1650.000000 -57.783321
1700.000000 -59.378025
1750.000000 -58.397335
1800.000000 -58.225990
1850.000000 -57.465153
1900.000000 -56.994286
1950.000000 -55.898621
2000.000000 -55.272644
2050.000000 -54.595215
2100.000000 -53.979069
2150.000000 -53.979401
2200.000000 -53.979401
2250.000000 -53.950821
2300.000000 -53.952206
2350.000000 -53.969532
2400.000000 -53.933270
2450.000000 -53.979401
2500.000000 -53.979401
2550.000000 -53.979004
2600.000000 -54.703663
2650.000000 -55.716713
2700.000000 -56.572163
2750.000000 -57.516582
2800.000000 -58.310028
2850.000000 -57.498974
2900.000000 -58.075066
2950.000000 -58.507885
3000.000000 -58.003574
3050.000000 -56.747925
3100.000000 -56.153252
3150.000000 -55.159939
3200.000000 -54.638145
3250.000000 -53.999836
3300.000000 -53.979137
3350.000000 -53.932808
3400.000000 -53.948048
3450.000000 -53.900177
3500.000000 -53.903790
3550.000000 -53.960537
3600.000000 -53.979401
3650.000000 -53.979401
3700.000000 -53.972115
3750.000000 -54.613018
3800.000000 -55.422825
3850.000000 -55.848511
3900.000000 -56.466694
3950.000000 -57.531330
4000.000000 -58.185890
4050.000000 -57.969833
4100.000000 -58.251095
4150.000000 -58.752846
4200.000000 -57.736828
4250.000000 -57.070099
4300.000000 -55.848511
4350.000000 -55.185944
4400.000000 -54.271667
4450.000000 -53.979137
4500.000000 -53.979401
4550.000000 -53.976749
4600.000000 -53.892563
4650.000000 -53.911476
4700.000000 -53.928852
4750.000000 -53.979401
4800.000000 -53.979401
4850.000000 -53.978870
4900.000000 -54.115582
4950.000000 -55.104019
5000.000000 -55.779018
5050.000000 -56.620800
5100.000000 -57.312180
5150.000000 -58.402271
5200.000000 -58.429771
5250.000000 -57.674240
5300.000000 -57.189049
5350.000000 -57.667957
5400.000000 -56.389565
5450.000000 -56.102844
5500.000000 -54.809467
5550.000000 -53.981388
5600.000000 -53.978077
5650.000000 -53.979401
5700.000000 -53.979401
5750.000000 -53.917133
5800.000000 -53.947983
5850.000000 -53.946331
5900.000000 -53.967880
5950.000000 -53.979401
6000.000000 -53.978207
6050.000000 -54.020916
6100.000000 -54.552635
6150.000000 -55.875755
6200.000000 -56.826202
6250.000000 -57.770702
6300.000000 -58.015274
6350.000000 -58.411758
6400.000000 -57.332825
6450.000000 -59.083153
6500.000000 -58.136768
6550.000000 -57.338482
6600.000000 -56.530376
6650.000000 -55.534260
6700.000000 -54.801014
6750.000000 -53.979267
6800.000000 -53.979401
6850.000000 -53.979401
6900.000000 -53.973309
6950.000000 -53.894203
7000.000000 -53.892693
7050.000000 -53.956898
7100.000000 -53.979401
7150.000000 -53.979336
7200.000000 -53.978607
7250.000000 -54.631641
7300.000000 -55.507828
7350.000000 -56.355179
7400.000000 -57.651760
7450.000000 -58.135487
7500.000000 -58.430325
7550.000000 -58.455917
7600.000000 -57.201237
7650.000000 -58.159470
7700.000000 -56.992599
7750.000000 -56.773117
7800.000000 -55.684799
7850.000000 -54.917980
7900.000000 -54.014660
7950.000000 -53.976818
8000.000000 -53.979401
8050.000000 -53.979202
8100.000000 -53.959942
8150.000000 -53.879318
8200.000000 -53.945736
8250.000000 -53.955048
8300.000000 -53.979401
8350.000000 -53.976421
8400.000000 -54.168053
8450.000000 -55.173771
8500.000000 -55.986927
8550.000000 -56.748016
8600.000000 -57.588875
8650.000000 -57.321426
8700.000000 -57.107635
8750.000000 -56.356480
8800.000000 -53.977146
8850.000000 -53.920887
8900.000000 -53.930370
8950.000000 -54.065510
9000.000000 -55.750858
9050.000000 -54.060226
9100.000000 -53.963314
9150.000000 -53.959080
9200.000000 -53.936501
9250.000000 -54.605679
9300.000000 -54.040581
9350.000000 -53.956173
9400.000000 -53.972843
9450.000000 -53.975426
9500.000000 -54.117672
9550.000000 -54.118343
9600.000000 -54.303871
9650.000000 -54.492111
9700.000000 -54.706470
9750.000000 -55.015465
9800.000000 -55.273033
9850.000000 -55.509884
9900.000000 -55.658630
9950.000000 -55.959415
10000.000000 -56.162704
10050.000000 -56.417423
10100.000000 -56.714355
10150.000000 -56.922012
10200.000000 -57.109440
10250.000000 -57.368484
10300.000000 -57.624393
10350.000000 -57.853947
10400.000000 -57.894207
10450.000000 -58.242649
10500.000000 -58.570278
10550.000000 -58.751469
10600.000000 -58.905849
10650.000000 -59.319492
10700.000000 -59.414371
10750.000000 -59.811214
10800.000000 -59.990330
10850.000000 -60.135845
10900.000000 -60.511517
10950.000000 -60.694206
11000.000000 -60.955063
11050.000000 -61.113461
11100.000000 -61.468502
11150.000000 -61.632164
11200.000000 -61.832455
11250.000000 -62.101723
11300.000000 -62.247791
11350.000000 -62.413315
11400.000000 -62.696815
11450.000000 -62.808903
11500.000000 -63.350304
11550.000000 -63.349915
11600.000000 -63.573002
11650.000000 -63.883659
11700.000000 -63.961315
11750.000000 -64.278198
11800.000000 -64.701759
11850.000000 -64.844109
11900.000000 -64.899147
11950.000000 -65.267479
12000.000000 -65.541054
12050.000000 -65.813683
12100.000000 -65.995453
12150.000000 -66.166283
12200.000000 -66.332283
12250.000000 -66.686424
12300.000000 -66.950256
12350.000000 -67.346512
12400.000000 -67.289268
12450.000000 -67.535057
12500.000000 -68.005112
12550.000000 -68.119789
12600.000000 -68.154625
12650.000000 -68.593918
12700.000000 -68.682777
12750.000000 -68.978752
12800.000000 -68.939720
12850.000000 -69.697411
12900.000000 -69.876945
12950.000000 -69.706726
13000.000000 -70.423981
13050.000000 -70.424858
13100.000000 -70.886734
13150.000000 -70.846443
13200.000000 -71.305603
13250.000000 -71.830139
13300.000000 -71.558640
13350.000000 -72.206581
13400.000000 -72.370216
13450.000000 -72.662498
13500.000000 -72.476578
13550.000000 -72.657944
13600.000000 -73.239296
13650.000000 -73.931953
13700.000000 -73.838211
13750.000000 -74.340134
13800.000000 -74.215996
13850.000000 -74.548462
13900.000000 -74.353264
13950.000000 -75.218987
14000.000000 -75.077965
14050.000000 -75.711945
14100.000000 -75.452141
14150.000000 -75.315819
14200.000000 -76.216553
14250.000000 -75.773643
14300.000000 -76.310516
14350.000000 -76.168678
14400.000000 -77.119232
14450.000000 -77.550217
14500.000000 -77.797607
14550.000000 -77.377983
14600.000000 -77.396629
14650.000000 -77.922958
14700.000000 -77.526245
14750.000000 -78.177078
14800.000000 -78.402382
14850.000000 -79.170898
14900.000000 -78.887642
14950.000000 -78.741951
15000.000000 -79.713982
15050.000000 -79.830177
15100.000000 -79.213165
15150.000000 -79.416481
15200.000000 -79.826279
15250.000000 -79.547585
15300.000000 -80.804298
15350.000000 -80.791222
15400.000000 -81.055054
15450.000000 -80.704552
15500.000000 -80.556343
15550.000000 -81.835899
15600.000000 -81.804848
15650.000000 -82.196953
15700.000000 -80.934677
15750.000000 -81.667267
15800.000000 -83.108505
15850.000000 -83.823357
15900.000000 -82.874725
15950.000000 -83.257637
16000.000000 -82.886200
16050.000000 -82.509743
16100.000000 -83.442802
16150.000000 -84.327583
16200.000000 -85.771858
16250.000000 -84.902420
16300.000000 -84.008499
16350.000000 -83.389778
16400.000000 -86.510788
16450.000000 -87.007095
16500.000000 -84.579880
16550.000000 -84.492737
16600.000000 -87.114662
16650.000000 -85.119522
16700.000000 -87.039818
16750.000000 -85.872902
16800.000000 -86.499573
16850.000000 -87.045830
16900.000000 -84.855934
16950.000000 -85.560646
17000.000000 -87.796135
17050.000000 -87.838516
17100.000000 -88.621063
17150.000000 -86.427055
17200.000000 -87.831978
17250.000000 -87.007095
17300.000000 -87.010063
17350.000000 -87.315392
17400.000000 -88.409119
17450.000000 -88.066971
17500.000000 -87.805893
17550.000000 -88.070328
17600.000000 -87.956955
17650.000000 -87.587288
17700.000000 -88.192001
17750.000000 -87.676636
17800.000000 -88.468643
17850.000000 -88.430313
17900.000000 -88.367340
17950.000000 -90.056488
18000.000000 -89.433914
18050.000000 -89.390823
18100.000000 -90.107262
18150.000000 -88.000130
18200.000000 -87.241859
18250.000000 -86.510788
18300.000000 -88.066971
18350.000000 -89.897644
18400.000000 -88.010124
18450.000000 -89.955826
18500.000000 -89.004890
18550.000000 -90.727158
18600.000000 -88.930466
18650.000000 -89.576431
18700.000000 -86.900841
18750.000000 -89.418221
18800.000000 -87.654213
18850.000000 -87.247963
18900.000000 -89.232086
18950.000000 -88.419594
19000.000000 -88.664223
19050.000000 -90.018608
19100.000000 -90.081833
19150.000000 -90.244118
19200.000000 -87.699120
19250.000000 -89.556503
19300.000000 -88.503853
19350.000000 -91.629158
19400.000000 -89.914230
19450.000000 -91.190453
19500.000000 -88.395164
19550.000000 -88.830978
19600.000000 -89.632500
19650.000000 -88.664078
19700.000000 -88.036827
19750.000000 -88.097221
19800.000000 -91.751350
19850.000000 -88.343063
19900.000000 -90.400703
19950.000000 -88.305046
20000.000000 -88.765289
20050.000000 -93.839539
20100.000000 -91.180847
20150.000000 -92.214706
20200.000000 -87.993469
20250.000000 -89.406471
20300.000000 -90.471207
20350.000000 -93.345238
20400.000000 -92.947891
20450.000000 -91.389801
20500.000000 -89.885231
20550.000000 -91.664619
20600.000000 -89.985069
20650.000000 -91.190453
20700.000000 -90.911385
20750.000000 -91.700226
20800.000000 -90.827995
20850.000000 -90.695320
20900.000000 -93.614250
20950.000000 -89.278244
21000.000000 -91.483757
21050.000000 -92.263519
21100.000000 -93.228981
21150.000000 -90.387543
21200.000000 -89.872833
21250.000000 -88.707314
21300.000000 -92.450439
21350.000000 -94.702682
21400.000000 -91.833778
21450.000000 -91.409500
21500.000000 -92.307144
21550.000000 -90.137009
21600.000000 -92.187706
21650.000000 -95.153519
21700.000000 -92.117897
21750.000000 -94.280952
21800.000000 -94.928871
21850.000000 -90.235497
21900.000000 -90.551224
21950.000000 -96.711395
22000.000000 -92.613113
22050.000000 -92.022156
22100.000000 -92.664223
22150.000000 -95.470245
22200.000000 -88.606773
22250.000000 -92.652840
22300.000000 -92.450439
22350.000000 -92.865898
22400.000000 -96.496254
22450.000000 -94.914101
22500.000000 -92.472702
22550.000000 -92.345490
22600.000000 -90.248428
22650.000000 -92.755836
22700.000000 -91.123421
22750.000000 -90.528923
22800.000000 -97.283478
22850.000000 -91.761612
22900.000000 -94.659576
22950.000000 -93.800499
23000.000000 -94.030739
23050.000000 -92.630119
23100.000000 -93.308357
23150.000000 -94.111099
23200.000000 -91.345650
23250.000000 -91.578743
23300.000000 -95.337517
23350.000000 -90.555695
23400.000000 -92.511787
23450.000000 -92.187706
23500.000000 -90.239807
23550.000000 -91.137741
23600.000000 -94.724312
23650.000000 -94.559814
23700.000000 -91.735985
23750.000000 -90.073380
23800.000000 -96.567375
23850.000000 -94.645256
23900.000000 -93.204697
23950.000000 -91.370155
24000.000000 -89.926689
24050.000000 -92.043343
24100.000000 -93.710091
24150.000000 -92.247223
24200.000000 -93.977570
24250.000000 -91.705322
24300.000000 -91.943169
24350.000000 -94.559814
24400.000000 -93.481834
24450.000000 -93.186531
24500.000000 -94.185425
24550.000000 -96.381905
24600.000000 -88.592499
24650.000000 -92.252647
24700.000000 -93.924728
24750.000000 -92.517387
24800.000000 -91.995750
24850.000000 -91.248329
24900.000000 -90.791191
24950.000000 -91.389801
25000.000000 -94.951073
25050.000000 -91.014397
25100.000000 -93.944504
25150.000000 -88.398674
25200.000000 -88.124191
25250.000000 -92.230949
25300.000000 -91.649399
25350.000000 -92.340004
25400.000000 -95.229713
25450.000000 -93.500626
25500.000000 -92.534203
25550.000000 -93.024734
25600.000000 -92.128601
25650.000000 -93.904999
25700.000000 -92.472702
25750.000000 -92.813591
25800.000000 -96.639084
25850.000000 -95.881065
25900.000000 -91.603912
25950.000000 -92.085869
26000.000000 -94.104378
26050.000000 -90.418274
26100.000000 -91.483757
26150.000000 -93.729385
26200.000000 -91.277412
26250.000000 -92.900940
26300.000000 -91.538628
26350.000000 -89.182350
26400.000000 -88.718155
26450.000000 -90.031212
26500.000000 -92.193100
26550.000000 -91.802780
26600.000000 -89.721344
26650.000000 -90.235497
26700.000000 -85.697479
26750.000000 -89.243607
26800.000000 -90.330757
26850.000000 -91.311462
26900.000000 -90.326408
26950.000000 -89.422134
27000.000000 -88.107323
27050.000000 -87.429985
27100.000000 -90.528923
27150.000000 -88.967598
27200.000000 -90.686241
27250.000000 -87.660614
27300.000000 -89.964172
27350.000000 -88.878738
27400.000000 -88.318848
27450.000000 -88.246628
27500.000000 -92.075218
27550.000000 -88.725388
27600.000000 -89.668732
27650.000000 -90.897430
27700.000000 -90.183975
27750.000000 -91.171249
27800.000000 -88.631798
27850.000000 -90.745407
27900.000000 -91.137741
27950.000000 -87.577766
28000.000000 -92.027451
28050.000000 -91.568695
28100.000000 -91.751350
28150.000000 -88.934166
28200.000000 -88.581818
28250.000000 -89.095055
28300.000000 -91.123421
28350.000000 -92.080544
28400.000000 -89.228249
28450.000000 -89.493011
28500.000000 -89.688927
28550.000000 -90.124268
28600.000000 -91.710426
28650.000000 -89.616447
28700.000000 -88.336136
28750.000000 -91.204887
28800.000000 -60.130199
28850.000000 -53.974632
28900.000000 -53.960800
28950.000000 -53.941250
29000.000000 -54.835545
29050.000000 -58.255756
29100.000000 -57.098900
29150.000000 -54.156677
29200.000000 -53.943558
29250.000000 -53.959213
29300.000000 -54.359291
29350.000000 -56.913273
29400.000000 -62.005356
29450.000000 -62.805607
29500.000000 -57.035263
29550.000000 -54.330120
29600.000000 -54.708057
29650.000000 -57.120850
29700.000000 -55.609566
29750.000000 -54.820484
29800.000000 -55.228687
29850.000000 -58.028149
29900.000000 -61.805984
29950.000000 -64.200035
30000.000000 -63.043530
30050.000000 -61.940155
30100.000000 -62.012875
30150.000000 -62.062649
30200.000000 -62.681824
30250.000000 -63.760799
30300.000000 -61.050564
30350.000000 -59.113380
30400.000000 -56.708546
30450.000000 -54.617939
30500.000000 -53.976749
30550.000000 -53.978077
30600.000000 -53.979401
30650.000000 -53.967415
30700.000000 -53.978207
30750.000000 -55.358910
30800.000000 -56.467754
30850.000000 -56.490112
30900.000000 -55.963161
30950.000000 -55.500877
31000.000000 -55.243698
31050.000000 -55.241936
31100.000000 -55.276028
31150.000000 -55.535133
31200.000000 -55.788807
31250.000000 -55.799095
31300.000000 -55.960915
31350.000000 -55.859531
31400.000000 -55.350670
31450.000000 -54.602829
31500.000000 -53.974895
31550.000000 -53.952538
31600.000000 -53.952274
31650.000000 -53.934128
31700.000000 -53.963711
31750.000000 -53.977547
31800.000000 -53.971054
31850.000000 -53.971188
31900.000000 -53.961990
31950.000000 -53.971386
32000.000000 -53.979202
32050.000000 -53.971916
32100.000000 -53.942371
32150.000000 -53.979401
32200.000000 -53.974499
32250.000000 -54.933281
32300.000000 -55.822006
32350.000000 -56.360146
32400.000000 -56.313976
32450.000000 -56.739544
32500.000000 -55.991520
32550.000000 -57.722031
32600.000000 -57.768139
32650.000000 -56.955742
32700.000000 -56.530819
32750.000000 -56.088047
32800.000000 -55.316204
32850.000000 -54.626785
32900.000000 -53.978008
32950.000000 -53.979267
33000.000000 -53.979401
33050.000000 -53.952141
33100.000000 -53.909573
33150.000000 -53.979336
33200.000000 -53.979401
33250.000000 -53.979137
33300.000000 -54.732018
33350.000000 -56.359531
33400.000000 -57.327465
33450.000000 -59.439060
33500.000000 -60.892414
33550.000000 -61.598484
33600.000000 -62.481827
33650.000000 -61.251812
33700.000000 -60.419228
33750.000000 -60.159977
33800.000000 -59.009174
33850.000000 -56.761971
33900.000000 -56.370262
33950.000000 -55.080971
34000.000000 -53.979069
34050.000000 -53.979401
34100.000000 -53.979401
34150.000000 -53.967548
34200.000000 -53.951218
34250.000000 -53.932411
34300.000000 -53.979401
34350.000000 -53.979267
34400.000000 -53.989944
34450.000000 -54.774105
34500.000000 -55.614841
34550.000000 -56.666008
34600.000000 -57.494900
34650.000000 -58.489712
34700.000000 -58.902809
34750.000000 -58.274860
34800.000000 -58.938862
34850.000000 -58.398525
34900.000000 -58.467575
34950.000000 -57.502365
35000.000000 -55.876743
35050.000000 -54.968258
35100.000000 -53.972378
35150.000000 -53.975559
35200.000000 -53.979401
35250.000000 -53.969398
35300.000000 -53.890724
35350.000000 -53.940655
35400.000000 -53.954254
35450.000000 -53.948509
35500.000000 -53.923321
35550.000000 -53.979401
35600.000000 -53.976223
35650.000000 -54.410389
35700.000000 -54.959721
35750.000000 -56.635452
35800.000000 -57.587673
35850.000000 -57.932877
35900.000000 -57.963749
35950.000000 -59.124878
36000.000000 -59.095566
36050.000000 -58.972004
36100.000000 -58.100376
36150.000000 -57.212288
36200.000000 -55.995449
36250.000000 -55.023087
36300.000000 -54.337643
36350.000000 -53.978275
36400.000000 -53.979401
36450.000000 -53.978737
36500.000000 -53.941776
36550.000000 -53.896370
36600.000000 -53.948574
36650.000000 -53.977348
36700.000000 -53.979401
36750.000000 -53.978275
36800.000000 -54.289299
36850.000000 -55.552429
36900.000000 -56.314064
36950.000000 -56.737995
37000.000000 -58.485703
37050.000000 -58.616833
37100.000000 -59.256123
37150.000000 -58.707958
37200.000000 -57.748886
37250.000000 -58.545250
37300.000000 -57.635185
37350.000000 -56.317101
37400.000000 -55.637993
37450.000000 -54.368370
37500.000000 -53.977413
37550.000000 -53.979401
37600.000000 -53.975887
37650.000000 -53.910427
37700.000000 -53.870350
37750.000000 -53.925163
37800.000000 -53.938015
37850.000000 -53.979401
37900.000000 -53.978077
37950.000000 -54.494572
38000.000000 -55.395794
38050.000000 -56.302280
38100.000000 -57.198452
38150.000000 -58.161079
38200.000000 -58.839500
38250.000000 -59.605019
38300.000000 -59.768005
38350.000000 -58.773766
38400.000000 -58.555229
38450.000000 -57.459610
38500.000000 -56.484276
38550.000000 -55.550522
38600.000000 -54.616726
38650.000000 -53.978142
38700.000000 -53.979401
38750.000000 -53.979401
38800.000000 -53.923912
38850.000000 -53.909637
38900.000000 -53.938015
38950.000000 -53.952076
39000.000000 -53.979401
39050.000000 -53.979267
39100.000000 -53.972050
39150.000000 -54.846806
39200.000000 -55.300758
39250.000000 -56.485069
39300.000000 -56.811317
39350.000000 -58.369144
39400.000000 -58.761921
39450.000000 -59.483906
39500.000000 -58.984142
39550.000000 -57.822739
39600.000000 -56.776043
39650.000000 -56.843346
39700.000000 -55.864880
39750.000000 -55.063156
39800.000000 -54.134048
39850.000000 -53.974167
39900.000000 -53.979401
39950.000000 -53.941841
40000.000000 -53.885609
