0.000000 -53.957165
50.000000 -53.941116
100.000000 -53.972778
150.000000 -53.973969
200.000000 -54.774395
250.000000 -55.466991
300.000000 -55.885487
350.000000 -55.662090
400.000000 -56.396126
450.000000 -57.338776
500.000000 -57.247353
550.000000 -56.022236
600.000000 -55.533394
650.000000 -55.168144
700.000000 -54.922340
750.000000 -54.165337
800.000000 -53.968475
850.000000 -53.951878
900.000000 -53.940193
950.000000 -53.922466
1000.000000 -53.929249
1050.000000 -53.945736
1100.000000 -53.935707
1150.000000 -53.922134
1200.000000 -53.941315
1250.000000 -53.976288
1300.000000 -53.970524
1350.000000 -54.440666
1400.000000 -54.946156
1450.000000 -55.104931
1500.000000 -55.980083
1550.000000 -56.431999
1600.000000 -56.612720
1650.000000 -56.415230
1700.000000 -55.670227
1750.000000 -55.662010
1800.000000 -55.037670
1850.000000 -55.188988
1900.000000 -54.476170
1950.000000 -53.975624
2000.000000 -53.979137
2050.000000 -53.979401
2100.000000 -53.979401
2150.000000 -53.959610
2200.000000 -53.944283
2250.000000 -53.938545
2300.000000 -53.942699
2350.000000 -53.979401
2400.000000 -53.978539
2450.000000 -53.976685
2500.000000 -54.788712
2550.000000 -55.133484
2600.000000 -55.615723
2650.000000 -56.405762
2700.000000 -56.376106
2750.000000 -57.167309
2800.000000 -57.566212
2850.000000 -56.048519
2900.000000 -56.205330
2950.000000 -55.912186
3000.000000 -54.990196
3050.000000 -54.640789
3100.000000 -53.973705
3150.000000 -53.972977
3200.000000 -53.945999
3250.000000 -53.939598
3300.000000 -53.949631
3350.000000 -53.966885
3400.000000 -53.933731
3450.000000 -53.930828
3500.000000 -53.946331
3550.000000 -53.976948
3600.000000 -53.970127
3650.000000 -54.809612
3700.000000 -55.364883
3750.000000 -55.955173
3800.000000 -56.821514
3850.000000 -56.960407
3900.000000 -57.220078
3950.000000 -57.651859
4000.000000 -57.160709
4050.000000 -57.105072
4100.000000 -56.134041
4150.000000 -55.093616
4200.000000 -54.706326
4250.000000 -53.993526
4300.000000 -53.977680
4350.000000 -53.949432
4400.000000 -53.952671
4450.000000 -53.968407
4500.000000 -53.936501
4550.000000 -53.964836
4600.000000 -53.942371
4650.000000 -53.932674
4700.000000 -53.957756
4750.000000 -53.977016
4800.000000 -54.710289
4850.000000 -55.372978
4900.000000 -55.957169
4950.000000 -56.893974
5000.000000 -57.314224
5050.000000 -56.937366
5100.000000 -56.976303
5150.000000 -57.544109
5200.000000 -56.679379
5250.000000 -56.344116
5300.000000 -55.593830
5350.000000 -54.853180
5400.000000 -54.156742
5450.000000 -53.976021
5500.000000 -53.979401
5550.000000 -53.979401
5600.000000 -53.971916
5650.000000 -53.966160
5700.000000 -53.952671
5750.000000 -53.979401
5800.000000 -53.979401
5850.000000 -53.979137
5900.000000 -53.978737
5950.000000 -54.785149
6000.000000 -55.461174
6050.000000 -55.952263
6100.000000 -56.391926
6150.000000 -57.494602
6200.000000 -57.663700
6250.000000 -57.678299
6300.000000 -57.030178
6350.000000 -57.139328
6400.000000 -55.384647
6450.000000 -55.416492
6500.000000 -55.135529
6550.000000 -54.158161
6600.000000 -53.979137
6650.000000 -53.979401
6700.000000 -53.979401
6750.000000 -53.932411
6800.000000 -53.897942
6850.000000 -53.935577
6900.000000 -53.936237
6950.000000 -53.979401
7000.000000 -53.969532
7050.000000 -54.030384
7100.000000 -54.621941
7150.000000 -55.694725
7200.000000 -55.535133
7250.000000 -57.429886
7300.000000 -56.975365
7350.000000 -57.229515
7400.000000 -57.303627
7450.000000 -57.407040
7500.000000 -57.073315
7550.000000 -56.274876
7600.000000 -55.356026
7650.000000 -54.609882
7700.000000 -53.973240
7750.000000 -53.977612
7800.000000 -53.979401
7850.000000 -53.979401
7900.000000 -53.938015
7950.000000 -53.889412
8000.000000 -53.937817
8050.000000 -53.962387
8100.000000 -53.979401
8150.000000 -53.979267
8200.000000 -53.978077
8250.000000 -54.512733
8300.000000 -54.755680
8350.000000 -55.952431
8400.000000 -57.351273
8450.000000 -57.332825
8500.000000 -58.311775
8550.000000 -57.980854
8600.000000 -58.168053
8650.000000 -57.150013
8700.000000 -56.718353
8750.000000 -55.623405
8800.000000 -53.977680
8850.000000 -53.929314
8900.000000 -53.928921
8950.000000 -54.807865
9000.000000 -55.468487
9050.000000 -53.970989
9100.000000 -53.953926
9150.000000 -53.946926
9200.000000 -54.012001
9250.000000 -54.296375
9300.000000 -53.976486
9350.000000 -53.972843
9400.000000 -53.994987
9450.000000 -54.103073
9500.000000 -54.480591
9550.000000 -54.661839
9600.000000 -54.888573
9650.000000 -55.147877
9700.000000 -55.347721
9750.000000 -55.559265
9800.000000 -55.791500
9850.000000 -56.127079
9900.000000 -56.270561
9950.000000 -56.592018
10000.000000 -56.751205
10050.000000 -57.024342
10100.000000 -57.312763
10150.000000 -57.544807
10200.000000 -57.845566
10250.000000 -57.915134
10300.000000 -58.109325
10350.000000 -58.344902
10400.000000 -58.538074
10450.000000 -58.895107
10500.000000 -59.188744
10550.000000 -59.408428
10600.000000 -59.698605
10650.000000 -59.659771
10700.000000 -60.139214
10750.000000 -60.330666
10800.000000 -60.519253
10850.000000 -60.791218
10900.000000 -61.063435
10950.000000 -61.158478
11000.000000 -61.521240
11050.000000 -61.554462
11100.000000 -62.030941
11150.000000 -62.145725
11200.000000 -62.240238
11250.000000 -62.532780
11300.000000 -62.926167
11350.000000 -63.033188
11400.000000 -63.216843
11450.000000 -63.597633
11500.000000 -63.788841
11550.000000 -63.976593
11600.000000 -64.116821
11650.000000 -64.390404
11700.000000 -64.577179
11750.000000 -64.735527
11800.000000 -65.290848
11850.000000 -65.273315
11900.000000 -65.400475
11950.000000 -65.743820
12000.000000 -65.980667
12050.000000 -66.227142
12100.000000 -66.371666
12150.000000 -67.000549
12200.000000 -67.249176
12250.000000 -67.202278
12300.000000 -67.344971
12350.000000 -67.980164
12400.000000 -67.974190
12450.000000 -68.115067
12500.000000 -68.581093
12550.000000 -68.472145
12600.000000 -68.985832
12650.000000 -69.209465
12700.000000 -69.300629
12750.000000 -69.377930
12800.000000 -69.534615
12850.000000 -69.857956
12900.000000 -70.370453
12950.000000 -70.474731
13000.000000 -70.633774
13050.000000 -71.326569
13100.000000 -71.426262
13150.000000 -71.308525
13200.000000 -71.417870
13250.000000 -71.771866
13300.000000 -71.728287
13350.000000 -72.026367
13400.000000 -72.312042
13450.000000 -72.927887
13500.000000 -73.713928
13550.000000 -73.537056
13600.000000 -73.432518
13650.000000 -73.737740
13700.000000 -73.644150
13750.000000 -74.450684
13800.000000 -73.952408
13850.000000 -74.683952
13900.000000 -74.054077
13950.000000 -75.065941
14000.000000 -75.219742
14050.000000 -75.238869
14100.000000 -75.388000
14150.000000 -75.887634
14200.000000 -75.573906
14250.000000 -76.556641
14300.000000 -76.560204
14350.000000 -77.420227
14400.000000 -76.866119
14450.000000 -78.127792
14500.000000 -78.200745
14550.000000 -77.926094
14600.000000 -78.036392
14650.000000 -78.432213
14700.000000 -79.173309
14750.000000 -78.485481
14800.000000 -79.418961
14850.000000 -79.468689
14900.000000 -79.326485
14950.000000 -78.629166
15000.000000 -79.337532
15050.000000 -80.087387
15100.000000 -79.458717
15150.000000 -79.580360
15200.000000 -80.550690
15250.000000 -80.222305
15300.000000 -80.231827
15350.000000 -80.366264
15400.000000 -80.862656
15450.000000 -81.691383
15500.000000 -80.634407
15550.000000 -82.183311
15600.000000 -81.401588
15650.000000 -82.858131
15700.000000 -81.804848
15750.000000 -83.194229
15800.000000 -82.559433
15850.000000 -82.058113
15900.000000 -82.566551
15950.000000 -82.865501
16000.000000 -82.773819
16050.000000 -83.977020
16100.000000 -84.279724
16150.000000 -84.012711
16200.000000 -83.843964
16250.000000 -84.713387
16300.000000 -83.852219
16350.000000 -85.563164
16400.000000 -84.895432
16450.000000 -84.391068
16500.000000 -85.003212
16550.000000 -83.042412
16600.000000 -85.473099
16650.000000 -85.251945
16700.000000 -84.375702
16750.000000 -87.420639
16800.000000 -86.830727
16850.000000 -86.606667
16900.000000 -85.303047
16950.000000 -87.454964
17000.000000 -85.865089
17050.000000 -86.933174
17100.000000 -87.324631
17150.000000 -87.705551
17200.000000 -87.153831
17250.000000 -88.185196
17300.000000 -87.290817
17350.000000 -86.918457
17400.000000 -87.473747
17450.000000 -88.280945
17500.000000 -89.612434
17550.000000 -87.783134
17600.000000 -88.287827
17650.000000 -89.955826
17700.000000 -88.517975
17750.000000 -92.732841
17800.000000 -91.113884
17850.000000 -91.394722
17900.000000 -89.745728
17950.000000 -90.727158
18000.000000 -91.209702
18050.000000 -91.583771
18100.000000 -89.660667
18150.000000 -92.150047
18200.000000 -91.345650
18250.000000 -89.379112
18300.000000 -89.705116
18350.000000 -91.885696
18400.000000 -89.676804
18450.000000 -93.078331
18500.000000 -93.944534
18550.000000 -91.316338
18600.000000 -91.792465
18650.000000 -92.848427
18700.000000 -92.166168
18750.000000 -91.258011
18800.000000 -89.676804
18850.000000 -90.226891
18900.000000 -92.406097
18950.000000 -89.148087
19000.000000 -90.405090
19050.000000 -90.995575
19100.000000 -90.287331
19150.000000 -91.253166
19200.000000 -90.383163
19250.000000 -93.456841
19300.000000 -90.427071
19350.000000 -90.690781
19400.000000 -90.196823
19450.000000 -91.296852
19500.000000 -92.350983
19550.000000 -91.335869
19600.000000 -90.006012
19650.000000 -92.384010
19700.000000 -92.467125
19750.000000 -89.316902
19800.000000 -91.014397
19850.000000 -87.284676
19900.000000 -93.192581
19950.000000 -90.261375
20000.000000 -94.044083
20050.000000 -92.080544
20100.000000 -92.433784
20150.000000 -93.078354
20200.000000 -91.468857
20250.000000 -93.096275
20300.000000 -94.050758
20350.000000 -92.123253
20400.000000 -94.405334
20450.000000 -92.166168
20500.000000 -90.484497
20550.000000 -92.942009
20600.000000 -91.649399
20650.000000 -90.431480
20700.000000 -92.323555
20750.000000 -91.056892
20800.000000 -92.478271
20850.000000 -91.118652
20900.000000 -90.763695
20950.000000 -90.431480
21000.000000 -92.285301
21050.000000 -93.413269
21100.000000 -92.461563
21150.000000 -88.444084
21200.000000 -90.081833
21250.000000 -89.528671
21300.000000 -93.990829
21350.000000 -93.289978
21400.000000 -94.274094
21450.000000 -92.936134
21500.000000 -93.872208
21550.000000 -91.321220
21600.000000 -94.623817
21650.000000 -92.241791
21700.000000 -95.322037
21750.000000 -89.989250
21800.000000 -89.144287
21850.000000 -91.118652
21900.000000 -93.198639
21950.000000 -92.573570
22000.000000 -92.755836
22050.000000 -93.332932
22100.000000 -95.478119
22150.000000 -95.470245
22200.000000 -88.606773
22250.000000 -92.506195
22300.000000 -89.794708
22350.000000 -91.979942
22400.000000 -94.151566
22450.000000 -94.581100
22500.000000 -91.890907
22550.000000 -92.755836
22600.000000 -92.318085
22650.000000 -93.931313
22700.000000 -95.462387
22750.000000 -95.062958
22800.000000 -94.559814
22850.000000 -92.630119
22900.000000 -93.898430
22950.000000 -92.043343
23000.000000 -93.576210
23050.000000 -94.294685
23100.000000 -89.600418
23150.000000 -93.289978
23200.000000 -94.928871
23250.000000 -92.236366
23300.000000 -90.686241
23350.000000 -91.094849
23400.000000 -93.357567
23450.000000 -91.066368
23500.000000 -95.914124
23550.000000 -93.500626
23600.000000 -91.424301
23650.000000 -92.350983
23700.000000 -93.174446
23750.000000 -94.246712
23800.000000 -90.141273
23850.000000 -93.557251
23900.000000 -88.621063
23950.000000 -93.235062
24000.000000 -89.864571
24050.000000 -90.622971
24100.000000 -90.768272
24150.000000 -91.375061
24200.000000 -90.604980
24250.000000 -91.056892
24300.000000 -91.028542
24350.000000 -90.631981
24400.000000 -87.358574
24450.000000 -90.916039
24500.000000 -92.378494
24550.000000 -92.483849
24600.000000 -93.394661
24650.000000 -91.896118
24700.000000 -94.024071
24750.000000 -93.513176
24800.000000 -93.431915
24850.000000 -92.528595
24900.000000 -91.870087
24950.000000 -92.247223
25000.000000 -91.195259
25050.000000 -89.504883
25100.000000 -92.340004
25150.000000 -90.832611
25200.000000 -91.746223
25250.000000 -94.645256
25300.000000 -92.171547
25350.000000 -91.468857
25400.000000 -88.682068
25450.000000 -89.449631
25500.000000 -92.959671
25550.000000 -94.077522
25600.000000 -95.972275
25650.000000 -92.579208
25700.000000 -94.370605
25750.000000 -93.924728
25800.000000 -94.030739
25850.000000 -91.695129
25900.000000 -91.710426
25950.000000 -90.326408
26000.000000 -89.872833
26050.000000 -92.444885
26100.000000 -93.265526
26150.000000 -93.108253
26200.000000 -94.995659
26250.000000 -92.567932
26300.000000 -92.176933
26350.000000 -93.774574
26400.000000 -94.623817
26450.000000 -91.608955
26500.000000 -91.844139
26550.000000 -93.090286
26600.000000 -92.883400
26650.000000 -95.360794
26700.000000 -91.113884
26750.000000 -87.881096
26800.000000 -93.519463
26850.000000 -94.377541
26900.000000 -92.101868
26950.000000 -90.039627
27000.000000 -94.951073
27050.000000 -96.381905
27100.000000 -92.545433
27150.000000 -93.690842
27200.000000 -93.557251
27250.000000 -93.525749
27300.000000 -90.713501
27350.000000 -95.831711
27400.000000 -93.376099
27450.000000 -96.269043
27500.000000 -90.278671
27550.000000 -94.659576
27600.000000 -91.355446
27650.000000 -94.044083
27700.000000 -92.506195
27750.000000 -90.001823
27800.000000 -92.069893
27850.000000 -93.633339
27900.000000 -92.681328
27950.000000 -90.768272
28000.000000 -91.624100
28050.000000 -93.265526
28100.000000 -92.296219
28150.000000 -92.767357
28200.000000 -90.708946
28250.000000 -91.316338
28300.000000 -93.216827
28350.000000 -90.995575
28400.000000 -91.720642
28450.000000 -95.229713
28500.000000 -92.511787
28550.000000 -94.342918
28600.000000 -92.203896
28650.000000 -92.075218
28700.000000 -90.892784
28750.000000 -61.122822
28800.000000 -55.129562
28850.000000 -53.945274
28900.000000 -53.957561
28950.000000 -53.976883
29000.000000 -54.630215
29050.000000 -54.230587
29100.000000 -54.151806
29150.000000 -55.730648
29200.000000 -58.732433
29250.000000 -63.494370
29300.000000 -63.022671
29350.000000 -58.611412
29400.000000 -55.083527
29450.000000 -54.384663
29500.000000 -56.343681
29550.000000 -59.466316
29600.000000 -55.792652
29650.000000 -54.311718
29700.000000 -55.072247
29750.000000 -57.614719
29800.000000 -61.752464
29850.000000 -67.220825
29900.000000 -63.803616
29950.000000 -60.807785
30000.000000 -59.049835
30050.000000 -57.685200
30100.000000 -56.527264
30150.000000 -55.843334
30200.000000 -54.796432
30250.000000 -54.150997
30300.000000 -54.484734
30350.000000 -55.515812
30400.000000 -54.945271
30450.000000 -53.977348
30500.000000 -53.975491
30550.000000 -53.920689
30600.000000 -53.979401
30650.000000 -53.932938
30700.000000 -53.950687
30750.000000 -53.954720
30800.000000 -53.957363
30850.000000 -53.965958
30900.000000 -53.956238
30950.000000 -53.962784
31000.000000 -53.945538
31050.000000 -53.922134
31100.000000 -54.459351
31150.000000 -53.977547
31200.000000 -54.309101
31250.000000 -54.442554
31300.000000 -54.561985
31350.000000 -54.684235
31400.000000 -54.287720
31450.000000 -54.401688
31500.000000 -54.744598
31550.000000 -54.607887
31600.000000 -54.390079
31650.000000 -54.426701
31700.000000 -54.310204
31750.000000 -53.978539
31800.000000 -53.979401
31850.000000 -53.941711
31900.000000 -53.978939
31950.000000 -53.979401
32000.000000 -53.946198
32050.000000 -53.964901
32100.000000 -53.975956
32150.000000 -55.291683
32200.000000 -56.101658
32250.000000 -57.334972
32300.000000 -58.752731
32350.000000 -59.327221
32400.000000 -58.682297
32450.000000 -59.641567
32500.000000 -58.488152
32550.000000 -57.672215
32600.000000 -55.883591
32650.000000 -55.805229
32700.000000 -54.606888
32750.000000 -53.976948
32800.000000 -53.957958
32850.000000 -53.946396
32900.000000 -53.971054
32950.000000 -53.979401
33000.000000 -53.918976
33050.000000 -53.934521
33100.000000 -53.958485
33150.000000 -53.953133
33200.000000 -53.974102
33250.000000 -54.171432
33300.000000 -54.366627
33350.000000 -55.567932
33400.000000 -54.673389
33450.000000 -55.648106
33500.000000 -56.115208
33550.000000 -56.254963
33600.000000 -55.878147
33650.000000 -55.322701
33700.000000 -55.607964
33750.000000 -54.841099
33800.000000 -54.533260
33850.000000 -53.975956
33900.000000 -53.978806
33950.000000 -53.967682
34000.000000 -53.979401
34050.000000 -53.979401
34100.000000 -53.967613
34150.000000 -53.971649
34200.000000 -53.970524
34250.000000 -53.949104
34300.000000 -53.925098
34350.000000 -53.937424
34400.000000 -53.963840
34450.000000 -53.986694
34500.000000 -54.584480
34550.000000 -55.503010
34600.000000 -56.271080
34650.000000 -56.469345
34700.000000 -56.874714
34750.000000 -57.190392
34800.000000 -56.370346
34850.000000 -56.990723
34900.000000 -56.381260
34950.000000 -55.861176
35000.000000 -55.048004
35050.000000 -54.479816
35100.000000 -53.979267
35150.000000 -53.979401
35200.000000 -53.968342
35250.000000 -53.912399
35300.000000 -53.977612
35350.000000 -53.926483
35400.000000 -53.918121
35450.000000 -53.934456
35500.000000 -53.978207
35550.000000 -54.017723
35600.000000 -54.505901
35650.000000 -54.876884
35700.000000 -55.644814
35750.000000 -55.791828
35800.000000 -56.762886
35850.000000 -56.995689
35900.000000 -56.918106
35950.000000 -56.759872
36000.000000 -55.729271
36050.000000 -55.835781
36100.000000 -55.554096
36150.000000 -54.757351
36200.000000 -53.971455
36250.000000 -53.978939
36300.000000 -53.937359
36350.000000 -53.918713
36400.000000 -53.946728
36450.000000 -53.949631
36500.000000 -53.935841
36550.000000 -53.979401
36600.000000 -53.979401
36650.000000 -53.979401
36700.000000 -53.979137
36750.000000 -54.402943
36800.000000 -54.942600
36850.000000 -55.557434
36900.000000 -56.344986
36950.000000 -56.315971
37000.000000 -56.556458
37050.000000 -56.955273
37100.000000 -55.441940
37150.000000 -56.578506
37200.000000 -55.886395
37250.000000 -55.324169
37300.000000 -54.937134
37350.000000 -54.187233
37400.000000 -53.975956
37450.000000 -53.979401
37500.000000 -53.958355
37550.000000 -53.922268
37600.000000 -53.912464
37650.000000 -53.939732
37700.000000 -53.935577
37750.000000 -53.925098
37800.000000 -53.979401
37850.000000 -53.975227
37900.000000 -54.328602
37950.000000 -54.387230
38000.000000 -55.530933
38050.000000 -56.530994
38100.000000 -56.595509
38150.000000 -57.050823
38200.000000 -56.548706
38250.000000 -56.600616
38300.000000 -56.789402
38350.000000 -56.641598
38400.000000 -55.790440
38450.000000 -54.859852
38500.000000 -54.228462
38550.000000 -53.975758
38600.000000 -53.979401
38650.000000 -53.976486
38700.000000 -53.937752
38750.000000 -53.917461
38800.000000 -53.938347
38850.000000 -53.929512
38900.000000 -53.934586
38950.000000 -53.965694
39000.000000 -53.976154
39050.000000 -53.970924
39100.000000 -54.801159
39150.000000 -54.703876
39200.000000 -56.063499
39250.000000 -55.915993
39300.000000 -56.327602
39350.000000 -56.980701
39400.000000 -56.802326
39450.000000 -56.379425
39500.000000 -56.030960
39550.000000 -55.349506
39600.000000 -54.952084
39650.000000 -54.168385
39700.000000 -53.978405
39750.000000 -53.955311
39800.000000 -53.927338
39850.000000 -53.920555
39900.000000 -53.948112
39950.000000 -53.919701
40000.000000 -53.924442
