0.000000 -54.547260
50.000000 -55.289886
100.000000 -56.106567
150.000000 -56.556637
200.000000 -56.651394
250.000000 -56.832001
300.000000 -56.714722
350.000000 -56.666367
400.000000 -56.337158
450.000000 -55.837505
500.000000 -54.733101
550.000000 -54.388203
600.000000 -53.977016
650.000000 -53.959278
700.000000 -53.962189
750.000000 -53.920227
800.000000 -53.935841
850.000000 -53.927074
900.000000 -53.923981
950.000000 -53.946262
1000.000000 -53.944153
1050.000000 -53.954586
1100.000000 -53.976021
1150.000000 -54.418331
1200.000000 -55.025700
1250.000000 -55.433163
1300.000000 -56.063076
1350.000000 -56.082222
1400.000000 -55.666191
1450.000000 -55.670300
1500.000000 -56.275051
1550.000000 -55.950184
1600.000000 -55.506802
1650.000000 -54.969444
1700.000000 -54.641434
1750.000000 -53.976685
1800.000000 -53.979401
1850.000000 -53.959675
1900.000000 -53.935379
1950.000000 -53.936829
2000.000000 -53.919109
2050.000000 -53.927208
2100.000000 -53.979401
2150.000000 -53.968605
2200.000000 -53.975426
2250.000000 -54.259617
2300.000000 -54.771927
2350.000000 -55.160397
2400.000000 -55.537037
2450.000000 -56.482330
2500.000000 -56.945477
2550.000000 -56.950607
2600.000000 -57.333706
2650.000000 -56.676128
2700.000000 -56.326126
2750.000000 -55.461567
2800.000000 -54.883793
2850.000000 -54.292938
2900.000000 -53.975163
2950.000000 -53.949104
3000.000000 -53.938084
3050.000000 -53.919437
3100.000000 -53.946133
3150.000000 -53.958553
3200.000000 -53.926022
3250.000000 -53.979401
3300.000000 -53.979401
3350.000000 -53.976749
3400.000000 -54.181328
3450.000000 -54.773815
3500.000000 -55.728214
3550.000000 -55.857719
3600.000000 -56.888504
3650.000000 -57.310238
3700.000000 -57.881008
3750.000000 -57.085529
3800.000000 -57.036301
3850.000000 -56.204044
3900.000000 -55.658310
3950.000000 -54.564678
4000.000000 -54.454792
4050.000000 -53.978207
4100.000000 -53.979401
4150.000000 -53.945801
4200.000000 -53.925957
4250.000000 -53.927208
4300.000000 -53.928722
4350.000000 -53.937687
4400.000000 -53.979401
4450.000000 -53.979401
4500.000000 -53.979004
4550.000000 -54.583130
4600.000000 -55.271950
4650.000000 -56.042969
4700.000000 -55.766556
4750.000000 -57.072178
4800.000000 -57.104595
4850.000000 -57.091785
4900.000000 -57.263794
4950.000000 -56.766994
5000.000000 -56.139221
5050.000000 -55.138859
5100.000000 -54.609169
5150.000000 -54.170753
5200.000000 -53.974300
5250.000000 -53.979401
5300.000000 -53.972248
5350.000000 -53.942104
5400.000000 -53.965233
5450.000000 -53.961594
5500.000000 -53.979401
5550.000000 -53.979401
5600.000000 -53.979401
5650.000000 -53.978275
5700.000000 -54.638931
5750.000000 -55.288963
5800.000000 -56.299957
5850.000000 -56.191040
5900.000000 -55.807926
5950.000000 -56.915318
6000.000000 -56.318573
6050.000000 -57.106022
6100.000000 -56.555832
6150.000000 -56.090076
6200.000000 -55.484863
6250.000000 -54.573547
6300.000000 -53.980198
6350.000000 -53.977280
6400.000000 -53.979401
6450.000000 -53.967350
6500.000000 -53.954388
6550.000000 -53.939335
6600.000000 -53.953396
6650.000000 -53.979336
6700.000000 -53.979401
6750.000000 -53.978077
6800.000000 -54.081322
6850.000000 -54.831589
6900.000000 -55.398293
6950.000000 -56.295532
7000.000000 -56.647881
7050.000000 -56.387554
7100.000000 -56.807186
7150.000000 -57.331364
7200.000000 -56.860394
7250.000000 -56.849598
7300.000000 -56.033730
7350.000000 -55.416019
7400.000000 -54.630428
7450.000000 -53.979004
7500.000000 -53.978474
7550.000000 -53.979401
7600.000000 -53.979401
7650.000000 -53.953861
7700.000000 -53.962055
7750.000000 -53.967613
7800.000000 -53.920952
7850.000000 -53.967812
7900.000000 -53.975956
7950.000000 -54.005417
8000.000000 -54.685749
8050.000000 -55.471401
8100.000000 -55.347023
8150.000000 -56.157852
8200.000000 -56.756859
8250.000000 -56.801865
8300.000000 -56.491615
8350.000000 -56.943611
8400.000000 -56.055920
8450.000000 -56.061813
8500.000000 -55.355480
8550.000000 -54.474693
8600.000000 -53.979267
8650.000000 -53.979004
8700.000000 -56.531441
8750.000000 -55.270493
8800.000000 -53.972778
8850.000000 -53.946926
8900.000000 -53.936237
8950.000000 -53.978737
9000.000000 -55.078110
9050.000000 -53.946991
9100.000000 -53.958683
9150.000000 -53.979401
9200.000000 -53.977943
9250.000000 -55.105377
9300.000000 -54.031578
9350.000000 -54.184177
9400.000000 -54.462425
9450.000000 -54.555965
9500.000000 -54.802032
9550.000000 -55.170120
9600.000000 -55.369003
9650.000000 -55.571114
9700.000000 -55.807274
9750.000000 -56.174900
9800.000000 -56.311810
9850.000000 -56.533131
9900.000000 -56.808563
9950.000000 -57.043652
10000.000000 -57.181190
10050.000000 -57.454960
10100.000000 -57.770187
10150.000000 -57.901386
10200.000000 -58.163975
10250.000000 -58.501862
10300.000000 -58.627350
10350.000000 -58.946022
10400.000000 -59.155251
10450.000000 -59.434589
10500.000000 -59.539539
10550.000000 -59.818089
10600.000000 -60.172543
10650.000000 -60.344719
10700.000000 -60.538128
10750.000000 -60.816807
10800.000000 -61.014290
10850.000000 -61.122356
10900.000000 -61.441235
10950.000000 -61.669830
11000.000000 -61.910873
11050.000000 -62.093117
11100.000000 -62.542179
11150.000000 -62.387630
11200.000000 -62.745041
11250.000000 -63.030556
11300.000000 -63.382919
11350.000000 -63.563408
11400.000000 -63.927296
11450.000000 -63.919800
11500.000000 -64.205841
11550.000000 -64.403595
11600.000000 -64.699257
11650.000000 -64.814529
11700.000000 -65.013115
11750.000000 -65.487289
11800.000000 -65.627769
11850.000000 -65.736633
11900.000000 -65.865860
11950.000000 -66.090866
12000.000000 -66.669273
12050.000000 -66.717964
12100.000000 -66.787178
12150.000000 -67.301857
12200.000000 -67.555611
12250.000000 -67.787018
12300.000000 -68.087112
12350.000000 -68.085091
12400.000000 -68.103607
12450.000000 -68.514427
12500.000000 -68.762009
12550.000000 -68.670174
12600.000000 -69.186539
12650.000000 -69.505264
12700.000000 -69.596001
12750.000000 -69.768127
12800.000000 -70.143387
12850.000000 -70.310303
12900.000000 -70.654533
12950.000000 -71.000259
13000.000000 -71.297325
13050.000000 -71.466362
13100.000000 -71.225113
13150.000000 -71.980446
13200.000000 -72.289101
13250.000000 -72.336143
13300.000000 -72.275475
13350.000000 -72.653389
13400.000000 -72.571854
13450.000000 -72.917915
13500.000000 -72.937874
13550.000000 -73.904312
13600.000000 -73.904312
13650.000000 -74.024048
13700.000000 -74.745255
13750.000000 -74.487823
13800.000000 -74.683952
13850.000000 -74.726456
13900.000000 -75.011292
13950.000000 -74.902275
14000.000000 -75.927353
14050.000000 -75.484390
14100.000000 -76.110886
14150.000000 -75.794037
14200.000000 -75.848923
14250.000000 -76.477646
14300.000000 -76.549522
14350.000000 -77.030273
14400.000000 -76.830162
14450.000000 -77.236069
14500.000000 -77.750427
14550.000000 -77.962715
14600.000000 -77.719795
14650.000000 -77.857468
14700.000000 -78.603172
14750.000000 -78.554787
14800.000000 -78.553658
14850.000000 -78.770668
14900.000000 -78.732780
14950.000000 -79.185364
15000.000000 -79.535019
15050.000000 -79.127632
15100.000000 -79.476173
15150.000000 -80.260460
15200.000000 -80.356590
15250.000000 -80.257729
15300.000000 -80.556358
15350.000000 -80.591736
15400.000000 -80.980553
15450.000000 -81.113617
15500.000000 -81.187759
15550.000000 -81.473534
15600.000000 -81.697830
15650.000000 -82.176498
15700.000000 -82.073242
15750.000000 -82.697548
15800.000000 -81.533417
15850.000000 -83.213394
15900.000000 -83.323456
15950.000000 -83.464508
16000.000000 -82.647064
16050.000000 -83.444778
16100.000000 -84.340683
16150.000000 -83.286613
16200.000000 -84.566414
16250.000000 -83.731224
16300.000000 -84.676979
16350.000000 -84.613625
16400.000000 -84.035881
16450.000000 -86.188690
16500.000000 -84.784370
16550.000000 -85.069481
16600.000000 -85.666885
16650.000000 -83.488235
16700.000000 -85.598442
16750.000000 -87.199257
16800.000000 -86.175186
16850.000000 -88.209038
16900.000000 -86.083931
16950.000000 -86.807472
17000.000000 -88.243202
17050.000000 -88.198807
17100.000000 -86.567055
17150.000000 -86.213051
17200.000000 -87.897530
17250.000000 -87.181061
17300.000000 -86.300209
17350.000000 -88.631798
17400.000000 -88.287827
17450.000000 -91.365250
17500.000000 -90.782021
17550.000000 -88.405624
17600.000000 -88.830978
17650.000000 -89.031097
17700.000000 -88.472160
17750.000000 -90.497803
17800.000000 -87.907410
17850.000000 -88.395164
17900.000000 -84.970268
17950.000000 -90.555695
18000.000000 -90.814178
18050.000000 -90.132751
18100.000000 -88.787132
18150.000000 -91.345650
18200.000000 -90.690781
18250.000000 -87.760437
18300.000000 -88.963875
18350.000000 -89.305290
18400.000000 -88.161423
18450.000000 -88.130951
18500.000000 -90.103020
18550.000000 -90.326424
18600.000000 -88.660484
18650.000000 -93.400864
18700.000000 -89.363518
18750.000000 -89.359619
18800.000000 -89.876961
18850.000000 -90.515572
18900.000000 -94.702682
18950.000000 -91.287125
19000.000000 -91.859703
19050.000000 -92.032745
19100.000000 -92.187706
19150.000000 -90.317703
19200.000000 -92.813614
19250.000000 -89.489059
19300.000000 -90.304672
19350.000000 -90.278671
19400.000000 -89.757942
19450.000000 -93.168434
19500.000000 -90.704399
19550.000000 -91.792465
19600.000000 -88.127571
19650.000000 -90.878860
19700.000000 -91.598877
19750.000000 -95.509674
19800.000000 -95.040466
19850.000000 -93.419479
19900.000000 -90.869591
19950.000000 -91.906555
20000.000000 -93.639709
20050.000000 -89.762024
20100.000000 -91.409500
20150.000000 -90.967422
20200.000000 -91.787315
20250.000000 -90.073380
20300.000000 -90.690781
20350.000000 -91.370155
20400.000000 -93.620613
20450.000000 -92.819382
20500.000000 -95.025505
20550.000000 -93.144295
20600.000000 -91.619049
20650.000000 -94.084229
20700.000000 -92.947891
20750.000000 -95.399727
20800.000000 -93.494362
20850.000000 -93.742294
20900.000000 -92.534203
20950.000000 -91.345650
21000.000000 -93.138275
21050.000000 -92.918518
21100.000000 -94.287819
21150.000000 -94.804100
21200.000000 -96.381905
21250.000000 -92.112549
21300.000000 -92.854248
21350.000000 -93.620613
21400.000000 -91.890907
21450.000000 -95.565178
21500.000000 -92.551048
21550.000000 -93.918144
21600.000000 -89.972527
21650.000000 -92.825188
21700.000000 -90.636490
21750.000000 -92.038040
21800.000000 -89.144287
21850.000000 -91.118652
21900.000000 -93.198639
21950.000000 -92.573570
22000.000000 -92.755836
22050.000000 -93.332932
22100.000000 -95.478119
22150.000000 -92.101868
22200.000000 -92.854248
22250.000000 -95.145935
22300.000000 -91.674774
22350.000000 -92.263519
22400.000000 -92.669922
22450.000000 -94.165092
22500.000000 -94.329109
22550.000000 -92.001022
22600.000000 -93.826508
22650.000000 -90.823387
22700.000000 -90.555695
22750.000000 -93.735825
22800.000000 -91.807938
22850.000000 -93.308357
22900.000000 -89.355728
22950.000000 -92.715637
23000.000000 -92.889244
23050.000000 -88.986221
23100.000000 -92.274406
23150.000000 -93.186531
23200.000000 -89.852203
23250.000000 -91.802780
23300.000000 -92.384010
23350.000000 -89.251289
23400.000000 -92.150047
23450.000000 -91.483757
23500.000000 -93.748726
23550.000000 -92.613113
23600.000000 -92.247223
23650.000000 -94.980774
23700.000000 -90.137009
23750.000000 -92.318085
23800.000000 -92.356476
23850.000000 -90.591507
23900.000000 -91.885696
23950.000000 -93.012871
24000.000000 -92.312607
24050.000000 -93.924728
24100.000000 -94.267242
24150.000000 -90.631981
24200.000000 -90.449112
24250.000000 -89.951660
24300.000000 -90.270050
24350.000000 -91.379974
24400.000000 -89.524696
24450.000000 -92.193146
24500.000000 -89.151886
24550.000000 -91.548637
24600.000000 -93.755180
24650.000000 -93.024734
24700.000000 -95.914124
24750.000000 -93.265526
24800.000000 -94.524467
24850.000000 -93.488091
24900.000000 -89.930847
24950.000000 -92.534203
25000.000000 -89.930847
25050.000000 -95.831711
25100.000000 -93.277740
25150.000000 -95.329773
25200.000000 -90.860329
25250.000000 -91.042709
25300.000000 -91.568695
25350.000000 -93.241142
25400.000000 -88.889793
25450.000000 -94.630959
25500.000000 -93.846062
25550.000000 -93.665237
25600.000000 -91.588806
25650.000000 -90.967422
25700.000000 -94.287819
25750.000000 -94.267242
25800.000000 -90.860329
25850.000000 -92.573570
25900.000000 -95.653114
25950.000000 -93.168434
26000.000000 -92.761597
26050.000000 -93.042564
26100.000000 -93.964333
26150.000000 -93.595215
26200.000000 -92.698463
26250.000000 -95.368568
26300.000000 -90.515572
26350.000000 -91.833778
26400.000000 -91.948410
26450.000000 -95.183914
26500.000000 -92.285301
26550.000000 -92.187706
26600.000000 -96.030823
26650.000000 -91.943169
26700.000000 -95.145935
26750.000000 -90.786606
26800.000000 -92.406097
26850.000000 -96.612129
26900.000000 -92.721367
26950.000000 -91.807938
27000.000000 -94.538589
27050.000000 -92.209305
27100.000000 -91.974678
27150.000000 -90.981491
27200.000000 -90.252739
27250.000000 -89.636520
27300.000000 -89.087509
27350.000000 -89.016113
27400.000000 -92.384010
27450.000000 -95.040466
27500.000000 -91.583771
27550.000000 -90.713501
27600.000000 -88.239777
27650.000000 -92.345490
27700.000000 -90.782021
27750.000000 -91.419365
27800.000000 -89.664703
27850.000000 -90.555695
27900.000000 -92.171547
27950.000000 -91.608955
28000.000000 -91.746223
28050.000000 -91.911774
28100.000000 -92.301682
28150.000000 -92.285347
28200.000000 -92.027451
28250.000000 -91.296852
28300.000000 -91.958908
28350.000000 -88.336136
28400.000000 -92.534203
28450.000000 -90.107292
28500.000000 -89.620453
28550.000000 -91.000282
28600.000000 -94.287819
28650.000000 -92.796227
28700.000000 -61.016079
28750.000000 -54.665573
28800.000000 -53.967613
28850.000000 -53.903263
28900.000000 -53.963840
28950.000000 -54.663921
29000.000000 -54.543579
29050.000000 -54.359978
29100.000000 -55.614124
29150.000000 -57.857052
29200.000000 -61.995014
29250.000000 -66.116554
29300.000000 -59.026455
29350.000000 -55.668446
29400.000000 -54.696461
29450.000000 -56.221439
29500.000000 -59.669594
29550.000000 -56.750656
29600.000000 -54.316814
29650.000000 -54.707191
29700.000000 -56.995033
29750.000000 -60.038258
29800.000000 -65.485046
29850.000000 -68.084084
29900.000000 -64.052338
29950.000000 -61.454700
30000.000000 -59.640041
30050.000000 -58.103142
30100.000000 -56.358398
30150.000000 -55.259655
30200.000000 -54.531498
30250.000000 -54.228188
30300.000000 -55.188988
30350.000000 -55.190056
30400.000000 -53.975361
30450.000000 -53.969200
30500.000000 -53.937622
30550.000000 -53.978008
30600.000000 -53.978405
30650.000000 -53.979401
30700.000000 -53.975887
30750.000000 -53.957230
30800.000000 -53.929447
30850.000000 -53.965561
30900.000000 -53.961063
30950.000000 -53.951283
31000.000000 -53.951942
31050.000000 -53.948246
31100.000000 -54.973324
31150.000000 -55.566895
31200.000000 -54.900280
31250.000000 -54.116997
31300.000000 -53.977081
31350.000000 -53.970592
31400.000000 -53.974499
31450.000000 -53.973969
31500.000000 -53.979401
31550.000000 -53.979401
31600.000000 -53.979401
31650.000000 -53.957561
31700.000000 -53.972511
31750.000000 -53.976223
31800.000000 -53.906548
31850.000000 -53.979336
31900.000000 -53.979401
31950.000000 -53.947983
32000.000000 -53.968075
32050.000000 -54.051933
32100.000000 -55.023235
32150.000000 -55.824219
32200.000000 -57.200291
32250.000000 -57.247547
32300.000000 -58.031002
32350.000000 -58.908772
32400.000000 -58.473354
32450.000000 -57.775318
32500.000000 -56.821144
32550.000000 -56.215694
32600.000000 -55.072548
32650.000000 -54.208435
32700.000000 -53.976223
32750.000000 -53.935314
32800.000000 -53.961525
32850.000000 -53.979401
32900.000000 -53.977215
32950.000000 -53.923649
33000.000000 -53.957294
33050.000000 -53.976620
33100.000000 -54.145184
33150.000000 -55.014721
33200.000000 -55.706360
33250.000000 -56.230026
33300.000000 -56.629337
33350.000000 -56.103096
33400.000000 -56.824825
33450.000000 -55.641685
33500.000000 -56.134975
33550.000000 -55.874763
33600.000000 -55.305779
33650.000000 -54.436474
33700.000000 -54.409344
33750.000000 -53.975559
33800.000000 -53.976883
33850.000000 -53.927998
33900.000000 -53.919765
33950.000000 -53.951813
34000.000000 -53.950027
34050.000000 -53.942898
34100.000000 -53.931160
34150.000000 -53.964504
34200.000000 -53.951084
34250.000000 -53.962055
34300.000000 -53.977745
34350.000000 -54.276054
34400.000000 -55.088570
34450.000000 -55.834305
34500.000000 -55.512650
34550.000000 -55.367447
34600.000000 -56.415230
34650.000000 -56.358482
34700.000000 -56.424881
34750.000000 -55.927845
34800.000000 -55.264496
34850.000000 -54.654888
34900.000000 -54.018188
34950.000000 -53.970989
35000.000000 -53.943230
35050.000000 -53.918385
35100.000000 -53.918186
35150.000000 -53.941910
35200.000000 -53.968273
35250.000000 -53.930038
35300.000000 -53.935379
35350.000000 -53.947517
35400.000000 -53.977146
35450.000000 -53.976749
35500.000000 -54.406910
35550.000000 -55.446648
35600.000000 -55.085484
35650.000000 -56.647343
35700.000000 -55.560616
35750.000000 -56.392628
35800.000000 -56.044903
35850.000000 -55.255127
35900.000000 -55.366669
35950.000000 -55.612522
36000.000000 -55.156902
36050.000000 -54.110134
36100.000000 -53.962387
36150.000000 -53.937424
36200.000000 -53.941513
36250.000000 -53.907928
36300.000000 -53.958023
36350.000000 -53.958420
36400.000000 -53.934258
36450.000000 -53.979069
36500.000000 -53.979401
36550.000000 -53.978340
36600.000000 -54.654961
36650.000000 -55.128944
36700.000000 -55.551159
36750.000000 -56.161087
36800.000000 -57.073315
36850.000000 -57.089130
36900.000000 -57.224121
36950.000000 -57.167503
37000.000000 -56.574486
37050.000000 -56.097008
37100.000000 -55.188942
37150.000000 -54.598629
37200.000000 -53.977280
37250.000000 -53.978275
37300.000000 -53.951614
37350.000000 -53.979401
37400.000000 -53.917461
37450.000000 -53.921280
37500.000000 -53.920620
37550.000000 -53.943359
37600.000000 -53.979401
37650.000000 -53.979401
37700.000000 -53.978207
37750.000000 -54.429771
37800.000000 -54.753796
37850.000000 -55.673439
37900.000000 -56.585751
37950.000000 -57.299644
38000.000000 -57.419636
38050.000000 -57.171806
38100.000000 -56.728806
38150.000000 -56.670525
38200.000000 -55.766636
38250.000000 -55.207211
38300.000000 -54.422653
38350.000000 -54.024513
38400.000000 -53.970196
38450.000000 -53.946728
38500.000000 -53.979401
38550.000000 -53.940983
38600.000000 -53.949829
38650.000000 -53.930370
38700.000000 -53.960140
38750.000000 -53.964039
38800.000000 -53.979336
38850.000000 -53.975559
38900.000000 -54.595715
38950.000000 -55.224632
39000.000000 -55.595665
39050.000000 -56.770008
39100.000000 -57.235588
39150.000000 -56.838352
39200.000000 -57.097004
39250.000000 -56.543720
39300.000000 -56.487900
39350.000000 -55.826267
39400.000000 -55.476120
39450.000000 -54.597351
39500.000000 -54.004684
39550.000000 -53.978806
39600.000000 -53.947388
39650.000000 -53.921741
39700.000000 -53.910164
39750.000000 -53.949566
39800.000000 -53.944550
39850.000000 -53.961658
39900.000000 -53.979401
39950.000000 -53.979267
40000.000000 -54.061966
