0.000000 -90.400703
50.000000 -91.787315
100.000000 -88.725388
150.000000 -90.631981
200.000000 -91.272560
250.000000 -90.986183
300.000000 -88.754387
350.000000 -89.102615
400.000000 -89.197624
450.000000 -88.904564
500.000000 -90.990883
550.000000 -93.351402
600.000000 -93.241142
650.000000 -91.099602
700.000000 -93.550941
750.000000 -88.714539
800.000000 -88.315399
850.000000 -88.277504
900.000000 -89.802895
950.000000 -92.241791
1000.000000 -91.823433
1050.000000 -91.463898
1100.000000 -91.099602
1150.000000 -88.649719
1200.000000 -88.412605
1250.000000 -91.409637
1300.000000 -90.542297
1350.000000 -88.151253
1400.000000 -91.725754
1450.000000 -92.123253
1500.000000 -90.400703
1550.000000 -91.690041
1600.000000 -90.902077
1650.000000 -91.414429
1700.000000 -87.904114
1750.000000 -93.006943
1800.000000 -91.573715
1850.000000 -89.508842
1900.000000 -91.375061
1950.000000 -93.557251
2000.000000 -91.267708
2050.000000 -93.376099
2100.000000 -91.409500
2150.000000 -91.075851
2200.000000 -90.595993
2250.000000 -89.774261
2300.000000 -89.027344
2350.000000 -87.737793
2400.000000 -90.339470
2450.000000 -90.587021
2500.000000 -89.414330
2550.000000 -89.163300
2600.000000 -88.270638
2650.000000 -89.255287
2700.000000 -87.561928
2750.000000 -90.145531
2800.000000 -88.574699
2850.000000 -89.782433
2900.000000 -90.497803
2950.000000 -90.413879
3000.000000 -91.751350
3050.000000 -91.649399
3100.000000 -90.804977
3150.000000 -92.495010
3200.000000 -90.515572
3250.000000 -90.686241
3300.000000 -88.993683
3350.000000 -90.654549
3400.000000 -91.859703
3450.000000 -91.306587
3500.000000 -89.347946
3550.000000 -91.085342
3600.000000 -92.959671
3650.000000 -91.906555
3700.000000 -91.823433
3750.000000 -91.023827
3800.000000 -92.596169
3850.000000 -91.735985
3900.000000 -90.768272
3950.000000 -93.826508
4000.000000 -94.239883
4050.000000 -95.613029
4100.000000 -91.906555
4150.000000 -93.192581
4200.000000 -92.900940
4250.000000 -88.963875
4300.000000 -93.228981
4350.000000 -95.032982
4400.000000 -91.598877
4450.000000 -94.731537
4500.000000 -90.361290
4550.000000 -94.609550
4600.000000 -90.502235
4650.000000 -93.351402
4700.000000 -89.552521
4750.000000 -89.733521
4800.000000 -90.902077
4850.000000 -91.818268
4900.000000 -91.080597
4950.000000 -91.563675
5000.000000 -89.414299
5050.000000 -92.128601
5100.000000 -93.192581
5150.000000 -91.287125
5200.000000 -92.128601
5250.000000 -93.500626
5300.000000 -91.833778
5350.000000 -93.363739
5400.000000 -92.139320
5450.000000 -89.324654
5500.000000 -90.480064
5550.000000 -88.000130
5600.000000 -94.943665
5650.000000 -90.695320
5700.000000 -90.480064
5750.000000 -90.677177
5800.000000 -91.503670
5850.000000 -90.600487
5900.000000 -89.848083
5950.000000 -88.097221
6000.000000 -93.363739
6050.000000 -91.548637
6100.000000 -92.279854
6150.000000 -93.096275
6200.000000 -93.588875
6250.000000 -89.301414
6300.000000 -94.965912
6350.000000 -89.968346
6400.000000 -93.314491
6450.000000 -82.474426
6500.000000 -79.477417
6550.000000 -76.755043
6600.000000 -75.075706
6650.000000 -73.602165
6700.000000 -72.529137
6750.000000 -71.237213
6800.000000 -70.094521
6850.000000 -69.588005
6900.000000 -68.991432
6950.000000 -68.206635
7000.000000 -68.205612
7050.000000 -67.607941
7100.000000 -67.478752
7150.000000 -67.342812
7200.000000 -67.141449
7250.000000 -66.958221
7300.000000 -67.317841
7350.000000 -67.269356
7400.000000 -67.307083
7450.000000 -67.515198
7500.000000 -67.657402
7550.000000 -68.069305
7600.000000 -68.201866
7650.000000 -68.561890
7700.000000 -68.779831
7750.000000 -69.161385
7800.000000 -69.739609
7850.000000 -70.204964
7900.000000 -70.424858
7950.000000 -70.788879
8000.000000 -71.766212
8050.000000 -72.072006
8100.000000 -72.857719
8150.000000 -73.385353
8200.000000 -73.621857
8250.000000 -74.302223
8300.000000 -73.911545
8350.000000 -74.194908
8400.000000 -73.933273
8450.000000 -73.595192
8500.000000 -73.491829
8550.000000 -72.687019
8600.000000 -72.574112
8650.000000 -72.050217
8700.000000 -71.575714
8750.000000 -71.039856
8800.000000 -70.652275
8850.000000 -70.242805
8900.000000 -70.152763
8950.000000 -69.989235
9000.000000 -69.521904
9050.000000 -69.701462
9100.000000 -69.539780
9150.000000 -69.511604
9200.000000 -69.388466
9250.000000 -69.302177
9300.000000 -69.187302
9350.000000 -69.500908
9400.000000 -69.537392
9450.000000 -69.631279
9500.000000 -69.652596
9550.000000 -69.982544
9600.000000 -69.997192
9650.000000 -69.968750
9700.000000 -70.388405
9750.000000 -70.348175
9800.000000 -70.856148
9850.000000 -70.886269
9900.000000 -71.252182
9950.000000 -71.435150
10000.000000 -71.718071
10050.000000 -71.613983
10100.000000 -72.033783
10150.000000 -72.296745
10200.000000 -71.792961
10250.000000 -72.191467
10300.000000 -72.098648
10350.000000 -71.867989
10400.000000 -71.751846
10450.000000 -71.619537
10500.000000 -71.235741
10550.000000 -71.225601
10600.000000 -70.810944
10650.000000 -71.053566
10700.000000 -70.858925
10750.000000 -70.830284
10800.000000 -70.647758
10850.000000 -70.496010
10900.000000 -70.489357
10950.000000 -70.429260
11000.000000 -70.487579
11050.000000 -70.493790
11100.000000 -70.496452
11150.000000 -70.342941
11200.000000 -70.572670
11250.000000 -70.257469
11300.000000 -70.264381
11350.000000 -70.365204
11400.000000 -70.344254
11450.000000 -70.534698
11500.000000 -70.803581
11550.000000 -70.380081
11600.000000 -70.658150
11650.000000 -71.032768
11700.000000 -70.927673
11750.000000 -70.732155
11800.000000 -70.718491
11850.000000 -70.854767
11900.000000 -70.881165
11950.000000 -70.752701
12000.000000 -70.751785
12050.000000 -71.213058
12100.000000 -71.248314
12150.000000 -70.817848
12200.000000 -70.763222
12250.000000 -70.904388
12300.000000 -70.876526
12350.000000 -71.271088
12400.000000 -71.145370
12450.000000 -70.696663
12500.000000 -71.155418
12550.000000 -71.033714
12600.000000 -70.908577
12650.000000 -70.843208
12700.000000 -70.709839
12750.000000 -70.640533
12800.000000 -70.699844
12850.000000 -70.760933
12900.000000 -70.628365
12950.000000 -70.545853
13000.000000 -70.715302
13050.000000 -70.598679
13100.000000 -70.488022
13150.000000 -70.779709
13200.000000 -70.703934
13250.000000 -70.790260
13300.000000 -70.773293
13350.000000 -70.673531
13400.000000 -70.392349
13450.000000 -70.496010
13500.000000 -70.739456
13550.000000 -70.486694
13600.000000 -70.513779
13650.000000 -70.676704
13700.000000 -70.561485
13750.000000 -70.957573
13800.000000 -70.777878
13850.000000 -70.863091
13900.000000 -70.739914
13950.000000 -71.030884
14000.000000 -70.917419
14050.000000 -71.162125
14100.000000 -70.718941
14150.000000 -71.236221
14200.000000 -70.517776
14250.000000 -70.329002
14300.000000 -70.752243
14350.000000 -70.615303
14400.000000 -70.727600
14450.000000 -70.811401
14500.000000 -70.411667
14550.000000 -70.629265
14600.000000 -70.661316
14650.000000 -70.800362
14700.000000 -70.845055
14750.000000 -70.805420
14800.000000 -70.380516
14850.000000 -70.625656
14900.000000 -70.754982
14950.000000 -70.752243
15000.000000 -70.576256
15050.000000 -70.700752
15100.000000 -70.619804
15150.000000 -70.548531
15200.000000 -70.173264
15250.000000 -70.602715
15300.000000 -70.512886
15350.000000 -70.411224
15400.000000 -70.595535
15450.000000 -70.274757
15500.000000 -70.673531
15550.000000 -70.493790
15600.000000 -70.431900
15650.000000 -70.404198
15700.000000 -70.802666
15750.000000 -70.827522
15800.000000 -70.692574
15850.000000 -70.894630
15900.000000 -70.916489
15950.000000 -70.511108
16000.000000 -70.516441
16050.000000 -70.777885
16100.000000 -70.695755
16150.000000 -70.587456
16200.000000 -70.519562
16250.000000 -70.910904
16300.000000 -70.733070
16350.000000 -70.760475
16400.000000 -70.592842
16450.000000 -70.594185
16500.000000 -70.814621
16550.000000 -70.949150
16600.000000 -70.486694
16650.000000 -70.752243
16700.000000 -70.770088
16750.000000 -70.729424
16800.000000 -70.853378
16850.000000 -70.836288
16900.000000 -70.739456
16950.000000 -70.851524
17000.000000 -71.015327
17050.000000 -70.855225
17100.000000 -70.962257
17150.000000 -70.350357
17200.000000 -70.789345
17250.000000 -70.559700
17300.000000 -70.425301
17350.000000 -70.645500
17400.000000 -70.744934
17450.000000 -70.492905
17500.000000 -70.579834
17550.000000 -70.670364
17600.000000 -70.371330
17650.000000 -70.560143
17700.000000 -70.461906
17750.000000 -70.297714
17800.000000 -70.389717
17850.000000 -70.618004
17900.000000 -70.785210
17950.000000 -70.867722
18000.000000 -70.809097
18050.000000 -70.648209
18100.000000 -70.549423
18150.000000 -70.769630
18200.000000 -70.416061
18250.000000 -70.406395
18300.000000 -70.160446
18350.000000 -70.213547
18400.000000 -70.103851
18450.000000 -70.542725
18500.000000 -70.537376
18550.000000 -69.915459
18600.000000 -70.765053
18650.000000 -70.552551
18700.000000 -70.331612
18750.000000 -70.747673
18800.000000 -70.486694
18850.000000 -70.843208
18900.000000 -70.551659
18950.000000 -70.560593
19000.000000 -70.460579
19050.000000 -70.632866
19100.000000 -70.507996
19150.000000 -70.922081
19200.000000 -70.808640
19250.000000 -70.834442
19300.000000 -70.627457
19350.000000 -71.009674
19400.000000 -70.693481
19450.000000 -70.741737
19500.000000 -70.786133
19550.000000 -70.689400
19600.000000 -70.681686
19650.000000 -70.737633
19700.000000 -70.323341
19750.000000 -70.647308
19800.000000 -70.758644
19850.000000 -70.970215
19900.000000 -71.008263
19950.000000 -71.010612
20000.000000 -70.967873
20050.000000 -70.874672
20100.000000 -70.732613
20150.000000 -70.523117
20200.000000 -70.565514
20250.000000 -70.442924
20300.000000 -70.216988
20350.000000 -70.402878
20400.000000 -70.266975
20450.000000 -70.595978
20500.000000 -70.778336
20550.000000 -70.273895
20600.000000 -70.923943
20650.000000 -70.534256
20700.000000 -70.612602
20750.000000 -70.644592
20800.000000 -70.760933
20850.000000 -70.972557
20900.000000 -70.476067
20950.000000 -70.606758
21000.000000 -70.405952
21050.000000 -70.674896
21100.000000 -70.540497
21150.000000 -70.359962
21200.000000 -70.747673
21250.000000 -70.558357
21300.000000 -70.932343
21350.000000 -70.632416
21400.000000 -70.668556
21450.000000 -70.891373
21500.000000 -70.262222
21550.000000 -70.132744
21600.000000 -70.765511
21650.000000 -70.504890
21700.000000 -70.302055
21750.000000 -70.392784
21800.000000 -70.593285
21850.000000 -70.595535
21900.000000 -70.544067
21950.000000 -70.449097
22000.000000 -70.504890
22050.000000 -70.705750
22100.000000 -70.758644
22150.000000 -70.637825
22200.000000 -70.781998
22250.000000 -70.608559
22300.000000 -70.855690
22350.000000 -70.700294
22400.000000 -70.737175
22450.000000 -70.568192
22500.000000 -70.781540
22550.000000 -70.958977
22600.000000 -70.868652
22650.000000 -70.996033
22700.000000 -69.984215
22750.000000 -70.692123
22800.000000 -70.470749
22850.000000 -70.495567
22900.000000 -70.691216
22950.000000 -70.422661
23000.000000 -70.418701
23050.000000 -70.474289
23100.000000 -70.552551
23150.000000 -70.554779
23200.000000 -70.346428
23250.000000 -70.544510
23300.000000 -70.596878
23350.000000 -70.408585
23400.000000 -70.392784
23450.000000 -70.415176
23500.000000 -70.166428
23550.000000 -70.653625
23600.000000 -70.472961
23650.000000 -70.785667
23700.000000 -70.645050
23750.000000 -70.505333
23800.000000 -70.608559
23850.000000 -70.584320
23900.000000 -70.667648
23950.000000 -70.770546
24000.000000 -70.445129
24050.000000 -70.669006
24100.000000 -70.780167
24150.000000 -70.521339
24200.000000 -70.538269
24250.000000 -70.449097
24300.000000 -70.437630
24350.000000 -70.529350
24400.000000 -70.486252
24450.000000 -70.496010
24500.000000 -70.825676
24550.000000 -70.769173
24600.000000 -70.555672
24650.000000 -70.866798
24700.000000 -70.151489
24750.000000 -70.333794
24800.000000 -70.765511
24850.000000 -70.704384
24900.000000 -70.783836
24950.000000 -70.516891
25000.000000 -70.673088
25050.000000 -70.566856
25100.000000 -70.642792
25150.000000 -70.457489
25200.000000 -70.666740
25250.000000 -70.733528
25300.000000 -70.805420
25350.000000 -70.434990
25400.000000 -70.623856
25450.000000 -70.431900
25500.000000 -70.627907
25550.000000 -70.512001
25600.000000 -70.574013
25650.000000 -70.510223
25700.000000 -70.429260
25750.000000 -70.293381
25800.000000 -70.586563
25850.000000 -70.250137
25900.000000 -70.555672
25950.000000 -70.266541
26000.000000 -70.283417
26050.000000 -70.489357
26100.000000 -70.383148
26150.000000 -70.344254
26200.000000 -70.277351
26250.000000 -70.309433
26300.000000 -70.326393
26350.000000 -70.148499
26400.000000 -70.202812
26450.000000 -70.424858
26500.000000 -70.669006
26550.000000 -70.525787
26600.000000 -70.774666
26650.000000 -71.601875
26700.000000 -71.337807
26750.000000 -71.717049
26800.000000 -72.339432
26850.000000 -72.169914
26900.000000 -72.477692
26950.000000 -72.626701
27000.000000 -72.755814
27050.000000 -73.098648
27100.000000 -72.995079
27150.000000 -74.022720
27200.000000 -74.036049
27250.000000 -74.136009
27300.000000 -74.238495
27350.000000 -74.926628
27400.000000 -74.845711
27450.000000 -74.628075
27500.000000 -75.088493
27550.000000 -75.146667
27600.000000 -75.366982
27650.000000 -76.217415
27700.000000 -76.369652
27750.000000 -76.189163
27800.000000 -76.387993
27850.000000 -76.223419
27900.000000 -77.188957
27950.000000 -76.590584
28000.000000 -77.600334
28050.000000 -77.457733
28100.000000 -77.800697
28150.000000 -78.154541
28200.000000 -77.648727
28250.000000 -78.514481
28300.000000 -78.933243
28350.000000 -78.964943
28400.000000 -79.195030
28450.000000 -79.852295
28500.000000 -79.605652
28550.000000 -79.396675
28600.000000 -79.136032
28650.000000 -80.393959
28700.000000 -81.086540
28750.000000 -81.070038
28800.000000 -79.988876
28850.000000 -81.053558
28900.000000 -80.912567
28950.000000 -80.348312
29000.000000 -81.652824
29050.000000 -80.543633
29100.000000 -80.759346
29150.000000 -80.763687
29200.000000 -82.499138
29250.000000 -81.986183
29300.000000 -81.250290
29350.000000 -81.791801
29400.000000 -82.135727
29450.000000 -83.040527
29500.000000 -83.914398
29550.000000 -82.761063
29600.000000 -82.507973
29650.000000 -84.010605
29700.000000 -83.510048
29750.000000 -81.972870
29800.000000 -83.735298
29850.000000 -84.184799
29900.000000 -85.148239
29950.000000 -83.682487
30000.000000 -82.364113
30050.000000 -84.951538
30100.000000 -84.148392
30150.000000 -84.949158
30200.000000 -85.475586
30250.000000 -85.598442
30300.000000 -84.214890
30350.000000 -85.723053
30400.000000 -85.631325
30450.000000 -84.670166
30500.000000 -86.674995
30550.000000 -86.683578
30600.000000 -86.432610
30650.000000 -86.723717
30700.000000 -86.918457
30750.000000 -87.187119
30800.000000 -88.521507
30850.000000 -86.781395
30900.000000 -87.090645
30950.000000 -86.968575
31000.000000 -87.718437
31050.000000 -84.345047
31100.000000 -85.654213
31150.000000 -86.989296
31200.000000 -85.588348
31250.000000 -86.842369
31300.000000 -86.836548
31350.000000 -88.026802
31400.000000 -87.593643
31450.000000 -89.359619
31500.000000 -86.035995
31550.000000 -87.093636
31600.000000 -89.872833
31650.000000 -87.715210
31700.000000 -89.034843
31750.000000 -87.027908
31800.000000 -88.046860
31850.000000 -89.363518
31900.000000 -88.941582
31950.000000 -88.820000
32000.000000 -89.500923
32050.000000 -89.721344
32100.000000 -87.657417
32150.000000 -88.772568
32200.000000 -89.620453
32250.000000 -90.132751
32300.000000 -87.395760
32350.000000 -90.613968
32400.000000 -93.494362
32450.000000 -88.875053
32500.000000 -87.731339
32550.000000 -89.628487
32600.000000 -90.035423
32650.000000 -93.241142
32700.000000 -89.648582
32750.000000 -90.201118
32800.000000 -89.786522
32850.000000 -91.624100
32900.000000 -89.588417
32950.000000 -90.690781
33000.000000 -92.323555
33050.000000 -91.209702
33100.000000 -94.738770
33150.000000 -89.390823
33200.000000 -90.295998
33250.000000 -92.001022
33300.000000 -92.182320
33350.000000 -92.478271
33400.000000 -94.064133
33450.000000 -90.986183
33500.000000 -94.124565
33550.000000 -92.220116
33600.000000 -93.813492
33650.000000 -94.391426
33700.000000 -93.150314
33750.000000 -94.545662
33800.000000 -96.251808
33850.000000 -90.827995
33900.000000 -94.384483
33950.000000 -92.918518
34000.000000 -92.198502
34050.000000 -93.924728
34100.000000 -89.827515
34150.000000 -91.725754
34200.000000 -93.198639
34250.000000 -90.888138
34300.000000 -88.783485
34350.000000 -91.700226
34400.000000 -88.758018
34450.000000 -94.623817
34500.000000 -91.028542
34550.000000 -92.895096
34600.000000 -93.761642
34650.000000 -93.228981
34700.000000 -89.968346
34750.000000 -92.323555
34800.000000 -92.989189
34850.000000 -90.699860
34900.000000 -90.759117
34950.000000 -88.867691
35000.000000 -90.103020
35050.000000 -91.166451
35100.000000 -93.156342
35150.000000 -95.541344
35200.000000 -91.684952
35250.000000 -91.152084
35300.000000 -93.513176
35350.000000 -94.377541
35400.000000 -92.150047
35450.000000 -92.579208
35500.000000 -92.198502
35550.000000 -90.073380
35600.000000 -91.548637
35650.000000 -93.859123
35700.000000 -91.171249
35750.000000 -93.036621
35800.000000 -94.717094
35850.000000 -93.614250
35900.000000 -96.226021
35950.000000 -93.931313
36000.000000 -94.440201
36050.000000 -94.050758
36100.000000 -93.320633
36150.000000 -92.171547
36200.000000 -90.640999
36250.000000 -94.818687
36300.000000 -94.503326
36350.000000 -92.489426
36400.000000 -94.531525
36450.000000 -97.420265
36500.000000 -93.891861
36550.000000 -93.595215
36600.000000 -91.854507
36650.000000 -95.446678
36700.000000 -91.123421
36750.000000 -92.641472
36800.000000 -92.166168
36850.000000 -93.198639
36900.000000 -90.361290
36950.000000 -91.932693
37000.000000 -93.120255
37050.000000 -93.222900
37100.000000 -96.585251
37150.000000 -90.759117
37200.000000 -93.563568
37250.000000 -94.746002
37300.000000 -89.580429
37350.000000 -96.106682
37400.000000 -94.753242
37450.000000 -94.138054
37500.000000 -91.296852
37550.000000 -94.138054
37600.000000 -94.731537
37650.000000 -91.370155
37700.000000 -92.123253
37750.000000 -90.948700
37800.000000 -91.370155
37850.000000 -91.746223
37900.000000 -92.664223
37950.000000 -92.411629
38000.000000 -93.690842
38050.000000 -93.937912
38100.000000 -90.064926
38150.000000 -91.200073
38200.000000 -90.542297
38250.000000 -89.745728
38300.000000 -93.048515
38350.000000 -91.598877
38400.000000 -91.282265
38450.000000 -90.244118
38500.000000 -89.278244
38550.000000 -91.690041
38600.000000 -92.889244
38650.000000 -93.614250
38700.000000 -93.186531
38750.000000 -91.123421
38800.000000 -91.974678
38850.000000 -91.578743
38900.000000 -89.375214
38950.000000 -89.441772
39000.000000 -90.453529
39050.000000 -90.958061
39100.000000 -93.500626
39150.000000 -93.595215
39200.000000 -90.239807
39250.000000 -91.833778
39300.000000 -90.864960
39350.000000 -94.818687
39400.000000 -93.557251
39450.000000 -92.573570
39500.000000 -92.483849
39550.000000 -92.842613
39600.000000 -92.209305
39650.000000 -90.014404
39700.000000 -92.692749
39750.000000 -90.745407
39800.000000 -91.549263
39850.000000 -92.258087
39900.000000 -90.471207
39950.000000 -92.085869
40000.000000 -90.939362
