0.000000 -93.826508
50.000000 -93.475578
100.000000 -91.190453
150.000000 -94.044083
200.000000 -92.511787
250.000000 -93.781052
300.000000 -93.425697
350.000000 -95.245033
400.000000 -93.326782
450.000000 -94.178642
500.000000 -87.838516
550.000000 -88.158028
600.000000 -91.710426
650.000000 -92.738586
700.000000 -91.937927
750.000000 -94.370605
800.000000 -90.864960
850.000000 -90.339470
900.000000 -91.890907
950.000000 -88.195404
1000.000000 -93.557251
1050.000000 -91.508652
1100.000000 -91.979942
1150.000000 -91.468857
1200.000000 -88.581818
1250.000000 -90.795784
1300.000000 -90.462364
1350.000000 -90.663589
1400.000000 -92.011581
1450.000000 -93.072365
1500.000000 -93.710091
1550.000000 -91.200073
1600.000000 -93.096275
1650.000000 -92.144684
1700.000000 -94.899353
1750.000000 -93.388466
1800.000000 -92.681328
1850.000000 -94.552734
1900.000000 -90.939362
1950.000000 -94.044083
2000.000000 -93.557251
2050.000000 -92.107208
2100.000000 -92.258087
2150.000000 -93.911568
2200.000000 -91.990479
2250.000000 -93.665237
2300.000000 -92.372986
2350.000000 -95.070473
2400.000000 -90.600487
2450.000000 -92.182320
2500.000000 -94.315323
2550.000000 -93.716515
2600.000000 -92.059265
2650.000000 -93.302223
2700.000000 -93.846062
2750.000000 -93.450600
2800.000000 -94.928871
2850.000000 -93.957718
2900.000000 -90.782021
2950.000000 -91.306587
3000.000000 -91.911774
3050.000000 -95.345268
3100.000000 -93.425697
3150.000000 -90.814178
3200.000000 -93.977570
3250.000000 -91.296852
3300.000000 -89.540588
3350.000000 -91.844139
3400.000000 -91.478806
3450.000000 -90.077606
3500.000000 -93.722946
3550.000000 -92.500603
3600.000000 -91.000282
3650.000000 -90.060707
3700.000000 -91.350548
3750.000000 -96.612129
3800.000000 -93.833023
3850.000000 -92.361977
3900.000000 -94.899353
3950.000000 -93.878754
4000.000000 -91.453979
4050.000000 -96.720474
4100.000000 -94.097656
4150.000000 -89.426064
4200.000000 -93.532043
4250.000000 -93.970947
4300.000000 -91.023827
4350.000000 -94.412300
4400.000000 -92.478271
4450.000000 -92.241791
4500.000000 -89.524696
4550.000000 -89.798798
4600.000000 -89.737587
4650.000000 -93.253326
4700.000000 -88.274071
4750.000000 -92.171547
4800.000000 -93.697250
4850.000000 -94.936264
4900.000000 -91.375061
4950.000000 -93.314491
5000.000000 -93.794014
5050.000000 -89.905930
5100.000000 -93.078331
5150.000000 -91.901337
5200.000000 -90.427071
5250.000000 -92.059265
5300.000000 -95.283447
5350.000000 -92.900940
5400.000000 -91.330986
5450.000000 -91.094849
5500.000000 -88.897171
5550.000000 -93.506905
5600.000000 -93.665237
5650.000000 -92.918518
5700.000000 -90.542297
5750.000000 -88.919350
5800.000000 -90.809578
5850.000000 -93.314491
5900.000000 -93.997467
5950.000000 -93.210762
6000.000000 -89.778351
6050.000000 -89.367416
6100.000000 -89.297554
6150.000000 -93.646080
6200.000000 -91.593834
6250.000000 -94.377541
6300.000000 -89.477211
6350.000000 -92.573631
6400.000000 -91.593834
6450.000000 -92.247223
6500.000000 -91.619049
6550.000000 -82.548759
6600.000000 -79.138428
6650.000000 -76.776047
6700.000000 -74.743080
6750.000000 -73.104637
6800.000000 -71.570686
6850.000000 -70.678062
6900.000000 -69.826675
6950.000000 -68.889046
7000.000000 -68.650063
7050.000000 -68.158699
7100.000000 -67.593002
7150.000000 -67.439964
7200.000000 -67.109238
7250.000000 -66.965317
7300.000000 -66.692726
7350.000000 -66.590225
7400.000000 -66.547592
7450.000000 -66.579765
7500.000000 -66.706482
7550.000000 -66.981285
7600.000000 -67.032959
7650.000000 -66.944649
7700.000000 -67.421249
7750.000000 -67.437775
7800.000000 -68.009109
7850.000000 -68.231216
7900.000000 -68.679893
7950.000000 -68.944908
8000.000000 -69.627266
8050.000000 -69.612022
8100.000000 -70.580284
8150.000000 -70.909973
8200.000000 -71.508636
8250.000000 -72.303299
8300.000000 -72.710464
8350.000000 -73.376694
8400.000000 -73.211349
8450.000000 -73.743538
8500.000000 -73.376694
8550.000000 -73.653717
8600.000000 -73.152702
8650.000000 -73.086678
8700.000000 -72.763878
8750.000000 -72.282013
8800.000000 -71.684418
8850.000000 -71.742111
8900.000000 -70.844139
8950.000000 -70.692123
9000.000000 -70.459702
9050.000000 -70.105545
9100.000000 -70.065758
9150.000000 -69.736359
9200.000000 -69.547729
9250.000000 -69.212143
9300.000000 -69.176239
9350.000000 -69.273216
9400.000000 -69.299858
9450.000000 -68.854080
9500.000000 -68.743492
9550.000000 -69.048714
9600.000000 -69.127960
9650.000000 -69.050598
9700.000000 -69.162529
9750.000000 -69.332008
9800.000000 -69.451584
9850.000000 -69.720512
9900.000000 -69.749779
9950.000000 -70.003479
10000.000000 -70.015648
10050.000000 -70.405960
10100.000000 -70.342072
10150.000000 -70.665840
10200.000000 -70.672173
10250.000000 -70.905319
10300.000000 -71.028053
10350.000000 -70.927208
10400.000000 -71.233810
10450.000000 -71.203903
10500.000000 -71.107201
10550.000000 -71.245895
10600.000000 -71.086273
10650.000000 -71.447029
10700.000000 -71.189957
10750.000000 -71.187073
10800.000000 -71.201500
10850.000000 -70.993210
10900.000000 -70.573120
10950.000000 -70.322037
11000.000000 -70.130188
11050.000000 -70.496895
11100.000000 -70.161728
11150.000000 -70.168991
11200.000000 -70.181831
11250.000000 -69.625259
11300.000000 -70.018593
11350.000000 -70.055626
11400.000000 -70.238495
11450.000000 -70.058586
11500.000000 -70.134865
11550.000000 -70.007256
11600.000000 -70.005577
11650.000000 -70.138275
11700.000000 -70.160873
11750.000000 -69.798790
11800.000000 -69.917542
11850.000000 -69.624855
11900.000000 -69.790604
11950.000000 -69.751823
12000.000000 -69.854248
12050.000000 -69.929169
12100.000000 -70.150635
12150.000000 -69.993843
12200.000000 -70.212257
12250.000000 -70.357780
12300.000000 -70.539162
12350.000000 -70.484482
12400.000000 -70.334663
12450.000000 -70.842751
12500.000000 -70.909973
12550.000000 -70.694847
12600.000000 -70.681686
12650.000000 -70.522232
12700.000000 -70.691673
12750.000000 -70.724861
12800.000000 -70.421341
12850.000000 -70.563721
12900.000000 -70.541832
12950.000000 -70.410347
13000.000000 -70.053940
13050.000000 -70.444687
13100.000000 -70.157883
13150.000000 -70.159164
13200.000000 -70.339455
13250.000000 -70.271301
13300.000000 -70.208824
13350.000000 -70.313347
13400.000000 -70.050995
13450.000000 -70.137421
13500.000000 -70.058159
13550.000000 -69.993004
13600.000000 -70.106819
13650.000000 -69.895561
13700.000000 -69.866211
13750.000000 -69.886040
13800.000000 -70.097916
13850.000000 -69.915459
13900.000000 -69.963737
13950.000000 -70.003479
14000.000000 -70.170273
14050.000000 -70.245827
14100.000000 -70.150635
14150.000000 -70.094521
14200.000000 -70.246254
14250.000000 -70.401123
14300.000000 -70.256607
14350.000000 -70.385773
14400.000000 -70.302490
14450.000000 -70.527130
14500.000000 -70.408150
14550.000000 -70.038353
14600.000000 -70.273460
14650.000000 -70.513779
14700.000000 -70.550758
14750.000000 -70.305092
14800.000000 -70.371765
14850.000000 -70.141678
14900.000000 -70.138275
14950.000000 -70.309433
15000.000000 -70.215263
15050.000000 -70.057320
15100.000000 -70.132317
15150.000000 -70.465889
15200.000000 -70.050568
15250.000000 -70.398048
15300.000000 -70.454842
15350.000000 -70.507553
15400.000000 -70.310738
15450.000000 -70.487579
15500.000000 -70.369576
15550.000000 -70.614403
15600.000000 -70.395416
15650.000000 -70.269569
15700.000000 -70.438950
15750.000000 -70.408585
15800.000000 -70.145943
15850.000000 -70.111916
15900.000000 -70.351669
15950.000000 -70.250565
16000.000000 -70.446892
16050.000000 -70.259201
16100.000000 -70.198524
16150.000000 -70.110641
16200.000000 -70.172836
16250.000000 -70.402878
16300.000000 -70.214409
16350.000000 -70.086479
16400.000000 -70.051414
16450.000000 -70.305527
16500.000000 -70.032463
16550.000000 -70.294678
16600.000000 -70.362587
16650.000000 -70.497780
16700.000000 -70.339890
16750.000000 -70.397614
16800.000000 -70.354721
16850.000000 -70.257904
16900.000000 -70.277786
16950.000000 -70.394539
17000.000000 -70.377892
17050.000000 -70.126785
17100.000000 -70.012291
17150.000000 -70.120834
17200.000000 -70.314217
17250.000000 -69.912552
17300.000000 -69.858368
17350.000000 -69.921272
17400.000000 -70.206680
17450.000000 -70.306831
17500.000000 -70.055626
17550.000000 -70.296852
17600.000000 -70.248413
17650.000000 -69.797562
17700.000000 -70.213120
17750.000000 -70.202812
17800.000000 -70.183105
17850.000000 -70.146797
17900.000000 -70.243240
17950.000000 -70.097069
18000.000000 -70.159592
18050.000000 -70.367828
18100.000000 -70.145943
18150.000000 -70.043404
18200.000000 -70.484924
18250.000000 -70.238930
18300.000000 -70.240219
18350.000000 -70.481377
18400.000000 -70.176682
18450.000000 -70.367828
18500.000000 -70.406395
18550.000000 -70.384460
18600.000000 -70.587456
18650.000000 -70.472519
18700.000000 -70.388840
18750.000000 -70.626556
18800.000000 -70.266975
18850.000000 -70.383583
18900.000000 -70.193810
18950.000000 -70.216187
19000.000000 -70.045090
19050.000000 -70.311172
19100.000000 -70.442924
19150.000000 -70.322037
19200.000000 -70.132744
19250.000000 -70.316818
19300.000000 -70.214836
19350.000000 -70.356468
19400.000000 -70.419136
19450.000000 -70.021111
19500.000000 -70.442924
19550.000000 -70.362587
19600.000000 -69.533417
19650.000000 -70.210968
19700.000000 -70.292076
19750.000000 -70.357780
19800.000000 -70.235054
19850.000000 -70.085205
19900.000000 -70.284714
19950.000000 -70.128914
20000.000000 -69.740829
20050.000000 -70.215698
20100.000000 -70.502220
20150.000000 -70.121681
20200.000000 -70.032043
20250.000000 -69.932907
20300.000000 -70.005157
20350.000000 -70.077171
20400.000000 -70.515999
20450.000000 -69.841072
20500.000000 -70.141678
20550.000000 -70.335533
20600.000000 -70.358215
20650.000000 -70.438072
20700.000000 -70.466774
20750.000000 -70.441597
20800.000000 -70.326393
20850.000000 -70.266113
20900.000000 -70.428818
20950.000000 -70.585220
21000.000000 -70.302925
21050.000000 -70.476067
21100.000000 -70.396736
21150.000000 -70.561035
21200.000000 -70.342072
21250.000000 -70.472076
21300.000000 -70.476067
21350.000000 -70.335968
21400.000000 -70.475616
21450.000000 -70.522232
21500.000000 -69.987984
21550.000000 -70.340324
21600.000000 -70.223000
21650.000000 -70.382271
21700.000000 -70.292511
21750.000000 -70.394981
21800.000000 -69.968330
21850.000000 -70.074211
21900.000000 -70.184387
21950.000000 -70.128059
22000.000000 -70.220856
22050.000000 -70.117859
22100.000000 -70.075058
22150.000000 -70.425301
22200.000000 -70.094948
22250.000000 -70.172836
22300.000000 -70.003479
22350.000000 -70.109367
22400.000000 -70.085213
22450.000000 -70.057739
22500.000000 -70.392349
22550.000000 -70.288612
22600.000000 -70.031197
22650.000000 -70.305527
22700.000000 -70.200668
22750.000000 -70.482704
22800.000000 -70.259201
22850.000000 -70.398491
22900.000000 -70.449539
22950.000000 -70.285583
23000.000000 -70.633766
23050.000000 -70.427498
23100.000000 -70.312912
23150.000000 -70.626556
23200.000000 -70.762306
23250.000000 -70.742195
23300.000000 -70.617104
23350.000000 -70.500000
23400.000000 -70.591042
23450.000000 -70.476067
23500.000000 -70.424858
23550.000000 -70.527130
23600.000000 -70.439835
23650.000000 -70.348175
23700.000000 -70.434105
23750.000000 -70.504890
23800.000000 -70.247551
23850.000000 -70.338585
23900.000000 -70.026154
23950.000000 -70.144241
24000.000000 -70.185242
24050.000000 -70.289047
24100.000000 -70.258339
24150.000000 -70.262657
24200.000000 -70.173691
24250.000000 -70.227303
24300.000000 -70.331612
24350.000000 -70.249275
24400.000000 -70.430580
24450.000000 -70.420456
24500.000000 -70.311607
24550.000000 -70.373077
24600.000000 -70.587906
24650.000000 -70.508446
24700.000000 -70.665382
24750.000000 -70.620705
24800.000000 -70.276924
24850.000000 -70.384026
24900.000000 -70.465446
24950.000000 -70.519112
25000.000000 -70.425735
25050.000000 -70.298149
25100.000000 -70.323776
25150.000000 -70.810020
25200.000000 -70.657242
25250.000000 -70.627907
25300.000000 -70.674896
25350.000000 -70.391472
25400.000000 -70.544510
25450.000000 -70.481377
25500.000000 -70.311172
25550.000000 -70.288177
25600.000000 -70.257904
25650.000000 -70.231178
25700.000000 -70.344688
25750.000000 -70.058586
25800.000000 -70.459259
25850.000000 -70.604515
25900.000000 -70.499115
25950.000000 -70.440720
26000.000000 -70.328133
26050.000000 -70.462349
26100.000000 -70.518669
26150.000000 -70.336403
26200.000000 -70.565956
26250.000000 -70.553444
26300.000000 -70.386650
26350.000000 -70.368706
26400.000000 -70.526680
26450.000000 -70.585663
26500.000000 -70.754074
26550.000000 -70.613953
26600.000000 -71.031357
26650.000000 -71.201019
26700.000000 -71.449997
26750.000000 -71.639252
26800.000000 -71.934242
26850.000000 -72.380127
26900.000000 -72.867622
26950.000000 -72.809517
27000.000000 -72.765610
27050.000000 -73.342140
27100.000000 -73.167786
27150.000000 -73.413246
27200.000000 -74.087563
27250.000000 -74.272011
27300.000000 -74.076157
27350.000000 -74.675331
27400.000000 -74.701935
27450.000000 -74.643799
27500.000000 -75.056931
27550.000000 -75.261887
27600.000000 -75.561172
27650.000000 -75.898376
27700.000000 -75.539734
27750.000000 -76.071167
27800.000000 -76.138031
27850.000000 -75.869492
27900.000000 -76.621971
27950.000000 -76.520157
28000.000000 -77.027451
28050.000000 -76.763252
28100.000000 -77.037811
28150.000000 -77.693329
28200.000000 -78.258041
28250.000000 -78.224480
28300.000000 -78.043800
28350.000000 -78.664330
28400.000000 -79.580360
28450.000000 -79.609451
28500.000000 -80.090065
28550.000000 -79.994179
28600.000000 -79.415245
28650.000000 -79.487411
28700.000000 -79.787392
28750.000000 -80.074013
28800.000000 -80.351067
28850.000000 -81.514458
28900.000000 -80.986488
28950.000000 -83.331230
29000.000000 -82.348465
29050.000000 -83.076340
29100.000000 -82.477951
29150.000000 -82.541649
29200.000000 -83.267288
29250.000000 -83.102821
29300.000000 -83.364357
29350.000000 -83.821297
29400.000000 -84.197678
29450.000000 -84.807388
29500.000000 -85.342186
29550.000000 -85.213211
29600.000000 -84.307976
29650.000000 -85.669426
29700.000000 -86.256516
29750.000000 -84.848984
29800.000000 -85.580780
29850.000000 -86.939056
29900.000000 -87.641426
29950.000000 -87.181061
30000.000000 -85.239822
30050.000000 -86.463234
30100.000000 -88.114067
30150.000000 -88.308495
30200.000000 -86.142868
30250.000000 -87.609543
30300.000000 -90.265694
30350.000000 -88.963875
30400.000000 -87.818924
30450.000000 -87.281616
30500.000000 -87.741028
30550.000000 -86.746742
30600.000000 -88.539200
30650.000000 -90.132751
30700.000000 -87.960274
30750.000000 -89.228249
30800.000000 -86.807472
30850.000000 -87.269363
30900.000000 -89.520729
30950.000000 -89.831627
31000.000000 -89.429985
31050.000000 -90.763695
31100.000000 -90.573578
31150.000000 -90.902077
31200.000000 -90.493362
31250.000000 -89.852203
31300.000000 -89.457504
31350.000000 -90.391930
31400.000000 -90.869591
31450.000000 -87.309242
31500.000000 -89.959999
31550.000000 -87.514580
31600.000000 -87.263245
31650.000000 -89.672768
31700.000000 -88.739876
31750.000000 -89.027344
31800.000000 -92.080544
31850.000000 -91.720642
31900.000000 -91.833778
31950.000000 -89.340179
32000.000000 -90.860329
32050.000000 -91.563675
32100.000000 -94.097710
32150.000000 -90.435883
32200.000000 -95.153519
32250.000000 -95.138359
32300.000000 -94.004112
32350.000000 -88.886108
32400.000000 -88.761650
32450.000000 -92.155418
32500.000000 -90.920700
32550.000000 -88.852989
32600.000000 -89.205269
32650.000000 -88.934166
32700.000000 -90.196823
32750.000000 -90.995575
32800.000000 -92.274406
32850.000000 -91.233826
32900.000000 -89.811096
32950.000000 -90.672646
33000.000000 -89.692978
33050.000000 -91.603912
33100.000000 -91.503670
33150.000000 -93.569885
33200.000000 -91.478790
33250.000000 -92.461563
33300.000000 -90.772850
33350.000000 -93.813492
33400.000000 -94.171867
33450.000000 -92.825188
33500.000000 -94.260391
33550.000000 -93.878754
33600.000000 -91.969421
33650.000000 -92.176933
33700.000000 -88.886108
33750.000000 -91.937973
33800.000000 -95.807144
33850.000000 -90.573578
33900.000000 -94.475212
33950.000000 -90.731720
34000.000000 -93.210762
34050.000000 -93.957718
34100.000000 -90.098778
34150.000000 -91.953659
34200.000000 -89.749802
34250.000000 -91.066368
34300.000000 -89.823410
34350.000000 -93.569885
34400.000000 -89.008629
34450.000000 -92.001022
34500.000000 -90.270020
34550.000000 -90.322052
34600.000000 -88.567589
34650.000000 -91.311462
34700.000000 -91.330986
34750.000000 -90.677177
34800.000000 -93.582542
34850.000000 -90.039627
34900.000000 -91.330986
34950.000000 -90.622971
35000.000000 -90.672646
35050.000000 -91.080597
35100.000000 -91.473824
35150.000000 -92.773125
35200.000000 -87.744255
35250.000000 -90.827995
35300.000000 -91.885696
35350.000000 -90.800377
35400.000000 -89.576431
35450.000000 -91.518631
35500.000000 -91.123421
35550.000000 -91.171249
35600.000000 -92.895096
35650.000000 -91.370155
35700.000000 -92.312607
35750.000000 -92.372986
35800.000000 -92.906799
35850.000000 -90.542297
35900.000000 -90.235497
35950.000000 -93.768105
36000.000000 -93.931313
36050.000000 -93.048515
36100.000000 -89.778351
36150.000000 -95.454529
36200.000000 -94.588203
36250.000000 -94.037407
36300.000000 -93.525749
36350.000000 -92.942009
36400.000000 -94.342918
36450.000000 -91.761612
36500.000000 -96.166145
36550.000000 -91.503670
36600.000000 -91.195259
36650.000000 -91.493713
36700.000000 -91.345650
36750.000000 -96.149117
36800.000000 -95.864578
36850.000000 -90.604980
36900.000000 -92.301682
36950.000000 -93.450600
37000.000000 -91.639275
37050.000000 -92.641472
37100.000000 -93.216827
37150.000000 -91.503670
37200.000000 -93.048515
37250.000000 -90.014404
37300.000000 -90.339470
37350.000000 -90.736275
37400.000000 -88.949005
37450.000000 -90.600487
37500.000000 -90.086067
37550.000000 -90.039627
37600.000000 -92.977371
37650.000000 -91.844139
37700.000000 -92.450439
37750.000000 -94.117935
37800.000000 -92.924385
37850.000000 -88.986221
37900.000000 -95.206779
37950.000000 -91.306587
38000.000000 -92.356476
38050.000000 -94.426239
38100.000000 -93.865662
38150.000000 -93.525749
38200.000000 -93.813492
38250.000000 -93.283859
38300.000000 -95.191528
38350.000000 -93.990829
38400.000000 -90.681709
38450.000000 -90.930023
38500.000000 -92.635796
38550.000000 -92.522987
38600.000000 -91.715530
38650.000000 -94.566902
38700.000000 -93.506905
38750.000000 -92.860069
38800.000000 -93.475578
38850.000000 -91.473824
38900.000000 -93.138275
38950.000000 -93.781052
39000.000000 -93.904999
39050.000000 -92.664223
39100.000000 -94.724312
39150.000000 -94.573997
39200.000000 -91.777023
39250.000000 -92.784668
39300.000000 -91.444077
39350.000000 -91.911774
39400.000000 -95.815323
39450.000000 -91.453979
39500.000000 -94.138054
39550.000000 -95.237366
39600.000000 -91.233841
39650.000000 -91.195259
39700.000000 -92.681328
39750.000000 -92.433784
39800.000000 -92.038040
39850.000000 -92.252647
39900.000000 -90.837227
39950.000000 -91.033264
40000.000000 -92.658531
