0.000000 -91.849319
50.000000 -91.434181
100.000000 -92.139320
150.000000 -94.131310
200.000000 -91.679863
250.000000 -94.233055
300.000000 -93.557251
350.000000 -94.645256
400.000000 -94.695480
450.000000 -92.596146
500.000000 -93.357567
550.000000 -90.934692
600.000000 -90.800377
650.000000 -95.222061
700.000000 -95.557228
750.000000 -92.478271
800.000000 -90.930023
850.000000 -90.560158
900.000000 -91.553650
950.000000 -91.558662
1000.000000 -94.840614
1050.000000 -92.411629
1100.000000 -93.684433
1150.000000 -93.102264
1200.000000 -90.115746
1250.000000 -89.465385
1300.000000 -89.076195
1350.000000 -90.209694
1400.000000 -90.317703
1450.000000 -88.291267
1500.000000 -90.119995
1550.000000 -90.209694
1600.000000 -91.123421
1650.000000 -89.997627
1700.000000 -91.493713
1750.000000 -91.746223
1800.000000 -91.190453
1850.000000 -90.704399
1900.000000 -90.374405
1950.000000 -88.904564
2000.000000 -91.493713
2050.000000 -88.787132
2100.000000 -88.486229
2150.000000 -91.056892
2200.000000 -91.399643
2250.000000 -92.971466
2300.000000 -91.969421
2350.000000 -91.243492
2400.000000 -91.176048
2450.000000 -90.804977
2500.000000 -91.730865
2550.000000 -91.028542
2600.000000 -93.345238
2650.000000 -92.128601
2700.000000 -93.265526
2750.000000 -94.226234
2800.000000 -93.138275
2850.000000 -93.450600
2900.000000 -92.778893
2950.000000 -94.746002
3000.000000 -94.746002
3050.000000 -94.659576
3100.000000 -92.802010
3150.000000 -93.595215
3200.000000 -94.301559
3250.000000 -90.027008
3300.000000 -92.750084
3350.000000 -90.137009
3400.000000 -92.022156
3450.000000 -93.911568
3500.000000 -91.818268
3550.000000 -95.438835
3600.000000 -91.321220
3650.000000 -94.884628
3700.000000 -92.069893
3750.000000 -93.885307
3800.000000 -94.855263
3850.000000 -94.702682
3900.000000 -92.428238
3950.000000 -96.312279
4000.000000 -92.500603
4050.000000 -92.647156
4100.000000 -92.176933
4150.000000 -91.277412
4200.000000 -91.730865
4250.000000 -94.833298
4300.000000 -93.951111
4350.000000 -96.443291
4400.000000 -89.433914
4450.000000 -92.198502
4500.000000 -92.080544
4550.000000 -94.117828
4600.000000 -92.895096
4650.000000 -92.166168
4700.000000 -92.551048
4750.000000 -95.040466
4800.000000 -92.312607
4850.000000 -94.070824
4900.000000 -96.711395
4950.000000 -93.054474
5000.000000 -96.098221
5050.000000 -91.859703
5100.000000 -94.659576
5150.000000 -96.030823
5200.000000 -90.851082
5250.000000 -95.384132
5300.000000 -94.738770
5350.000000 -94.789543
5400.000000 -94.440201
5450.000000 -94.370605
5500.000000 -92.912659
5550.000000 -92.930260
5600.000000 -94.398376
5650.000000 -93.519463
5700.000000 -91.777023
5750.000000 -91.649399
5800.000000 -93.563568
5850.000000 -92.285301
5900.000000 -92.263519
5950.000000 -93.253326
6000.000000 -95.509674
6050.000000 -93.885307
6100.000000 -96.251808
6150.000000 -91.679863
6200.000000 -94.097656
6250.000000 -94.329109
6300.000000 -95.766342
6350.000000 -89.500923
6400.000000 -86.113350
6450.000000 -80.252274
6500.000000 -76.803520
6550.000000 -74.496964
6600.000000 -73.169594
6650.000000 -72.594429
6700.000000 -71.590797
6750.000000 -70.219566
6800.000000 -69.713615
6850.000000 -68.887939
6900.000000 -68.601761
6950.000000 -68.239426
7000.000000 -67.986481
7050.000000 -67.833923
7100.000000 -67.809464
7150.000000 -67.737465
7200.000000 -67.480003
7250.000000 -67.724548
7300.000000 -68.003784
7350.000000 -68.099564
7400.000000 -68.401077
7450.000000 -68.590355
7500.000000 -69.026207
7550.000000 -69.090889
7600.000000 -69.886040
7650.000000 -70.556572
7700.000000 -71.351997
7750.000000 -71.478775
7800.000000 -72.173141
7850.000000 -72.899750
7900.000000 -73.993462
7950.000000 -74.185402
8000.000000 -75.284958
8050.000000 -75.308098
8100.000000 -75.186172
8150.000000 -75.339813
8200.000000 -74.431801
8250.000000 -74.415756
8300.000000 -73.246605
8350.000000 -73.031845
8400.000000 -72.253174
8450.000000 -71.628128
8500.000000 -71.611961
8550.000000 -71.138199
8600.000000 -70.914627
8650.000000 -70.519127
8700.000000 -70.487137
8750.000000 -70.147224
8800.000000 -69.951645
8850.000000 -70.084358
8900.000000 -69.932495
8950.000000 -69.963326
9000.000000 -70.098335
9050.000000 -70.181816
9100.000000 -70.431023
9150.000000 -70.602264
9200.000000 -70.613953
9250.000000 -70.561935
9300.000000 -71.164520
9350.000000 -71.199097
9400.000000 -71.404060
9450.000000 -71.803787
9500.000000 -71.947342
9550.000000 -72.268944
9600.000000 -72.499466
9650.000000 -72.183380
9700.000000 -72.996262
9750.000000 -72.803146
9800.000000 -72.778870
9850.000000 -72.767914
9900.000000 -72.948463
9950.000000 -72.828064
10000.000000 -72.817047
10050.000000 -72.695587
10100.000000 -72.469894
10150.000000 -71.759026
10200.000000 -72.111465
10250.000000 -71.607422
10300.000000 -72.033257
10350.000000 -71.680862
10400.000000 -71.526108
10450.000000 -71.070618
10500.000000 -71.400612
10550.000000 -70.854301
10600.000000 -71.195724
10650.000000 -70.924873
10700.000000 -70.911835
10750.000000 -71.143936
10800.000000 -70.959915
10850.000000 -71.224152
10900.000000 -71.292946
10950.000000 -71.628128
11000.000000 -71.572693
11050.000000 -71.859161
11100.000000 -71.508141
11150.000000 -71.863319
11200.000000 -71.923256
11250.000000 -72.008392
11300.000000 -71.799667
11350.000000 -72.017380
11400.000000 -71.681366
11450.000000 -71.788841
11500.000000 -71.755951
11550.000000 -72.146271
11600.000000 -72.327370
11650.000000 -72.378479
11700.000000 -71.856567
11750.000000 -72.093315
11800.000000 -72.278198
11850.000000 -71.994148
11900.000000 -71.944199
11950.000000 -71.736473
12000.000000 -71.756462
12050.000000 -71.481750
12100.000000 -71.303162
12150.000000 -71.543610
12200.000000 -71.523605
12250.000000 -71.770325
12300.000000 -71.784210
12350.000000 -71.566673
12400.000000 -71.487228
12450.000000 -71.437630
12500.000000 -71.425270
12550.000000 -71.483246
12600.000000 -71.787811
12650.000000 -71.587776
12700.000000 -71.954163
12750.000000 -71.562157
12800.000000 -71.791931
12850.000000 -72.006279
12900.000000 -71.808952
12950.000000 -71.815147
13000.000000 -71.745178
13050.000000 -71.601875
13100.000000 -71.874229
13150.000000 -71.459412
13200.000000 -71.459412
13250.000000 -71.672729
13300.000000 -71.443069
13350.000000 -72.061905
13400.000000 -71.932152
13450.000000 -71.889847
13500.000000 -71.968346
13550.000000 -71.703270
13600.000000 -71.552628
13650.000000 -71.532104
13700.000000 -71.589287
13750.000000 -71.781639
13800.000000 -71.551620
13850.000000 -71.682388
13900.000000 -71.714493
13950.000000 -71.676285
14000.000000 -71.624588
14050.000000 -71.641785
14100.000000 -71.103867
14150.000000 -71.781120
14200.000000 -71.790901
14250.000000 -72.220642
14300.000000 -71.760056
14350.000000 -71.809464
14400.000000 -72.100784
14450.000000 -71.941582
14500.000000 -71.772377
14550.000000 -71.898186
14600.000000 -71.616508
14650.000000 -71.879433
14700.000000 -71.623581
14750.000000 -71.259445
14800.000000 -71.410469
14850.000000 -71.241539
14900.000000 -71.626610
14950.000000 -71.764160
15000.000000 -71.644318
15050.000000 -71.917503
15100.000000 -71.633186
15150.000000 -71.940002
15200.000000 -71.759537
15250.000000 -72.002594
15300.000000 -71.678314
15350.000000 -72.123230
15400.000000 -71.842567
15450.000000 -71.946823
15500.000000 -72.033783
15550.000000 -72.394470
15600.000000 -71.854492
15650.000000 -71.815666
15700.000000 -72.100784
15750.000000 -71.941055
15800.000000 -72.346573
15850.000000 -71.777519
15900.000000 -71.775978
15950.000000 -72.109863
16000.000000 -72.118416
16050.000000 -72.188766
16100.000000 -72.205498
16150.000000 -72.076797
16200.000000 -72.188766
16250.000000 -71.649895
16300.000000 -71.780090
16350.000000 -71.798637
16400.000000 -71.931099
16450.000000 -71.127693
16500.000000 -71.683914
16550.000000 -71.694603
16600.000000 -71.388313
16650.000000 -71.569679
16700.000000 -71.363266
16750.000000 -71.349548
16800.000000 -71.543121
16850.000000 -71.516617
16900.000000 -71.590797
16950.000000 -71.666122
17000.000000 -71.734940
17050.000000 -71.913841
17100.000000 -71.904449
17150.000000 -72.037491
17200.000000 -72.169914
17250.000000 -72.157013
17300.000000 -72.056587
17350.000000 -72.322990
17400.000000 -71.932152
17450.000000 -72.221184
17500.000000 -71.915413
17550.000000 -71.978867
17600.000000 -71.987823
17650.000000 -72.021606
17700.000000 -72.337242
17750.000000 -72.169914
17800.000000 -71.404556
17850.000000 -71.898705
17900.000000 -72.041733
17950.000000 -71.971504
18000.000000 -71.922729
18050.000000 -71.601372
18100.000000 -71.911758
18150.000000 -71.789360
18200.000000 -71.652931
18250.000000 -71.749794
18300.000000 -71.875793
18350.000000 -72.228218
18400.000000 -71.810501
18450.000000 -72.019493
18500.000000 -71.845154
18550.000000 -71.739037
18600.000000 -71.925346
18650.000000 -71.820313
18700.000000 -71.692055
18750.000000 -71.694092
18800.000000 -71.871628
18850.000000 -71.862274
18900.000000 -72.120552
18950.000000 -71.957840
19000.000000 -71.969398
19050.000000 -72.091179
19100.000000 -72.132332
19150.000000 -71.889328
19200.000000 -72.165077
19250.000000 -71.908623
19300.000000 -71.948921
19350.000000 -72.022667
19400.000000 -71.987297
19450.000000 -71.288078
19500.000000 -71.502159
19550.000000 -71.839455
19600.000000 -71.974663
19650.000000 -71.936867
19700.000000 -71.747231
19750.000000 -71.607925
19800.000000 -71.783180
19850.000000 -71.865395
19900.000000 -72.014732
19950.000000 -71.927963
20000.000000 -71.776497
20050.000000 -72.248833
20100.000000 -72.400551
20150.000000 -71.999420
20200.000000 -72.475464
20250.000000 -72.663635
20300.000000 -72.736839
20350.000000 -72.360306
20400.000000 -72.457092
20450.000000 -72.517921
20500.000000 -72.269485
20550.000000 -72.183380
20600.000000 -72.029549
20650.000000 -72.152718
20700.000000 -72.487175
20750.000000 -72.345474
20800.000000 -71.706841
20850.000000 -71.988350
20900.000000 -72.304939
20950.000000 -71.819283
21000.000000 -71.815666
21050.000000 -71.867470
21100.000000 -72.277107
21150.000000 -71.421814
21200.000000 -71.578224
21250.000000 -71.820313
21300.000000 -71.754921
21350.000000 -71.539108
21400.000000 -71.644318
21450.000000 -71.882553
21500.000000 -71.222221
21550.000000 -72.035904
21600.000000 -72.094910
21650.000000 -71.800697
21700.000000 -71.969398
21750.000000 -72.021606
21800.000000 -71.882034
21850.000000 -72.061371
21900.000000 -72.161850
21950.000000 -72.169380
22000.000000 -72.288559
22050.000000 -72.434319
22100.000000 -72.387848
22150.000000 -72.454872
22200.000000 -72.103455
22250.000000 -72.553841
22300.000000 -72.554970
22350.000000 -72.463211
22400.000000 -72.194160
22450.000000 -72.385643
22500.000000 -72.597252
22550.000000 -72.592171
22600.000000 -71.982025
22650.000000 -71.996254
22700.000000 -71.984657
22750.000000 -72.280922
22800.000000 -72.125908
22850.000000 -71.855011
22900.000000 -71.722153
22950.000000 -71.485237
23000.000000 -71.784729
23050.000000 -71.786781
23100.000000 -71.576714
23150.000000 -71.661049
23200.000000 -71.732384
23250.000000 -71.964668
23300.000000 -71.772377
23350.000000 -71.719597
23400.000000 -71.644821
23450.000000 -71.888802
23500.000000 -71.993095
23550.000000 -71.970978
23600.000000 -71.942101
23650.000000 -72.114670
23700.000000 -72.210907
23750.000000 -72.081589
23800.000000 -71.977287
23850.000000 -72.256432
23900.000000 -72.461540
23950.000000 -72.282562
24000.000000 -72.980301
24050.000000 -72.321892
24100.000000 -72.824585
24150.000000 -72.141441
24200.000000 -72.963188
24250.000000 -73.122032
24300.000000 -72.858879
24350.000000 -72.416588
24400.000000 -72.546532
24450.000000 -72.488853
24500.000000 -72.326820
24550.000000 -71.937386
24600.000000 -72.042793
24650.000000 -72.193619
24700.000000 -72.355362
24750.000000 -71.970451
24800.000000 -71.475296
24850.000000 -71.957840
24900.000000 -72.136620
24950.000000 -71.606415
25000.000000 -72.070412
25050.000000 -71.834801
25100.000000 -72.050751
25150.000000 -72.009453
25200.000000 -72.065094
25250.000000 -72.006813
25300.000000 -72.502815
25350.000000 -72.520164
25400.000000 -72.702446
25450.000000 -72.558907
25500.000000 -72.623856
25550.000000 -72.638046
25600.000000 -72.413818
25650.000000 -72.492203
25700.000000 -72.360306
25750.000000 -72.434319
25800.000000 -72.304939
25850.000000 -72.477692
25900.000000 -72.072540
25950.000000 -72.418251
26000.000000 -72.342728
26050.000000 -71.687477
26100.000000 -71.965721
26150.000000 -71.949966
26200.000000 -71.948921
26250.000000 -71.954163
26300.000000 -72.037491
26350.000000 -72.255890
26400.000000 -72.268944
26450.000000 -72.202797
26500.000000 -72.449867
26550.000000 -72.844917
26600.000000 -72.870537
26650.000000 -73.340294
26700.000000 -73.227737
26750.000000 -73.676086
26800.000000 -73.906944
26850.000000 -74.091591
26900.000000 -74.517387
26950.000000 -74.369888
27000.000000 -74.483612
27050.000000 -74.484314
27100.000000 -74.876518
27150.000000 -75.643448
27200.000000 -75.519135
27250.000000 -75.794037
27300.000000 -76.250214
27350.000000 -76.555748
27400.000000 -76.778786
27450.000000 -76.972092
27500.000000 -77.619453
27550.000000 -77.095490
27600.000000 -77.866798
27650.000000 -77.800697
27700.000000 -78.344139
27750.000000 -78.579506
27800.000000 -78.255867
27850.000000 -78.850410
27900.000000 -78.755722
27950.000000 -78.546936
28000.000000 -79.097717
28050.000000 -79.587944
28100.000000 -80.051315
28150.000000 -79.882317
28200.000000 -80.362144
28250.000000 -79.813293
28300.000000 -80.267296
28350.000000 -79.840576
28400.000000 -80.621582
28450.000000 -80.600258
28500.000000 -81.216682
28550.000000 -81.339516
28600.000000 -80.721817
28650.000000 -81.734970
28700.000000 -82.338051
28750.000000 -81.155907
28800.000000 -81.675301
28850.000000 -81.017723
28900.000000 -82.095146
28950.000000 -82.178200
29000.000000 -82.915413
29050.000000 -83.887398
29100.000000 -83.615913
29150.000000 -83.135086
29200.000000 -83.319572
29250.000000 -83.337067
29300.000000 -84.636200
29350.000000 -85.138657
29400.000000 -86.527626
29450.000000 -85.153038
29500.000000 -84.638458
29550.000000 -84.290581
29600.000000 -85.633858
29650.000000 -84.260223
29700.000000 -85.281113
29750.000000 -85.283546
29800.000000 -84.582123
29850.000000 -86.396553
29900.000000 -84.432922
29950.000000 -86.578362
30000.000000 -85.533035
30050.000000 -85.720490
30100.000000 -86.259247
30150.000000 -85.859879
30200.000000 -86.527626
30250.000000 -85.940926
30300.000000 -86.513588
30350.000000 -87.673431
30400.000000 -85.633858
30450.000000 -86.530441
30500.000000 -87.039818
30550.000000 -86.657867
30600.000000 -85.024460
30650.000000 -87.635040
30700.000000 -88.904564
30750.000000 -88.631798
30800.000000 -87.580940
30850.000000 -86.735229
30900.000000 -87.030884
30950.000000 -87.066689
31000.000000 -89.632500
31050.000000 -88.978767
31100.000000 -86.746742
31150.000000 -88.246628
31200.000000 -88.617485
31250.000000 -89.182350
31300.000000 -87.970215
31350.000000 -90.183975
31400.000000 -87.776642
31450.000000 -89.414299
31500.000000 -88.596069
31550.000000 -91.488731
31600.000000 -92.755836
31650.000000 -92.329033
31700.000000 -89.725395
31750.000000 -90.569107
31800.000000 -91.142517
31850.000000 -91.741104
31900.000000 -90.282997
31950.000000 -93.339081
32000.000000 -91.009689
32050.000000 -90.265694
32100.000000 -93.048515
32150.000000 -90.967422
32200.000000 -90.103020
32250.000000 -92.285301
32300.000000 -93.576210
32350.000000 -92.545433
32400.000000 -90.222588
32450.000000 -91.654472
32500.000000 -89.794708
32550.000000 -93.138329
32600.000000 -91.813103
32650.000000 -91.503670
32700.000000 -95.306580
32750.000000 -93.271629
32800.000000 -96.802635
32850.000000 -91.964165
32900.000000 -91.969421
32950.000000 -91.340759
33000.000000 -89.656639
33050.000000 -92.704185
33100.000000 -92.011581
33150.000000 -91.608955
33200.000000 -92.128601
33250.000000 -90.920700
33300.000000 -93.488091
33350.000000 -92.738586
33400.000000 -90.475639
33450.000000 -93.755180
33500.000000 -92.241791
33550.000000 -90.777435
33600.000000 -91.142517
33650.000000 -90.287331
33700.000000 -89.893509
33750.000000 -94.524490
33800.000000 -92.675621
33850.000000 -91.384888
33900.000000 -94.447197
33950.000000 -89.046097
34000.000000 -92.350983
34050.000000 -89.528671
34100.000000 -90.405090
34150.000000 -95.629044
34200.000000 -96.064461
34250.000000 -93.120255
34300.000000 -90.166870
34350.000000 -91.493713
34400.000000 -95.415352
34450.000000 -91.573715
34500.000000 -93.488091
34550.000000 -92.241791
34600.000000 -92.675621
34650.000000 -91.277412
34700.000000 -92.301682
34750.000000 -93.859123
34800.000000 -89.394730
34850.000000 -93.937912
34900.000000 -91.715530
34950.000000 -94.695480
35000.000000 -92.506195
35050.000000 -90.686241
35100.000000 -93.247231
35150.000000 -94.426239
35200.000000 -90.749977
35250.000000 -94.253548
35300.000000 -94.037407
35350.000000 -93.557251
35400.000000 -92.778893
35450.000000 -90.832611
35500.000000 -95.446678
35550.000000 -92.573570
35600.000000 -92.001022
35650.000000 -92.813591
35700.000000 -92.906799
35750.000000 -91.340759
35800.000000 -91.674774
35850.000000 -91.797623
35900.000000 -93.078331
35950.000000 -89.344063
36000.000000 -92.144684
36050.000000 -92.048645
36100.000000 -89.461441
36150.000000 -89.926689
36200.000000 -92.069893
36250.000000 -90.804977
36300.000000 -91.603912
36350.000000 -93.204697
36400.000000 -92.613113
36450.000000 -90.480064
36500.000000 -93.351402
36550.000000 -95.525497
36600.000000 -91.715530
36650.000000 -93.012871
36700.000000 -93.060432
36750.000000 -90.832611
36800.000000 -88.298157
36850.000000 -92.258087
36900.000000 -95.055458
36950.000000 -91.152084
37000.000000 -90.981491
37050.000000 -92.709908
37100.000000 -93.192581
37150.000000 -93.271629
37200.000000 -94.767746
37250.000000 -94.804100
37300.000000 -94.044083
37350.000000 -90.869591
37400.000000 -89.782433
37450.000000 -91.639275
37500.000000 -91.741104
37550.000000 -91.761612
37600.000000 -91.896118
37650.000000 -91.449028
37700.000000 -93.813492
37750.000000 -92.301682
37800.000000 -92.579208
37850.000000 -93.774574
37900.000000 -93.084312
37950.000000 -93.419479
38000.000000 -92.506195
38050.000000 -92.080544
38100.000000 -93.569885
38150.000000 -93.475578
38200.000000 -91.209702
38250.000000 -91.875290
38300.000000 -91.345650
38350.000000 -90.809578
38400.000000 -93.748726
38450.000000 -94.294685
38500.000000 -91.326096
38550.000000 -90.736275
38600.000000 -93.859123
38650.000000 -92.117897
38700.000000 -90.022804
38750.000000 -92.618774
38800.000000 -89.701065
38850.000000 -94.630959
38900.000000 -93.108299
38950.000000 -92.630119
39000.000000 -95.100578
39050.000000 -93.042564
39100.000000 -93.156342
39150.000000 -93.102264
39200.000000 -90.103020
39250.000000 -91.123421
39300.000000 -96.675163
39350.000000 -88.202217
39400.000000 -89.852203
39450.000000 -91.833778
39500.000000 -91.176048
39550.000000 -92.675621
39600.000000 -90.809578
39650.000000 -91.104362
39700.000000 -93.684433
39750.000000 -92.198502
39800.000000 -92.635796
39850.000000 -92.032745
39900.000000 -90.313362
39950.000000 -93.588875
40000.000000 -92.123253
