0.000000 -92.918518
50.000000 -92.607849
100.000000 -92.489426
150.000000 -90.990883
200.000000 -94.645256
250.000000 -92.433784
300.000000 -91.453979
350.000000 -95.501778
400.000000 -95.446678
450.000000 -90.600487
500.000000 -92.983322
550.000000 -91.473824
600.000000 -90.627480
650.000000 -92.755836
700.000000 -92.658531
750.000000 -87.689476
800.000000 -95.798965
850.000000 -94.158325
900.000000 -93.168404
950.000000 -92.618774
1000.000000 -91.690041
1050.000000 -87.770157
1100.000000 -92.877563
1150.000000 -93.030678
1200.000000 -94.804100
1250.000000 -92.687035
1300.000000 -92.296219
1350.000000 -92.323555
1400.000000 -91.272560
1450.000000 -91.598877
1500.000000 -92.053955
1550.000000 -90.587021
1600.000000 -91.906555
1650.000000 -90.763695
1700.000000 -90.934692
1750.000000 -92.584846
1800.000000 -89.802895
1850.000000 -91.833778
1900.000000 -91.094849
1950.000000 -89.433914
2000.000000 -93.665237
2050.000000 -92.053955
2100.000000 -91.563675
2150.000000 -91.953659
2200.000000 -92.912659
2250.000000 -91.042709
2300.000000 -94.017418
2350.000000 -93.937912
2400.000000 -92.709908
2450.000000 -90.768272
2500.000000 -92.942009
2550.000000 -91.132965
2600.000000 -91.483757
2650.000000 -91.797623
2700.000000 -89.782433
2750.000000 -94.144806
2800.000000 -90.520020
2850.000000 -93.072365
2900.000000 -93.216827
2950.000000 -95.093040
3000.000000 -95.653114
3050.000000 -95.032982
3100.000000 -94.869934
3150.000000 -93.204697
3200.000000 -93.235062
3250.000000 -96.522858
3300.000000 -92.567932
3350.000000 -93.735825
3400.000000 -91.613998
3450.000000 -94.391426
3500.000000 -95.040466
3550.000000 -95.199158
3600.000000 -94.804100
3650.000000 -91.880493
3700.000000 -93.413269
3750.000000 -93.898430
3800.000000 -95.130791
3850.000000 -95.322037
3900.000000 -93.620613
3950.000000 -92.176933
4000.000000 -90.990883
4050.000000 -91.720642
4100.000000 -91.958908
4150.000000 -92.280174
4200.000000 -93.006943
4250.000000 -94.468201
4300.000000 -92.400566
4350.000000 -91.838959
4400.000000 -92.285301
4450.000000 -91.679863
4500.000000 -94.673920
4550.000000 -89.297554
4600.000000 -93.156342
4650.000000 -94.588203
4700.000000 -92.096535
4750.000000 -91.608955
4800.000000 -91.094849
4850.000000 -94.239883
4900.000000 -92.618774
4950.000000 -95.541565
5000.000000 -93.742271
5050.000000 -91.113884
5100.000000 -90.754547
5150.000000 -94.775002
5200.000000 -96.666130
5250.000000 -95.415352
5300.000000 -91.109123
5350.000000 -93.326782
5400.000000 -93.697250
5450.000000 -89.616447
5500.000000 -95.517586
5550.000000 -90.851082
5600.000000 -94.581100
5650.000000 -95.214417
5700.000000 -89.753868
5750.000000 -94.315323
5800.000000 -93.036621
5850.000000 -92.176933
5900.000000 -94.219421
5950.000000 -92.350983
6000.000000 -92.664246
6050.000000 -96.399399
6100.000000 -93.690842
6150.000000 -94.496284
6200.000000 -94.862595
6250.000000 -92.534203
6300.000000 -85.828712
6350.000000 -79.310585
6400.000000 -77.018982
6450.000000 -74.784424
6500.000000 -72.927887
6550.000000 -72.127518
6600.000000 -70.815086
6650.000000 -70.209686
6700.000000 -69.470490
6750.000000 -69.358055
6800.000000 -68.793678
6850.000000 -68.686737
6900.000000 -68.136688
6950.000000 -68.263069
7000.000000 -68.239769
7050.000000 -68.034477
7100.000000 -68.223694
7150.000000 -68.612473
7200.000000 -68.613899
7250.000000 -69.453163
7300.000000 -69.770172
7350.000000 -70.263954
7400.000000 -70.898346
7450.000000 -71.880997
7500.000000 -72.434319
7550.000000 -73.397118
7600.000000 -73.844734
7650.000000 -75.423927
7700.000000 -75.804657
7750.000000 -76.869820
7800.000000 -77.119232
7850.000000 -75.914917
7900.000000 -75.957253
7950.000000 -75.006813
8000.000000 -74.297409
8050.000000 -73.550293
8100.000000 -72.986801
8150.000000 -72.676170
8200.000000 -72.395027
8250.000000 -71.560150
8300.000000 -71.594322
8350.000000 -70.749046
8400.000000 -70.509773
8450.000000 -70.899734
8500.000000 -70.183960
8550.000000 -70.265678
8600.000000 -70.515999
8650.000000 -70.306396
8700.000000 -70.382706
8750.000000 -70.785667
8800.000000 -71.063507
8850.000000 -71.115776
8900.000000 -71.666634
8950.000000 -71.977814
9000.000000 -72.139839
9050.000000 -72.318062
9100.000000 -72.840263
9150.000000 -73.462433
9200.000000 -73.720352
9250.000000 -73.319382
9300.000000 -74.086891
9350.000000 -74.220078
9400.000000 -74.062103
9450.000000 -73.805023
9500.000000 -74.008743
9550.000000 -72.883385
9600.000000 -72.950813
9650.000000 -72.860634
9700.000000 -72.234726
9750.000000 -72.511765
9800.000000 -72.162926
9850.000000 -71.824448
9900.000000 -71.993622
9950.000000 -71.884117
10000.000000 -71.713470
10050.000000 -71.728798
10100.000000 -71.726242
10150.000000 -71.680862
10200.000000 -71.335365
10250.000000 -71.930054
10300.000000 -72.077858
10350.000000 -72.390060
10400.000000 -72.102921
10450.000000 -72.135010
10500.000000 -71.921684
10550.000000 -72.934349
10600.000000 -72.515686
10650.000000 -72.697876
10700.000000 -72.921432
10750.000000 -72.756393
10800.000000 -73.251472
10850.000000 -73.007515
10900.000000 -73.247818
10950.000000 -73.353233
11000.000000 -73.308952
11050.000000 -73.374222
11100.000000 -73.096252
11150.000000 -72.925537
11200.000000 -72.401100
11250.000000 -72.475464
11300.000000 -72.081055
11350.000000 -72.125374
11400.000000 -72.105591
11450.000000 -72.075729
11500.000000 -72.145203
11550.000000 -72.050217
11600.000000 -71.932152
11650.000000 -72.413269
11700.000000 -71.984131
11750.000000 -72.193085
11800.000000 -72.008392
11850.000000 -72.217392
11900.000000 -72.482155
11950.000000 -72.478806
12000.000000 -72.786957
12050.000000 -72.557220
12100.000000 -72.488289
12150.000000 -72.558907
12200.000000 -73.113632
12250.000000 -72.946106
12300.000000 -73.308952
12350.000000 -73.459938
12400.000000 -73.276497
12450.000000 -73.235641
12500.000000 -72.919083
12550.000000 -73.238075
12600.000000 -72.905022
12650.000000 -72.697876
12700.000000 -72.836777
12750.000000 -73.059814
12800.000000 -72.769646
12850.000000 -72.523529
12900.000000 -72.580879
12950.000000 -72.439865
13000.000000 -72.351509
13050.000000 -72.237434
13100.000000 -72.527451
13150.000000 -72.536987
13200.000000 -72.106659
13250.000000 -72.313141
13300.000000 -72.585960
13350.000000 -72.441536
13400.000000 -72.660789
13450.000000 -73.015816
13500.000000 -72.475464
13550.000000 -72.151100
13600.000000 -72.189308
13650.000000 -72.358109
13700.000000 -72.796783
13750.000000 -72.839104
13800.000000 -72.649406
13850.000000 -72.489410
13900.000000 -72.691017
13950.000000 -72.371315
14000.000000 -72.618759
14050.000000 -72.444313
14100.000000 -72.853058
14150.000000 -72.709892
14200.000000 -72.874039
14250.000000 -72.853645
14300.000000 -73.011665
14350.000000 -72.664772
14400.000000 -72.545975
14450.000000 -72.268402
14500.000000 -72.837357
14550.000000 -72.686447
14600.000000 -72.697876
14650.000000 -72.666481
14700.000000 -72.997444
14750.000000 -72.984436
14800.000000 -73.120232
14850.000000 -72.909706
14900.000000 -72.854225
14950.000000 -72.982666
15000.000000 -73.008110
15050.000000 -72.857140
15100.000000 -72.529137
15150.000000 -72.839104
15200.000000 -72.770798
15250.000000 -73.258789
15300.000000 -73.198616
15350.000000 -72.763878
15400.000000 -72.907364
15450.000000 -73.199226
15500.000000 -73.042542
15550.000000 -72.672752
15600.000000 -72.786957
15650.000000 -72.627831
15700.000000 -72.724213
15750.000000 -72.472679
15800.000000 -72.468781
15850.000000 -72.411057
15900.000000 -72.662498
15950.000000 -72.620461
16000.000000 -72.184998
16050.000000 -72.079460
16100.000000 -72.697304
16150.000000 -72.619888
16200.000000 -72.401100
16250.000000 -72.596123
16300.000000 -72.576370
16350.000000 -72.966728
16400.000000 -72.587090
16450.000000 -73.135254
16500.000000 -72.853645
16550.000000 -72.760422
16600.000000 -72.897415
16650.000000 -72.887474
16700.000000 -73.751930
16750.000000 -73.009300
16800.000000 -72.847824
16850.000000 -72.862961
16900.000000 -73.056236
16950.000000 -73.241730
17000.000000 -72.914978
17050.000000 -72.976166
17100.000000 -72.964371
17150.000000 -73.038383
17200.000000 -73.059219
17250.000000 -73.001587
17300.000000 -72.983253
17350.000000 -72.614227
17400.000000 -72.788689
17450.000000 -72.721352
17500.000000 -72.844330
17550.000000 -72.619324
17600.000000 -73.440605
17650.000000 -72.428223
17700.000000 -72.621025
17750.000000 -72.911461
17800.000000 -72.793312
17850.000000 -72.294014
17900.000000 -72.482712
17950.000000 -72.470451
18000.000000 -72.484383
18050.000000 -72.493324
18100.000000 -72.449867
18150.000000 -72.473793
18200.000000 -72.565094
18250.000000 -72.770798
18300.000000 -72.940224
18350.000000 -72.742012
18400.000000 -72.649406
18450.000000 -72.901505
18500.000000 -73.009293
18550.000000 -72.916740
18600.000000 -73.406418
18650.000000 -73.566078
18700.000000 -72.796783
18750.000000 -72.928474
18800.000000 -73.095055
18850.000000 -72.986801
18900.000000 -73.158127
18950.000000 -72.874626
19000.000000 -72.575806
19050.000000 -73.163559
19100.000000 -73.275276
19150.000000 -72.501701
19200.000000 -72.954353
19250.000000 -73.059814
19300.000000 -72.791580
19350.000000 -72.800827
19400.000000 -72.791580
19450.000000 -72.723640
19500.000000 -72.680168
19550.000000 -72.730530
19600.000000 -72.795044
19650.000000 -72.847244
19700.000000 -72.630661
19750.000000 -72.660789
19800.000000 -72.935524
19850.000000 -72.417694
19900.000000 -72.875206
19950.000000 -72.659653
20000.000000 -72.883965
20050.000000 -73.045517
20100.000000 -72.784065
20150.000000 -72.679596
20200.000000 -73.059219
20250.000000 -73.256355
20300.000000 -73.032433
20350.000000 -73.321228
20400.000000 -73.355080
20450.000000 -73.323685
20500.000000 -73.167786
20550.000000 -73.298531
20600.000000 -73.036598
20650.000000 -73.271606
20700.000000 -73.363098
20750.000000 -73.440605
20800.000000 -72.755814
20850.000000 -72.730530
20900.000000 -72.999222
20950.000000 -72.954353
21000.000000 -72.894485
21050.000000 -73.312630
21100.000000 -72.578621
21150.000000 -72.541481
21200.000000 -72.536987
21250.000000 -72.972626
21300.000000 -72.318611
21350.000000 -72.329018
21400.000000 -72.913223
21450.000000 -73.015816
21500.000000 -73.085487
21550.000000 -73.160545
21600.000000 -72.957886
21650.000000 -72.773682
21700.000000 -72.224434
21750.000000 -71.997841
21800.000000 -72.640312
21850.000000 -73.159332
21900.000000 -73.194382
21950.000000 -73.184090
22000.000000 -72.829811
22050.000000 -73.543358
22100.000000 -73.436249
22150.000000 -73.467430
22200.000000 -72.995079
22250.000000 -72.806618
22300.000000 -72.686447
22350.000000 -72.852478
22400.000000 -73.181671
22450.000000 -72.795624
22500.000000 -72.622726
22550.000000 -72.936111
22600.000000 -72.720772
22650.000000 -72.940224
22700.000000 -72.645996
22750.000000 -72.574112
22800.000000 -72.538673
22850.000000 -72.645432
22900.000000 -72.837357
22950.000000 -73.014626
23000.000000 -72.782333
23050.000000 -73.371132
23100.000000 -73.559128
23150.000000 -73.428780
23200.000000 -73.506882
23250.000000 -74.034714
23300.000000 -73.782967
23350.000000 -74.009407
23400.000000 -73.448708
23450.000000 -73.508759
23500.000000 -73.386589
23550.000000 -73.441856
23600.000000 -73.789452
23650.000000 -73.566078
23700.000000 -73.522583
23750.000000 -72.805458
23800.000000 -72.861214
23850.000000 -72.867043
23900.000000 -72.377373
23950.000000 -72.603470
24000.000000 -72.795624
24050.000000 -72.721352
24100.000000 -72.533058
24150.000000 -72.676170
24200.000000 -72.372414
24250.000000 -72.690445
24300.000000 -72.822266
24350.000000 -72.850731
24400.000000 -73.026497
24450.000000 -73.368042
24500.000000 -73.176239
24550.000000 -73.013443
24600.000000 -73.133446
24650.000000 -73.604706
24700.000000 -73.187721
24750.000000 -73.708138
24800.000000 -73.460564
24850.000000 -73.832344
24900.000000 -73.444344
24950.000000 -73.299141
25000.000000 -73.403320
25050.000000 -73.285057
25100.000000 -73.111229
25150.000000 -73.052071
25200.000000 -72.899170
25250.000000 -72.458206
25300.000000 -72.352608
25350.000000 -72.703590
25400.000000 -72.309311
25450.000000 -72.433212
25500.000000 -72.606865
25550.000000 -72.327370
25600.000000 -72.665909
25650.000000 -72.668190
25700.000000 -72.843750
25750.000000 -72.765030
25800.000000 -72.819946
25850.000000 -73.089668
25900.000000 -73.295464
25950.000000 -72.681305
26000.000000 -73.390305
26050.000000 -73.518188
26100.000000 -73.660103
26150.000000 -73.768730
26200.000000 -73.808922
26250.000000 -74.078842
26300.000000 -73.785568
26350.000000 -73.741608
26400.000000 -74.294662
26450.000000 -74.455566
26500.000000 -74.965881
26550.000000 -74.967369
26600.000000 -75.304237
26650.000000 -75.308098
26700.000000 -76.114281
26750.000000 -75.613808
26800.000000 -76.161003
26850.000000 -76.439743
26900.000000 -75.993950
26950.000000 -76.480301
27000.000000 -75.769569
27050.000000 -77.151642
27100.000000 -76.934761
27150.000000 -77.266006
27200.000000 -77.753494
27250.000000 -77.808929
27300.000000 -77.762711
27350.000000 -78.361687
27400.000000 -77.686218
27450.000000 -79.022781
27500.000000 -78.730492
27550.000000 -78.385864
27600.000000 -79.222855
27650.000000 -79.561440
27700.000000 -79.101303
27750.000000 -79.390495
27800.000000 -78.769516
27850.000000 -79.178131
27900.000000 -79.596794
27950.000000 -79.557655
28000.000000 -79.502411
28050.000000 -80.460785
28100.000000 -80.559166
28150.000000 -80.248177
28200.000000 -80.786873
28250.000000 -80.341415
28300.000000 -80.661537
28350.000000 -81.696220
28400.000000 -82.364113
28450.000000 -82.416473
28500.000000 -81.667267
28550.000000 -82.122177
28600.000000 -81.822876
28650.000000 -81.684944
28700.000000 -83.095245
28750.000000 -83.551842
28800.000000 -83.543861
28850.000000 -83.383904
28900.000000 -82.848923
28950.000000 -83.662262
29000.000000 -83.458580
29050.000000 -84.932770
29100.000000 -84.825851
29150.000000 -85.160240
29200.000000 -84.110023
29250.000000 -85.327492
29300.000000 -85.067108
29350.000000 -86.956757
29400.000000 -86.226608
29450.000000 -86.121391
29500.000000 -86.980408
29550.000000 -88.053558
29600.000000 -87.692688
29650.000000 -87.303093
29700.000000 -84.749954
29750.000000 -86.028038
29800.000000 -87.615906
29850.000000 -88.033485
29900.000000 -89.012367
29950.000000 -87.920593
30000.000000 -87.442467
30050.000000 -88.856667
30100.000000 -89.163300
30150.000000 -87.737793
30200.000000 -87.718437
30250.000000 -88.195412
30300.000000 -88.765289
30350.000000 -88.993683
30400.000000 -89.031097
30450.000000 -89.918465
30500.000000 -88.986221
30550.000000 -88.232933
30600.000000 -88.222687
30650.000000 -89.235924
30700.000000 -88.472160
30750.000000 -84.729362
30800.000000 -88.010124
30850.000000 -88.667717
30900.000000 -89.441772
30950.000000 -89.023598
31000.000000 -89.616447
31050.000000 -88.956444
31100.000000 -88.274071
31150.000000 -88.336136
31200.000000 -88.997421
31250.000000 -92.456001
31300.000000 -88.391685
31350.000000 -89.046097
31400.000000 -88.581818
31450.000000 -90.627495
31500.000000 -89.709167
31550.000000 -89.959999
31600.000000 -91.695129
31650.000000 -92.274406
31700.000000 -92.171547
31750.000000 -90.107262
31800.000000 -91.538628
31850.000000 -89.856323
31900.000000 -90.731720
31950.000000 -92.842613
32000.000000 -92.422699
32050.000000 -92.607452
32100.000000 -92.618774
32150.000000 -91.404572
32200.000000 -91.085342
32250.000000 -91.365250
32300.000000 -92.080544
32350.000000 -91.109138
32400.000000 -90.759117
32450.000000 -93.607903
32500.000000 -92.225533
32550.000000 -90.902077
32600.000000 -89.935005
32650.000000 -90.480064
32700.000000 -92.669922
32750.000000 -91.061630
32800.000000 -92.171547
32850.000000 -90.060707
32900.000000 -92.345490
32950.000000 -89.429985
33000.000000 -88.198807
33050.000000 -92.641472
33100.000000 -88.682068
33150.000000 -88.852989
33200.000000 -91.365250
33250.000000 -89.477211
33300.000000 -92.400566
33350.000000 -91.204887
33400.000000 -91.838959
33450.000000 -92.096535
33500.000000 -91.488731
33550.000000 -93.198639
33600.000000 -93.277740
33650.000000 -89.964172
33700.000000 -90.851082
33750.000000 -92.372986
33800.000000 -90.718048
33850.000000 -92.489426
33900.000000 -90.488930
33950.000000 -93.036621
34000.000000 -90.795784
34050.000000 -92.193100
34100.000000 -92.053955
34150.000000 -89.500923
34200.000000 -92.085869
34250.000000 -92.865898
34300.000000 -94.440201
34350.000000 -93.174446
34400.000000 -93.544640
34450.000000 -93.376099
34500.000000 -96.294960
34550.000000 -93.891861
34600.000000 -92.290756
34650.000000 -95.774483
34700.000000 -95.108124
34750.000000 -93.132263
34800.000000 -91.870087
34850.000000 -92.658531
34900.000000 -92.900940
34950.000000 -91.360344
35000.000000 -92.607452
35050.000000 -94.796822
35100.000000 -93.425697
35150.000000 -91.219345
35200.000000 -95.980614
35250.000000 -90.213989
35300.000000 -91.964165
35350.000000 -94.681099
35400.000000 -92.802010
35450.000000 -91.444077
35500.000000 -92.166168
35550.000000 -89.914230
35600.000000 -90.352554
35650.000000 -91.664619
35700.000000 -94.855263
35750.000000 -92.715637
35800.000000 -93.525749
35850.000000 -93.481834
35900.000000 -92.681328
35950.000000 -91.864891
36000.000000 -93.271629
36050.000000 -88.934166
36100.000000 -91.166451
36150.000000 -91.243492
36200.000000 -91.503670
36250.000000 -92.989189
36300.000000 -95.629044
36350.000000 -94.010757
36400.000000 -92.848427
36450.000000 -93.620613
36500.000000 -95.108124
36550.000000 -91.911774
36600.000000 -91.870087
36650.000000 -95.717636
36700.000000 -95.384132
36750.000000 -91.000282
36800.000000 -90.869591
36850.000000 -95.085510
36900.000000 -95.733841
36950.000000 -91.823433
37000.000000 -96.711395
37050.000000 -93.944504
37100.000000 -93.588875
37150.000000 -95.798965
37200.000000 -95.446678
37250.000000 -96.802635
37300.000000 -91.943169
37350.000000 -90.864960
37400.000000 -89.985069
37450.000000 -91.735985
37500.000000 -93.735825
37550.000000 -91.896141
37600.000000 -91.864891
37650.000000 -90.823387
37700.000000 -93.729385
37750.000000 -90.039627
37800.000000 -89.993439
37850.000000 -93.846062
37900.000000 -94.921478
37950.000000 -94.260391
38000.000000 -91.152084
38050.000000 -93.351402
38100.000000 -91.906555
38150.000000 -91.985207
38200.000000 -90.222588
38250.000000 -93.722946
38300.000000 -92.128601
38350.000000 -91.880493
38400.000000 -89.955826
38450.000000 -89.959999
38500.000000 -94.185425
38550.000000 -93.388466
38600.000000 -95.557228
38650.000000 -91.444077
38700.000000 -94.260391
38750.000000 -91.639275
38800.000000 -92.698463
38850.000000 -92.965569
38900.000000 -93.904999
38950.000000 -91.538628
39000.000000 -93.120255
39050.000000 -91.573715
39100.000000 -92.389526
39150.000000 -92.318085
39200.000000 -92.721367
39250.000000 -93.826508
39300.000000 -97.380966
39350.000000 -91.833778
39400.000000 -92.301682
39450.000000 -91.463898
39500.000000 -94.496284
39550.000000 -93.388466
39600.000000 -92.069893
39650.000000 -93.400864
39700.000000 -93.120255
39750.000000 -94.538589
39800.000000 -91.085342
39850.000000 -90.791191
39900.000000 -87.950333
39950.000000 -90.962738
40000.000000 -91.823433
