0.000000 -93.302223
50.000000 -94.482231
100.000000 -93.289978
150.000000 -92.813591
200.000000 -94.138077
250.000000 -90.613968
300.000000 -91.152084
350.000000 -89.910095
400.000000 -89.831627
450.000000 -94.623817
500.000000 -93.198639
550.000000 -91.219345
600.000000 -90.551224
650.000000 -90.981491
700.000000 -88.349991
750.000000 -88.560486
800.000000 -91.613998
850.000000 -89.656639
900.000000 -90.832611
950.000000 -91.730865
1000.000000 -90.722603
1050.000000 -90.967438
1100.000000 -87.933800
1150.000000 -91.890907
1200.000000 -91.424301
1250.000000 -91.917000
1300.000000 -90.582542
1350.000000 -90.745407
1400.000000 -89.038589
1450.000000 -92.022156
1500.000000 -91.659546
1550.000000 -87.986824
1600.000000 -87.923897
1650.000000 -91.389801
1700.000000 -90.287331
1750.000000 -93.904999
1800.000000 -91.195259
1850.000000 -91.583771
1900.000000 -93.210762
1950.000000 -92.906799
2000.000000 -94.342918
2050.000000 -93.588875
2100.000000 -95.549286
2150.000000 -94.630959
2200.000000 -93.247231
2250.000000 -95.291153
2300.000000 -97.410423
2350.000000 -88.486229
2400.000000 -89.504883
2450.000000 -90.911385
2500.000000 -92.819382
2550.000000 -93.970947
2600.000000 -91.932693
2650.000000 -90.967422
2700.000000 -96.885582
2750.000000 -94.212715
2800.000000 -90.295998
2850.000000 -92.220116
2900.000000 -92.971466
2950.000000 -90.613968
3000.000000 -93.054474
3050.000000 -94.057442
3100.000000 -90.595993
3150.000000 -91.238655
3200.000000 -92.171547
3250.000000 -90.352554
3300.000000 -91.224167
3350.000000 -93.595215
3400.000000 -92.307144
3450.000000 -91.335869
3500.000000 -91.880493
3550.000000 -94.329109
3600.000000 -94.688286
3650.000000 -91.533623
3700.000000 -91.593834
3750.000000 -94.077522
3800.000000 -93.620613
3850.000000 -94.138054
3900.000000 -96.072891
3950.000000 -95.329773
4000.000000 -93.235062
4050.000000 -90.435883
4100.000000 -92.971489
4150.000000 -92.895096
4200.000000 -93.144295
4250.000000 -92.807793
4300.000000 -91.849319
4350.000000 -94.973335
4400.000000 -90.365662
4450.000000 -90.435883
4500.000000 -92.406097
4550.000000 -94.433220
4600.000000 -89.831627
4650.000000 -93.156342
4700.000000 -92.854248
4750.000000 -93.506905
4800.000000 -91.000282
4850.000000 -91.094849
4900.000000 -88.332680
4950.000000 -90.920700
5000.000000 -93.557251
5050.000000 -90.727158
5100.000000 -90.587021
5150.000000 -93.400864
5200.000000 -93.150314
5250.000000 -96.123634
5300.000000 -92.692749
5350.000000 -92.268959
5400.000000 -92.596146
5450.000000 -93.885307
5500.000000 -94.010757
5550.000000 -95.980614
5600.000000 -91.419365
5650.000000 -91.859703
5700.000000 -95.509674
5750.000000 -93.168404
5800.000000 -90.111504
5850.000000 -93.569885
5900.000000 -91.823433
5950.000000 -92.704185
6000.000000 -95.980614
6050.000000 -91.023827
6100.000000 -90.930023
6150.000000 -92.220116
6200.000000 -94.024071
6250.000000 -94.602432
6300.000000 -98.202942
6350.000000 -86.159012
6400.000000 -81.028160
6450.000000 -77.800697
6500.000000 -75.613007
6550.000000 -73.448082
6600.000000 -72.418800
6650.000000 -71.314949
6700.000000 -70.594185
6750.000000 -70.400246
6800.000000 -69.524689
6850.000000 -69.024712
6900.000000 -68.882408
6950.000000 -68.774734
7000.000000 -68.079048
7050.000000 -68.448975
7100.000000 -68.557632
7150.000000 -68.649704
7200.000000 -68.913788
7250.000000 -68.759460
7300.000000 -69.422913
7350.000000 -69.647766
7400.000000 -69.993843
7450.000000 -70.405075
7500.000000 -70.876060
7550.000000 -71.666634
7600.000000 -72.240150
7650.000000 -72.977348
7700.000000 -73.730003
7750.000000 -74.442276
7800.000000 -75.293434
7850.000000 -75.751671
7900.000000 -76.710457
7950.000000 -76.416901
8000.000000 -76.040871
8050.000000 -75.794853
8100.000000 -74.905220
8150.000000 -74.564751
8200.000000 -73.889870
8250.000000 -73.462433
8300.000000 -72.897995
8350.000000 -72.381233
8400.000000 -71.653946
8450.000000 -71.479271
8500.000000 -71.296349
8550.000000 -70.877914
8600.000000 -70.406395
8650.000000 -70.748589
8700.000000 -70.727600
8750.000000 -70.442039
8800.000000 -70.863556
8850.000000 -70.754074
8900.000000 -70.665840
8950.000000 -70.965530
9000.000000 -71.038437
9050.000000 -71.545113
9100.000000 -71.703781
9150.000000 -72.047035
9200.000000 -72.177994
9250.000000 -72.572418
9300.000000 -72.954353
9350.000000 -73.576187
9400.000000 -73.159943
9450.000000 -73.631401
9500.000000 -73.543983
9550.000000 -73.789452
9600.000000 -73.824532
9650.000000 -73.651802
9700.000000 -73.400215
9750.000000 -73.853874
9800.000000 -73.523209
9850.000000 -72.852478
9900.000000 -73.110634
9950.000000 -72.854225
10000.000000 -72.525772
10050.000000 -72.462654
10100.000000 -71.813599
10150.000000 -71.837906
10200.000000 -71.897667
10250.000000 -71.619034
10300.000000 -71.749794
10350.000000 -71.371605
10400.000000 -71.563156
10450.000000 -71.353958
10500.000000 -71.313393
10550.000000 -71.409973
10600.000000 -71.667137
10650.000000 -71.815147
10700.000000 -72.182838
10750.000000 -72.104523
10800.000000 -72.355362
10850.000000 -72.615356
10900.000000 -72.507286
10950.000000 -72.321350
11000.000000 -72.959061
11050.000000 -72.477135
11100.000000 -72.690445
11150.000000 -73.056236
11200.000000 -72.883385
11250.000000 -72.803146
11300.000000 -72.578621
11350.000000 -73.129837
11400.000000 -73.080109
11450.000000 -72.880463
11500.000000 -72.271667
11550.000000 -72.334496
11600.000000 -72.779449
11650.000000 -72.463211
11700.000000 -72.662498
11750.000000 -72.377922
11800.000000 -72.189850
11850.000000 -72.227135
11900.000000 -71.788841
11950.000000 -71.966248
12000.000000 -72.041199
12050.000000 -72.130730
12100.000000 -72.122696
12150.000000 -71.931625
12200.000000 -71.895576
12250.000000 -72.301659
12300.000000 -72.138763
12350.000000 -72.064560
12400.000000 -71.859161
12450.000000 -72.154327
12500.000000 -72.472122
12550.000000 -72.367462
12600.000000 -72.212524
12650.000000 -72.613663
12700.000000 -72.180687
12750.000000 -72.410500
12800.000000 -72.475464
12850.000000 -72.675034
12900.000000 -72.229301
12950.000000 -72.587090
13000.000000 -72.595558
13050.000000 -72.369659
13100.000000 -72.443756
13150.000000 -72.216309
13200.000000 -72.417145
13250.000000 -72.561157
13300.000000 -72.285286
13350.000000 -72.548782
13400.000000 -72.331757
13450.000000 -72.270576
13500.000000 -72.052345
13550.000000 -72.314232
13600.000000 -72.433212
13650.000000 -72.366356
13700.000000 -72.153786
13750.000000 -72.248833
13800.000000 -72.117348
13850.000000 -72.348213
13900.000000 -72.270035
13950.000000 -72.445419
14000.000000 -72.177452
14050.000000 -72.001534
14100.000000 -72.011040
14150.000000 -72.388405
14200.000000 -72.250458
14250.000000 -71.697662
14300.000000 -72.629532
14350.000000 -72.413269
14400.000000 -72.233101
14450.000000 -72.129120
14500.000000 -72.644859
14550.000000 -72.224976
14600.000000 -72.605736
14650.000000 -72.566223
14700.000000 -72.364159
14750.000000 -72.105057
14800.000000 -71.660034
14850.000000 -71.987823
14900.000000 -71.869034
14950.000000 -71.915413
15000.000000 -72.148422
15050.000000 -72.329018
15100.000000 -72.159164
15150.000000 -72.099182
15200.000000 -72.069878
15250.000000 -72.115204
15300.000000 -72.300568
15350.000000 -72.248283
15400.000000 -72.226593
15450.000000 -72.096512
15500.000000 -72.081589
15550.000000 -72.106125
15600.000000 -72.464325
15650.000000 -72.205498
15700.000000 -72.415482
15750.000000 -72.289650
15800.000000 -72.600082
15850.000000 -72.809517
15900.000000 -72.791000
15950.000000 -72.423233
16000.000000 -72.241776
16050.000000 -72.372414
16100.000000 -72.219017
16150.000000 -72.533623
16200.000000 -72.396133
16250.000000 -72.409950
16300.000000 -72.439865
16350.000000 -72.341629
16400.000000 -72.228218
16450.000000 -72.095978
16500.000000 -72.232018
16550.000000 -72.097588
16600.000000 -72.031136
16650.000000 -72.353165
16700.000000 -72.335594
16750.000000 -72.360855
16800.000000 -72.114136
16850.000000 -71.880478
16900.000000 -72.441536
16950.000000 -72.241234
17000.000000 -71.862801
17050.000000 -71.865395
17100.000000 -71.823418
17150.000000 -72.116814
17200.000000 -71.852936
17250.000000 -71.892448
17300.000000 -72.327370
17350.000000 -72.116272
17400.000000 -72.024780
17450.000000 -72.066154
17500.000000 -71.851379
17550.000000 -72.527451
17600.000000 -72.446533
17650.000000 -72.222809
17700.000000 -72.403313
17750.000000 -72.224434
17800.000000 -72.213608
17850.000000 -72.124298
17900.000000 -72.062965
17950.000000 -71.923256
18000.000000 -72.128586
18050.000000 -71.946823
18100.000000 -71.930054
18150.000000 -72.171532
18200.000000 -71.796059
18250.000000 -72.245033
18300.000000 -71.537102
18350.000000 -71.619537
18400.000000 -72.158623
18450.000000 -71.993622
18500.000000 -71.716537
18550.000000 -71.770836
18600.000000 -71.801727
18650.000000 -72.057121
18700.000000 -72.289101
18750.000000 -72.125374
18800.000000 -72.098648
18850.000000 -72.025314
18900.000000 -72.366356
18950.000000 -72.106659
19000.000000 -71.889328
19050.000000 -72.244484
19100.000000 -72.204964
19150.000000 -72.304939
19200.000000 -72.300568
19250.000000 -72.358109
19300.000000 -72.370216
19350.000000 -72.307671
19400.000000 -72.519043
19450.000000 -72.455421
19500.000000 -71.966248
19550.000000 -71.992569
19600.000000 -71.994148
19650.000000 -72.194702
19700.000000 -71.989929
19750.000000 -71.507637
19800.000000 -72.188766
19850.000000 -71.835312
19900.000000 -71.755951
19950.000000 -71.795029
20000.000000 -71.550125
20050.000000 -71.994148
20100.000000 -72.272751
20150.000000 -72.117882
20200.000000 -71.839973
20250.000000 -71.861237
20300.000000 -71.888283
20350.000000 -71.692566
20400.000000 -71.990456
20450.000000 -71.979393
20500.000000 -71.386833
20550.000000 -71.396675
20600.000000 -71.834282
20650.000000 -71.944199
20700.000000 -71.883080
20750.000000 -71.742111
20800.000000 -71.735962
20850.000000 -71.713982
20900.000000 -71.904449
20950.000000 -71.887764
21000.000000 -72.116814
21050.000000 -72.050217
21100.000000 -72.108261
21150.000000 -72.523529
21200.000000 -72.092247
21250.000000 -72.174759
21300.000000 -71.980446
21350.000000 -72.109329
21400.000000 -72.115204
21450.000000 -71.910713
21500.000000 -71.859680
21550.000000 -72.083183
21600.000000 -71.683914
21650.000000 -71.689514
21700.000000 -71.751846
21750.000000 -72.022667
21800.000000 -72.032722
21850.000000 -71.840492
21900.000000 -71.544609
21950.000000 -71.462387
22000.000000 -71.463379
22050.000000 -71.729309
22100.000000 -71.622620
22150.000000 -71.422310
22200.000000 -71.424286
22250.000000 -71.751335
22300.000000 -71.682892
22350.000000 -71.781639
22400.000000 -71.872673
22450.000000 -71.591301
22500.000000 -71.963615
22550.000000 -71.956268
22600.000000 -71.790390
22650.000000 -71.738014
22700.000000 -72.428223
22750.000000 -72.348763
22800.000000 -72.284737
22850.000000 -72.356461
22900.000000 -72.450424
22950.000000 -71.849304
23000.000000 -71.618019
23050.000000 -72.037491
23100.000000 -71.680862
23150.000000 -71.746719
23200.000000 -71.994675
23250.000000 -71.140594
23300.000000 -71.131516
23350.000000 -71.291000
23400.000000 -71.391754
23450.000000 -71.430214
23500.000000 -71.410469
23550.000000 -71.641281
23600.000000 -71.546616
23650.000000 -71.230911
23700.000000 -71.618523
23750.000000 -71.532600
23800.000000 -71.360329
23850.000000 -71.382416
23900.000000 -71.535103
23950.000000 -71.530602
24000.000000 -71.803787
24050.000000 -72.003639
24100.000000 -71.784210
24150.000000 -72.112000
24200.000000 -71.871628
24250.000000 -72.227135
24300.000000 -71.937386
24350.000000 -72.193085
24400.000000 -72.082123
24450.000000 -71.937386
24500.000000 -71.545113
24550.000000 -72.138229
24600.000000 -71.690018
24650.000000 -71.480263
24700.000000 -71.819283
24750.000000 -71.828583
24800.000000 -71.512131
24850.000000 -71.654961
24900.000000 -71.421814
24950.000000 -71.452477
25000.000000 -71.312424
25050.000000 -71.459412
25100.000000 -71.509132
25150.000000 -71.627617
25200.000000 -71.317787
25250.000000 -71.256058
25300.000000 -71.723686
25350.000000 -71.741592
25400.000000 -71.531601
25450.000000 -71.407021
25500.000000 -71.600365
25550.000000 -71.326569
25600.000000 -71.436638
25650.000000 -71.528603
25700.000000 -71.404556
25750.000000 -71.685951
25800.000000 -71.908104
25850.000000 -71.681877
25900.000000 -71.925873
25950.000000 -71.906532
26000.000000 -71.904449
26050.000000 -71.472313
26100.000000 -71.323151
26150.000000 -72.097046
26200.000000 -71.811531
26250.000000 -71.802757
26300.000000 -72.161308
26350.000000 -72.066154
26400.000000 -72.433769
26450.000000 -72.601212
26500.000000 -72.758118
26550.000000 -73.291176
26600.000000 -73.305267
26650.000000 -73.402695
26700.000000 -73.633949
26750.000000 -73.647331
26800.000000 -73.904976
26850.000000 -73.952408
26900.000000 -74.481506
26950.000000 -74.726479
27000.000000 -75.122444
27050.000000 -75.142120
27100.000000 -75.128494
27150.000000 -75.814476
27200.000000 -75.733810
27250.000000 -76.582535
27300.000000 -76.286278
27350.000000 -76.604919
27400.000000 -76.750481
27450.000000 -76.733177
27500.000000 -77.707565
27550.000000 -77.595306
27600.000000 -78.327728
27650.000000 -77.976341
27700.000000 -78.354004
27750.000000 -78.525658
27800.000000 -79.261726
27850.000000 -79.306885
27900.000000 -79.634834
27950.000000 -80.127640
28000.000000 -80.204651
28050.000000 -79.941353
28100.000000 -79.925575
28150.000000 -80.919930
28200.000000 -80.717499
28250.000000 -80.817398
28300.000000 -81.218208
28350.000000 -81.799950
28400.000000 -81.122665
28450.000000 -82.404564
28500.000000 -82.202080
28550.000000 -82.976814
28600.000000 -82.874725
28650.000000 -83.362404
28700.000000 -83.557823
28750.000000 -83.238373
28800.000000 -83.395653
28850.000000 -82.792076
28900.000000 -84.082466
28950.000000 -83.846031
29000.000000 -84.002197
29050.000000 -83.987503
29100.000000 -83.821297
29150.000000 -84.093018
29200.000000 -84.911743
29250.000000 -85.445763
29300.000000 -87.773399
29350.000000 -86.275604
29400.000000 -85.943550
29450.000000 -85.315262
29500.000000 -86.471611
29550.000000 -87.590462
29600.000000 -88.685669
29650.000000 -87.156868
29700.000000 -85.381500
29750.000000 -87.269363
29800.000000 -86.942009
29850.000000 -89.243607
29900.000000 -87.517723
29950.000000 -88.103958
30000.000000 -88.270645
30050.000000 -86.267418
30100.000000 -87.953644
30150.000000 -86.775620
30200.000000 -86.589668
30250.000000 -86.218468
30300.000000 -90.192543
30350.000000 -89.426064
30400.000000 -88.374290
30450.000000 -89.477211
30500.000000 -89.042343
30550.000000 -88.908257
30600.000000 -90.018608
30650.000000 -87.960274
30700.000000 -87.737793
30750.000000 -87.670288
30800.000000 -87.321548
30850.000000 -87.420639
30900.000000 -89.121536
30950.000000 -87.539795
31000.000000 -89.042343
31050.000000 -89.640541
31100.000000 -88.496796
31150.000000 -89.520729
31200.000000 -89.819305
31250.000000 -93.931313
31300.000000 -91.253166
31350.000000 -89.972527
31400.000000 -89.989250
31450.000000 -91.995750
31500.000000 -93.742271
31550.000000 -92.230949
31600.000000 -90.192543
31650.000000 -92.225533
31700.000000 -91.473824
31750.000000 -90.196823
31800.000000 -89.664703
31850.000000 -92.456001
31900.000000 -91.792465
31950.000000 -94.538589
32000.000000 -90.855705
32050.000000 -94.475212
32100.000000 -90.591507
32150.000000 -91.548637
32200.000000 -93.186531
32250.000000 -94.274094
32300.000000 -92.607452
32350.000000 -89.091278
32400.000000 -91.548637
32450.000000 -89.770180
32500.000000 -90.103020
32550.000000 -89.620453
32600.000000 -92.048645
32650.000000 -93.595215
32700.000000 -92.053955
32750.000000 -91.493713
32800.000000 -95.260376
32850.000000 -92.796227
32900.000000 -92.918518
32950.000000 -91.969421
33000.000000 -92.209305
33050.000000 -95.621033
33100.000000 -93.156342
33150.000000 -92.203896
33200.000000 -94.928871
33250.000000 -95.685318
33300.000000 -94.412300
33350.000000 -95.823517
33400.000000 -93.253326
33450.000000 -97.235138
33500.000000 -94.212608
33550.000000 -92.854248
33600.000000 -92.971466
33650.000000 -91.370155
33700.000000 -95.214417
33750.000000 -89.835732
33800.000000 -90.222588
33850.000000 -93.030678
33900.000000 -91.533623
33950.000000 -91.969643
34000.000000 -91.052162
34050.000000 -96.149117
34100.000000 -92.545433
34150.000000 -92.334518
34200.000000 -91.204887
34250.000000 -93.729385
34300.000000 -93.626968
34350.000000 -94.246712
34400.000000 -88.926758
34450.000000 -91.644333
34500.000000 -91.917000
34550.000000 -93.132263
34600.000000 -91.014397
34650.000000 -93.833023
34700.000000 -92.406097
34750.000000 -91.751350
34800.000000 -87.789635
34850.000000 -93.108253
34900.000000 -89.568459
34950.000000 -90.300331
35000.000000 -92.241791
35050.000000 -97.927177
35100.000000 -90.786606
35150.000000 -90.681709
35200.000000 -90.860329
35250.000000 -90.578056
35300.000000 -91.311462
35350.000000 -92.139320
35400.000000 -93.519463
35450.000000 -92.848427
35500.000000 -95.446678
35550.000000 -92.573570
35600.000000 -92.001022
35650.000000 -92.813591
35700.000000 -92.906799
35750.000000 -91.340759
35800.000000 -91.674774
35850.000000 -91.797623
35900.000000 -93.078331
35950.000000 -89.344063
36000.000000 -92.144684
36050.000000 -92.048645
36100.000000 -89.461441
36150.000000 -89.926689
36200.000000 -88.426582
36250.000000 -91.654472
36300.000000 -89.182350
36350.000000 -90.818787
36400.000000 -94.212608
36450.000000 -95.047958
36500.000000 -93.639709
36550.000000 -93.550941
36600.000000 -89.905930
36650.000000 -94.246712
36700.000000 -93.150314
36750.000000 -94.588203
36800.000000 -90.659065
36850.000000 -92.139359
36900.000000 -92.854248
36950.000000 -95.245033
37000.000000 -95.040466
37050.000000 -93.018799
37100.000000 -91.355446
37150.000000 -91.360344
37200.000000 -90.962738
37250.000000 -91.684952
37300.000000 -91.659546
37350.000000 -92.761597
37400.000000 -91.090096
37450.000000 -93.800499
37500.000000 -91.953659
37550.000000 -91.548637
37600.000000 -92.400566
37650.000000 -90.708946
37700.000000 -90.435883
37750.000000 -91.066368
37800.000000 -91.419365
37850.000000 -93.018799
37900.000000 -95.573135
37950.000000 -92.534203
38000.000000 -91.906555
38050.000000 -93.601555
38100.000000 -94.398376
38150.000000 -93.519463
38200.000000 -92.378494
38250.000000 -94.280952
38300.000000 -92.155418
38350.000000 -95.597054
38400.000000 -93.898430
38450.000000 -95.183914
38500.000000 -94.695625
38550.000000 -89.839851
38600.000000 -94.581100
38650.000000 -92.704185
38700.000000 -93.755180
38750.000000 -94.336014
38800.000000 -92.439331
38850.000000 -91.080597
38900.000000 -94.165092
38950.000000 -90.864960
39000.000000 -94.391426
39050.000000 -95.329773
39100.000000 -92.709908
39150.000000 -93.001022
39200.000000 -94.760490
39250.000000 -93.096275
39300.000000 -94.315323
39350.000000 -93.607903
39400.000000 -95.758202
39450.000000 -92.220116
39500.000000 -93.984200
39550.000000 -94.377541
39600.000000 -94.226234
39650.000000 -91.553650
39700.000000 -95.070473
39750.000000 -95.032982
39800.000000 -92.995102
39850.000000 -92.112549
39900.000000 -93.937912
39950.000000 -92.953781
40000.000000 -91.639275
