0.000000 -93.826508
50.000000 -93.475578
100.000000 -91.190453
150.000000 -94.044083
200.000000 -92.511787
250.000000 -93.781052
300.000000 -93.425697
350.000000 -95.245033
400.000000 -93.326782
450.000000 -94.178642
500.000000 -87.838516
550.000000 -88.158028
600.000000 -91.710426
650.000000 -92.738586
700.000000 -91.937927
750.000000 -94.370605
800.000000 -90.864960
850.000000 -90.339470
900.000000 -91.890907
950.000000 -88.195404
1000.000000 -93.557251
1050.000000 -91.508652
1100.000000 -91.979942
1150.000000 -91.468857
1200.000000 -88.581818
1250.000000 -90.795784
1300.000000 -90.462364
1350.000000 -90.663589
1400.000000 -92.011581
1450.000000 -93.072365
1500.000000 -93.710091
1550.000000 -91.200073
1600.000000 -93.096275
1650.000000 -92.144684
1700.000000 -94.899353
1750.000000 -93.388466
1800.000000 -91.593834
1850.000000 -91.964165
1900.000000 -92.802010
1950.000000 -90.137009
2000.000000 -90.422676
2050.000000 -92.059265
2100.000000 -90.043839
2150.000000 -92.658531
2200.000000 -92.883400
2250.000000 -91.917000
2300.000000 -92.573570
2350.000000 -90.551224
2400.000000 -89.220581
2450.000000 -91.449028
2500.000000 -92.372986
2550.000000 -92.150047
2600.000000 -89.270531
2650.000000 -93.296097
2700.000000 -90.528923
2750.000000 -90.777435
2800.000000 -95.042870
2850.000000 -90.352554
2900.000000 -89.943329
2950.000000 -91.603912
3000.000000 -89.827515
3050.000000 -93.289978
3100.000000 -91.518631
3150.000000 -94.178642
3200.000000 -89.270531
3250.000000 -92.790443
3300.000000 -90.103020
3350.000000 -92.895096
3400.000000 -91.379974
3450.000000 -92.203896
3500.000000 -91.258011
3550.000000 -95.478119
3600.000000 -91.639275
3650.000000 -92.906799
3700.000000 -88.482704
3750.000000 -93.697250
3800.000000 -92.048645
3850.000000 -90.282997
3900.000000 -91.859703
3950.000000 -91.870087
4000.000000 -92.356476
4050.000000 -93.339081
4100.000000 -91.301720
4150.000000 -91.932693
4200.000000 -93.607903
4250.000000 -93.494362
4300.000000 -93.320633
4350.000000 -92.367477
4400.000000 -95.322037
4450.000000 -91.052162
4500.000000 -93.302223
4550.000000 -89.985069
4600.000000 -92.274406
4650.000000 -92.279854
4700.000000 -92.439354
4750.000000 -93.513176
4800.000000 -91.137741
4850.000000 -90.060707
4900.000000 -91.204887
4950.000000 -93.488091
5000.000000 -90.488930
5050.000000 -91.943169
5100.000000 -91.434181
5150.000000 -93.090286
5200.000000 -91.629158
5250.000000 -92.016869
5300.000000 -95.025505
5350.000000 -94.294685
5400.000000 -94.951073
5450.000000 -92.738586
5500.000000 -95.322037
5550.000000 -91.782173
5600.000000 -93.601555
5650.000000 -90.154060
5700.000000 -93.918144
5750.000000 -94.398376
5800.000000 -92.296219
5850.000000 -91.813103
5900.000000 -90.948700
5950.000000 -92.456001
6000.000000 -94.847931
6050.000000 -93.332932
6100.000000 -94.192215
6150.000000 -89.964172
6200.000000 -90.795784
6250.000000 -89.741653
6300.000000 -92.312607
6350.000000 -92.150047
6400.000000 -90.976799
6450.000000 -93.576241
6500.000000 -84.844360
6550.000000 -79.569008
6600.000000 -76.029953
6650.000000 -74.809181
6700.000000 -72.732826
6750.000000 -71.948921
6800.000000 -70.569534
6850.000000 -69.944984
6900.000000 -69.381828
6950.000000 -69.005997
7000.000000 -68.435310
7050.000000 -67.750069
7100.000000 -67.687538
7150.000000 -67.138130
7200.000000 -67.130600
7250.000000 -67.318764
7300.000000 -67.333557
7350.000000 -67.285896
7400.000000 -67.367226
7450.000000 -67.570786
7500.000000 -67.569199
7550.000000 -67.825111
7600.000000 -68.354836
7650.000000 -68.760551
7700.000000 -68.848938
7750.000000 -69.663475
7800.000000 -69.810669
7850.000000 -70.373077
7900.000000 -70.849213
7950.000000 -71.802246
8000.000000 -72.136086
8050.000000 -72.725365
8100.000000 -73.594559
8150.000000 -74.012733
8200.000000 -74.686104
8250.000000 -74.625931
8300.000000 -75.251907
8350.000000 -74.210548
8400.000000 -74.286415
8450.000000 -73.400841
8500.000000 -73.106438
8550.000000 -72.483826
8600.000000 -72.719055
8650.000000 -71.609444
8700.000000 -71.693588
8750.000000 -70.876991
8800.000000 -70.669914
8850.000000 -70.095795
8900.000000 -70.154472
8950.000000 -70.103424
9000.000000 -69.794693
9050.000000 -69.824219
9100.000000 -69.689720
9150.000000 -69.758339
9200.000000 -69.658234
9250.000000 -69.634491
9300.000000 -69.697006
9350.000000 -69.822571
9400.000000 -70.182251
9450.000000 -70.020271
9500.000000 -69.920441
9550.000000 -70.675797
9600.000000 -70.380516
9650.000000 -70.862633
9700.000000 -71.583252
9750.000000 -71.598854
9800.000000 -71.987823
9850.000000 -72.053932
9900.000000 -72.437653
9950.000000 -71.744156
10000.000000 -72.422676
10050.000000 -72.486061
10100.000000 -72.289101
10150.000000 -72.578621
10200.000000 -72.202797
10250.000000 -72.228760
10300.000000 -71.569679
10350.000000 -71.688492
10400.000000 -71.710411
10450.000000 -71.385361
10500.000000 -71.429718
10550.000000 -71.135811
10600.000000 -70.793472
10650.000000 -71.085800
10700.000000 -70.808640
10750.000000 -70.952431
10800.000000 -70.624306
10850.000000 -71.204391
10900.000000 -70.736717
10950.000000 -70.457932
11000.000000 -70.683052
11050.000000 -70.755440
11100.000000 -70.784752
11150.000000 -70.696213
11200.000000 -70.774712
11250.000000 -70.730789
11300.000000 -70.911369
11350.000000 -71.186111
11400.000000 -71.161644
11450.000000 -71.067772
11500.000000 -71.302681
11550.000000 -71.401108
11600.000000 -71.742111
11650.000000 -71.893494
11700.000000 -71.973083
11750.000000 -71.668152
11800.000000 -71.603394
11850.000000 -71.805855
11900.000000 -71.740570
11950.000000 -71.709900
12000.000000 -71.940117
12050.000000 -71.685440
12100.000000 -71.680862
12150.000000 -71.576714
12200.000000 -71.642296
12250.000000 -71.883080
12300.000000 -71.814629
12350.000000 -71.358856
12400.000000 -71.408989
12450.000000 -71.381920
12500.000000 -71.243958
12550.000000 -71.227531
12600.000000 -71.216431
12650.000000 -71.154938
12700.000000 -71.181786
12750.000000 -71.281761
12800.000000 -71.101967
12850.000000 -71.450493
12900.000000 -71.114822
12950.000000 -71.231873
13000.000000 -70.861244
13050.000000 -71.331940
13100.000000 -71.003555
13150.000000 -71.065880
13200.000000 -71.153023
13250.000000 -71.259445
13300.000000 -71.151108
13350.000000 -70.940277
13400.000000 -70.736717
13450.000000 -70.899734
13500.000000 -71.148239
13550.000000 -70.958038
13600.000000 -71.079155
13650.000000 -70.738083
13700.000000 -71.263809
13750.000000 -71.094353
13800.000000 -71.385361
13850.000000 -71.278366
13900.000000 -71.102913
13950.000000 -71.478775
14000.000000 -71.403572
14050.000000 -71.339272
14100.000000 -70.981476
14150.000000 -71.300240
14200.000000 -71.278854
14250.000000 -71.053093
14300.000000 -71.203423
14350.000000 -70.794853
14400.000000 -71.423294
14450.000000 -71.399139
14500.000000 -71.252182
14550.000000 -71.031830
14600.000000 -70.994148
14650.000000 -70.932343
14700.000000 -70.986168
14750.000000 -70.922546
14800.000000 -71.091499
14850.000000 -71.112915
14900.000000 -71.360329
14950.000000 -70.700752
15000.000000 -71.235252
15050.000000 -71.223671
15100.000000 -71.158768
15150.000000 -71.302193
15200.000000 -71.321686
15250.000000 -71.222221
15300.000000 -71.247345
15350.000000 -71.047890
15400.000000 -71.025696
15450.000000 -71.162125
15500.000000 -70.935143
15550.000000 -71.302193
15600.000000 -71.054512
15650.000000 -71.348572
15700.000000 -71.314857
15750.000000 -71.324127
15800.000000 -71.413429
15850.000000 -71.207275
15900.000000 -71.435150
15950.000000 -71.151108
16000.000000 -71.106247
16050.000000 -71.571190
16100.000000 -70.759560
16150.000000 -71.037491
16200.000000 -71.240089
16250.000000 -71.147285
16300.000000 -71.304626
16350.000000 -71.344658
16400.000000 -71.232933
16450.000000 -70.999321
16500.000000 -70.982880
16550.000000 -70.908577
16600.000000 -71.383392
16650.000000 -71.005905
16700.000000 -71.026169
16750.000000 -71.023338
16800.000000 -70.888588
16850.000000 -71.054512
16900.000000 -71.346611
16950.000000 -71.040329
17000.000000 -71.522110
17050.000000 -71.366699
17100.000000 -71.169792
17150.000000 -71.369644
17200.000000 -71.473305
17250.000000 -71.420837
17300.000000 -71.257507
17350.000000 -71.723175
17400.000000 -71.383888
17450.000000 -71.023811
17500.000000 -71.276909
17550.000000 -71.252182
17600.000000 -71.479271
17650.000000 -71.215485
17700.000000 -70.942612
17750.000000 -71.483742
17800.000000 -71.100060
17850.000000 -71.420830
17900.000000 -71.545113
17950.000000 -71.506645
18000.000000 -71.139160
18050.000000 -71.231392
18100.000000 -71.440102
18150.000000 -71.057350
18200.000000 -71.236221
18250.000000 -70.959915
18300.000000 -71.115776
18350.000000 -71.031830
18400.000000 -71.201500
18450.000000 -71.074883
18500.000000 -71.181313
18550.000000 -70.827522
18600.000000 -70.808182
18650.000000 -70.697571
18700.000000 -70.848289
18750.000000 -70.995094
18800.000000 -70.993210
18850.000000 -71.050255
18900.000000 -71.051201
18950.000000 -71.211128
19000.000000 -71.237190
19050.000000 -71.003555
19100.000000 -71.510635
19150.000000 -71.045525
19200.000000 -71.093880
19250.000000 -71.353958
19300.000000 -71.103867
19350.000000 -71.424286
19400.000000 -71.305115
19450.000000 -71.161163
19500.000000 -71.357872
19550.000000 -71.325104
19600.000000 -71.467354
19650.000000 -71.438118
19700.000000 -70.847832
19750.000000 -71.403572
19800.000000 -71.030884
19850.000000 -71.013443
19900.000000 -70.917885
19950.000000 -71.411949
20000.000000 -71.188515
20050.000000 -70.887657
20100.000000 -71.030884
20150.000000 -70.946350
20200.000000 -71.209206
20250.000000 -70.977722
20300.000000 -70.958977
20350.000000 -70.627457
20400.000000 -70.657242
20450.000000 -70.926277
20500.000000 -70.749954
20550.000000 -70.708481
20600.000000 -70.916023
20650.000000 -71.168831
20700.000000 -71.061142
20750.000000 -71.328033
20800.000000 -71.338295
20850.000000 -71.340744
20900.000000 -71.406525
20950.000000 -71.443069
21000.000000 -71.357872
21050.000000 -71.461395
21100.000000 -71.207275
21150.000000 -71.327545
21200.000000 -70.906715
21250.000000 -71.279823
21300.000000 -71.369156
21350.000000 -71.028999
21400.000000 -70.971626
21450.000000 -71.058296
21500.000000 -71.477776
21550.000000 -70.851067
21600.000000 -71.378975
21650.000000 -71.283218
21700.000000 -71.251701
21750.000000 -71.165001
21800.000000 -71.208725
21850.000000 -71.269630
21900.000000 -71.352486
21950.000000 -71.028999
22000.000000 -71.027580
22050.000000 -71.209686
22100.000000 -71.353470
22150.000000 -71.055931
22200.000000 -71.061615
22250.000000 -70.979599
22300.000000 -71.276909
22350.000000 -71.239120
22400.000000 -71.543114
22450.000000 -71.428238
22500.000000 -71.305115
22550.000000 -71.429222
22600.000000 -71.032303
22650.000000 -71.915932
22700.000000 -71.297325
22750.000000 -71.473801
22800.000000 -71.247131
22850.000000 -71.141068
22900.000000 -71.124359
22950.000000 -71.204391
23000.000000 -71.075356
23050.000000 -71.402092
23100.000000 -70.908112
23150.000000 -71.194763
23200.000000 -71.014854
23250.000000 -71.118629
23300.000000 -71.479767
23350.000000 -71.179871
23400.000000 -71.035606
23450.000000 -71.175552
23500.000000 -71.552124
23550.000000 -71.215469
23600.000000 -71.256058
23650.000000 -71.103394
23700.000000 -71.415901
23750.000000 -71.256538
23800.000000 -71.504150
23850.000000 -71.531601
23900.000000 -71.545616
23950.000000 -71.218842
24000.000000 -71.392242
24050.000000 -71.517616
24100.000000 -71.490211
24150.000000 -71.139633
24200.000000 -71.446037
24250.000000 -71.088654
24300.000000 -71.378479
24350.000000 -71.120537
24400.000000 -71.019096
24450.000000 -71.163078
24500.000000 -71.072037
24550.000000 -71.082474
24600.000000 -71.082001
24650.000000 -70.696663
24700.000000 -71.072517
24750.000000 -71.162605
24800.000000 -71.079155
24850.000000 -71.183228
24900.000000 -70.986168
24950.000000 -71.100060
25000.000000 -71.154457
25050.000000 -71.139633
25100.000000 -71.402092
25150.000000 -71.103867
25200.000000 -71.380455
25250.000000 -71.314857
25300.000000 -71.253151
25350.000000 -71.499664
25400.000000 -71.385849
25450.000000 -71.305115
25500.000000 -71.081055
25550.000000 -71.298805
25600.000000 -71.313881
25650.000000 -71.510635
25700.000000 -71.381920
25750.000000 -71.152550
25800.000000 -71.299759
25850.000000 -71.461891
25900.000000 -71.237671
25950.000000 -71.193321
26000.000000 -70.998383
26050.000000 -71.316322
26100.000000 -70.895088
26150.000000 -71.128647
26200.000000 -71.146805
26250.000000 -71.265762
26300.000000 -70.883018
26350.000000 -71.096733
26400.000000 -71.152069
26450.000000 -71.172188
26500.000000 -71.206314
26550.000000 -71.349548
26600.000000 -71.621056
26650.000000 -72.126976
26700.000000 -72.254265
26750.000000 -72.298378
26800.000000 -72.872292
26850.000000 -72.768486
26900.000000 -73.014038
26950.000000 -73.446838
27000.000000 -73.702362
27050.000000 -73.669685
27100.000000 -73.791397
27150.000000 -74.180656
27200.000000 -73.989479
27250.000000 -74.216675
27300.000000 -74.844978
27350.000000 -74.815010
27400.000000 -75.251137
27450.000000 -75.016518
27500.000000 -75.564354
27550.000000 -75.826759
27600.000000 -75.527847
27650.000000 -76.146538
27700.000000 -76.367905
27750.000000 -76.280235
27800.000000 -76.354828
27850.000000 -76.714996
27900.000000 -76.744095
27950.000000 -76.630959
28000.000000 -77.007706
28050.000000 -77.632568
28100.000000 -77.974243
28150.000000 -77.845055
28200.000000 -78.984970
28250.000000 -78.518951
28300.000000 -77.510315
28350.000000 -78.613335
28400.000000 -79.278786
28450.000000 -78.489937
28500.000000 -78.796013
28550.000000 -79.636101
28600.000000 -79.019234
28650.000000 -79.965088
28700.000000 -79.269028
28750.000000 -81.098564
28800.000000 -80.452400
28850.000000 -80.940582
28900.000000 -80.305649
28950.000000 -80.460785
29000.000000 -80.776718
29050.000000 -80.607361
29100.000000 -81.503418
29150.000000 -81.213631
29200.000000 -80.155937
29250.000000 -81.061043
29300.000000 -82.338051
29350.000000 -82.332848
29400.000000 -81.911545
29450.000000 -82.263779
29500.000000 -83.201889
29550.000000 -84.316681
29600.000000 -84.633942
29650.000000 -82.958160
29700.000000 -84.316719
29750.000000 -83.993797
29800.000000 -83.825417
29850.000000 -83.782288
29900.000000 -84.288406
29950.000000 -84.672440
30000.000000 -85.836494
30050.000000 -85.406158
30100.000000 -85.636398
30150.000000 -85.225304
30200.000000 -86.471611
30250.000000 -87.205330
30300.000000 -86.536064
30350.000000 -85.249519
30400.000000 -85.052872
30450.000000 -88.033485
30500.000000 -85.756416
30550.000000 -85.784744
30600.000000 -87.099640
30650.000000 -88.391685
30700.000000 -87.593643
30750.000000 -88.134331
30800.000000 -87.439346
30850.000000 -87.776642
30900.000000 -90.365662
30950.000000 -91.434181
31000.000000 -88.915649
31050.000000 -89.390823
31100.000000 -91.818268
31150.000000 -90.511124
31200.000000 -89.076195
31250.000000 -90.763695
31300.000000 -90.158325
31350.000000 -89.729462
31400.000000 -90.252739
31450.000000 -91.578743
31500.000000 -89.721344
31550.000000 -90.920700
31600.000000 -92.043343
31650.000000 -92.848427
31700.000000 -93.833023
31750.000000 -90.772850
31800.000000 -97.035019
31850.000000 -92.236366
31900.000000 -94.877304
31950.000000 -93.235062
32000.000000 -93.859123
32050.000000 -92.182320
32100.000000 -91.705322
32150.000000 -91.911774
32200.000000 -89.947495
32250.000000 -93.652458
32300.000000 -93.132263
32350.000000 -91.725754
32400.000000 -92.198502
32450.000000 -93.937912
32500.000000 -91.644333
32550.000000 -93.066391
32600.000000 -92.323555
32650.000000 -93.463081
32700.000000 -92.340004
32750.000000 -93.186531
32800.000000 -93.859123
32850.000000 -93.186531
32900.000000 -94.566902
32950.000000 -93.525749
33000.000000 -90.650032
33050.000000 -90.650032
33100.000000 -93.639709
33150.000000 -89.278244
33200.000000 -91.185646
33250.000000 -91.301720
33300.000000 -95.621033
33350.000000 -93.620613
33400.000000 -91.958908
33450.000000 -92.675621
33500.000000 -90.622971
33550.000000 -91.306587
33600.000000 -91.306587
33650.000000 -91.901337
33700.000000 -92.307144
33750.000000 -91.503693
33800.000000 -91.272560
33850.000000 -96.303612
33900.000000 -89.140495
33950.000000 -94.811394
34000.000000 -90.851082
34050.000000 -91.190453
34100.000000 -90.493362
34150.000000 -91.818268
34200.000000 -96.612129
34250.000000 -93.500626
34300.000000 -92.704185
34350.000000 -92.085869
34400.000000 -90.278671
34450.000000 -89.672768
34500.000000 -91.911774
34550.000000 -92.340004
34600.000000 -95.070473
34650.000000 -96.478561
34700.000000 -91.690041
34750.000000 -91.725853
34800.000000 -94.566902
34850.000000 -91.766747
34900.000000 -93.787552
34950.000000 -95.423172
35000.000000 -93.012871
35050.000000 -91.080597
35100.000000 -91.473824
35150.000000 -92.773125
35200.000000 -87.744255
35250.000000 -90.827995
35300.000000 -91.885696
35350.000000 -90.800377
35400.000000 -89.576431
35450.000000 -91.518631
35500.000000 -91.123421
35550.000000 -91.171249
35600.000000 -92.895096
35650.000000 -91.370155
35700.000000 -92.312607
35750.000000 -92.372986
35800.000000 -92.906799
35850.000000 -90.542297
35900.000000 -90.235497
35950.000000 -93.768105
36000.000000 -93.931313
36050.000000 -93.048515
36100.000000 -89.778351
36150.000000 -95.454529
36200.000000 -94.588203
36250.000000 -94.037407
36300.000000 -93.525749
36350.000000 -92.942009
36400.000000 -94.342918
36450.000000 -91.761612
36500.000000 -96.166145
36550.000000 -91.503670
36600.000000 -91.195259
36650.000000 -91.493713
36700.000000 -91.345650
36750.000000 -96.149117
36800.000000 -95.864578
36850.000000 -90.604980
36900.000000 -92.301682
36950.000000 -93.450600
37000.000000 -91.639275
37050.000000 -92.641472
37100.000000 -93.216827
37150.000000 -91.503670
37200.000000 -93.048515
37250.000000 -90.014404
37300.000000 -90.339470
37350.000000 -90.736275
37400.000000 -88.949005
37450.000000 -90.600487
37500.000000 -90.086067
37550.000000 -90.039627
37600.000000 -92.977371
37650.000000 -91.844139
37700.000000 -92.450439
37750.000000 -94.117935
37800.000000 -92.924385
37850.000000 -88.986221
37900.000000 -95.206779
37950.000000 -91.306587
38000.000000 -92.356476
38050.000000 -94.426239
38100.000000 -93.865662
38150.000000 -93.525749
38200.000000 -93.813492
38250.000000 -93.283859
38300.000000 -95.191528
38350.000000 -93.990829
38400.000000 -90.681709
38450.000000 -90.930023
38500.000000 -92.635796
38550.000000 -92.522987
38600.000000 -91.715530
38650.000000 -94.566902
38700.000000 -93.506905
38750.000000 -92.860069
38800.000000 -93.475578
38850.000000 -91.473824
38900.000000 -93.138275
38950.000000 -93.781052
39000.000000 -93.904999
39050.000000 -92.664223
39100.000000 -94.724312
39150.000000 -94.573997
39200.000000 -91.777023
39250.000000 -92.784668
39300.000000 -91.444077
39350.000000 -91.911774
39400.000000 -95.815323
39450.000000 -91.453979
39500.000000 -94.138054
39550.000000 -95.237366
39600.000000 -91.233841
39650.000000 -91.195259
39700.000000 -92.681328
39750.000000 -92.433784
39800.000000 -92.038040
39850.000000 -92.252647
39900.000000 -90.837227
39950.000000 -91.033264
40000.000000 -92.658531
