0.000000 -55.940376
50.000000 -59.429874
100.000000 -57.710007
150.000000 -61.895695
200.000000 -60.162678
250.000000 -58.179115
300.000000 -57.250637
350.000000 -58.090900
400.000000 -57.459312
450.000000 -55.595825
500.000000 -57.570118
550.000000 -55.881279
600.000000 -57.453873
650.000000 -56.258667
700.000000 -56.260303
750.000000 -58.456474
800.000000 -58.871929
850.000000 -56.661495
900.000000 -56.717171
950.000000 -55.557594
1000.000000 -56.306957
1050.000000 -59.552620
1100.000000 -56.740818
1150.000000 -58.903278
1200.000000 -56.808838
1250.000000 -57.178413
1300.000000 -56.133022
1350.000000 -55.252518
1400.000000 -56.376717
1450.000000 -56.865841
1500.000000 -56.406372
1550.000000 -56.396652
1600.000000 -54.479187
1650.000000 -55.458187
1700.000000 -56.519180
1750.000000 -55.275723
1800.000000 -58.004738
1850.000000 -54.396683
1900.000000 -55.462982
1950.000000 -54.853767
2000.000000 -54.461376
2050.000000 -56.636986
2100.000000 -55.852127
2150.000000 -56.111649
2200.000000 -55.906391
2250.000000 -56.150871
2300.000000 -56.552895
2350.000000 -57.482094
2400.000000 -55.726028
2450.000000 -57.770187
2500.000000 -54.923153
2550.000000 -56.669800
2600.000000 -55.840706
2650.000000 -56.354130
2700.000000 -54.586681
2750.000000 -56.330208
2800.000000 -56.402782
2850.000000 -60.540241
2900.000000 -56.826664
2950.000000 -55.038193
3000.000000 -56.682182
3050.000000 -57.256046
3100.000000 -57.961967
3150.000000 -54.563686
3200.000000 -59.318512
3250.000000 -59.342686
3300.000000 -57.424759
3350.000000 -58.059467
3400.000000 -57.272106
3450.000000 -59.197678
3500.000000 -54.721832
3550.000000 -61.468189
3600.000000 -57.890877
3650.000000 -57.083256
3700.000000 -56.818024
3750.000000 -60.012741
3800.000000 -55.834717
3850.000000 -58.153572
3900.000000 -56.546299
3950.000000 -58.200745
4000.000000 -56.976112
4050.000000 -58.160328
4100.000000 -58.268993
4150.000000 -60.691910
4200.000000 -54.342548
4250.000000 -56.652473
4300.000000 -56.946781
4350.000000 -55.208893
4400.000000 -56.806087
4450.000000 -56.264870
4500.000000 -53.991138
4550.000000 -54.661343
4600.000000 -55.040813
4650.000000 -56.868706
4700.000000 -54.006016
4750.000000 -54.831444
4800.000000 -54.785294
4850.000000 -55.639999
4900.000000 -55.349583
4950.000000 -56.211758
5000.000000 -55.781059
5050.000000 -57.821190
5100.000000 -55.086685
5150.000000 -56.804344
5200.000000 -56.702560
5250.000000 -55.010464
5300.000000 -57.326614
5350.000000 -58.643097
5400.000000 -58.358276
5450.000000 -59.339245
5500.000000 -56.117664
5550.000000 -57.132084
5600.000000 -58.452255
5650.000000 -57.458126
5700.000000 -60.760929
5750.000000 -54.082458
5800.000000 -60.903732
5850.000000 -56.136333
5900.000000 -58.838226
5950.000000 -58.383217
6000.000000 -57.842358
6050.000000 -57.812119
6100.000000 -58.862839
6150.000000 -57.365059
6200.000000 -56.142620
6250.000000 -57.007706
6300.000000 -57.790924
6350.000000 -57.581348
6400.000000 -55.361774
6450.000000 -63.487041
6500.000000 -60.641819
6550.000000 -54.887028
6600.000000 -54.981934
6650.000000 -58.187073
6700.000000 -56.862331
6750.000000 -56.218182
6800.000000 -57.508022
6850.000000 -55.252209
6900.000000 -56.112919
6950.000000 -55.587448
7000.000000 -56.037506
7050.000000 -53.994057
7100.000000 -55.964329
7150.000000 -57.212574
7200.000000 -57.226238
7250.000000 -54.932194
7300.000000 -54.919235
7350.000000 -55.021889
7400.000000 -55.819145
7450.000000 -55.555607
7500.000000 -55.717606
7550.000000 -54.993618
7600.000000 -54.686680
7650.000000 -56.161003
7700.000000 -55.079163
7750.000000 -54.933868
7800.000000 -56.148064
7850.000000 -55.297058
7900.000000 -54.050533
7950.000000 -54.890339
8000.000000 -55.511383
8050.000000 -58.462170
8100.000000 -55.980919
8150.000000 -56.713631
8200.000000 -58.376289
8250.000000 -55.958420
8300.000000 -58.048241
8350.000000 -56.539803
8400.000000 -56.691689
8450.000000 -55.873116
8500.000000 -56.466785
8550.000000 -54.578300
8600.000000 -57.939564
8650.000000 -58.465687
8700.000000 -57.044067
8750.000000 -57.018604
8800.000000 -57.158321
8850.000000 -57.348633
8900.000000 -59.475170
8950.000000 -57.142189
9000.000000 -55.213093
9050.000000 -58.157112
9100.000000 -54.769024
9150.000000 -53.966755
9200.000000 -55.788647
9250.000000 -54.575035
9300.000000 -55.653488
9350.000000 -56.985195
9400.000000 -55.785137
9450.000000 -55.960751
9500.000000 -55.504116
9550.000000 -56.351952
9600.000000 -55.820534
9650.000000 -57.481697
9700.000000 -54.603897
9750.000000 -56.403042
9800.000000 -54.763943
9850.000000 -56.699024
9900.000000 -54.429562
9950.000000 -54.004230
10000.000000 -53.979534
10050.000000 -54.551308
10100.000000 -55.586330
10150.000000 -57.288483
10200.000000 -57.756561
10250.000000 -56.575199
10300.000000 -55.017406
10350.000000 -55.481789
10400.000000 -55.130157
10450.000000 -53.964039
10500.000000 -53.972313
10550.000000 -53.948181
10600.000000 -54.866234
10650.000000 -56.121140
10700.000000 -54.004486
10750.000000 -55.520481
10800.000000 -54.238590
10850.000000 -53.961792
10900.000000 -53.959080
10950.000000 -53.953396
11000.000000 -54.707047
11050.000000 -53.988617
11100.000000 -56.079098
11150.000000 -56.416981
11200.000000 -54.989967
11250.000000 -54.947712
11300.000000 -54.330124
11350.000000 -53.957958
11400.000000 -53.938213
11450.000000 -54.600410
11500.000000 -53.937752
11550.000000 -53.963181
11600.000000 -53.950756
11650.000000 -53.960800
11700.000000 -53.977943
11750.000000 -53.954784
11800.000000 -58.654350
11850.000000 -53.968273
11900.000000 -55.189903
11950.000000 -54.290260
12000.000000 -56.340210
12050.000000 -53.977547
12100.000000 -53.940521
12150.000000 -58.311993
12200.000000 -53.961262
12250.000000 -53.966290
12300.000000 -55.401882
12350.000000 -55.340588
12400.000000 -56.083595
12450.000000 -53.961460
12500.000000 -54.807281
12550.000000 -53.975029
12600.000000 -54.910896
12650.000000 -53.963379
12700.000000 -53.967018
12750.000000 -55.096176
12800.000000 -53.962650
12850.000000 -53.953659
12900.000000 -53.979069
12950.000000 -53.958683
13000.000000 -55.268726
13050.000000 -58.420826
13100.000000 -53.965363
13150.000000 -54.171974
13200.000000 -54.734760
13250.000000 -55.772419
13300.000000 -54.132023
13350.000000 -55.000622
13400.000000 -54.735703
13450.000000 -56.931873
13500.000000 -57.224312
13550.000000 -53.978142
13600.000000 -53.942371
13650.000000 -53.973572
13700.000000 -54.672958
13750.000000 -53.956173
13800.000000 -53.978737
13850.000000 -57.247261
13900.000000 -54.161549
13950.000000 -53.963711
14000.000000 -53.967018
14050.000000 -55.523251
14100.000000 -54.131908
14150.000000 -53.907009
14200.000000 -53.970791
14250.000000 -56.920803
14300.000000 -60.634991
14350.000000 -55.742748
14400.000000 -53.958023
14450.000000 -53.965233
14500.000000 -54.073009
14550.000000 -55.169819
14600.000000 -60.347065
14650.000000 -61.564617
14700.000000 -55.903252
14750.000000 -53.948181
14800.000000 -53.945274
14850.000000 -53.965431
14900.000000 -54.578442
14950.000000 -54.759670
15000.000000 -53.959942
15050.000000 -53.941315
15100.000000 -53.957958
15150.000000 -53.976620
15200.000000 -54.929287
15250.000000 -55.304928
15300.000000 -54.020519
15350.000000 -53.973835
15400.000000 -54.229691
15450.000000 -57.500168
15500.000000 -62.180920
15550.000000 -62.604382
15600.000000 -57.465549
15650.000000 -54.420284
15700.000000 -53.955048
15750.000000 -53.963116
15800.000000 -53.974766
15850.000000 -53.975292
15900.000000 -54.582207
15950.000000 -54.614227
16000.000000 -54.173531
16050.000000 -53.972179
16100.000000 -53.973637
16150.000000 -53.979267
16200.000000 -53.977879
16250.000000 -55.192951
16300.000000 -55.143784
16350.000000 -54.590023
16400.000000 -53.973438
16450.000000 -53.945736
16500.000000 -53.927208
16550.000000 -53.960339
16600.000000 -53.932545
16650.000000 -53.978607
16700.000000 -55.708946
16750.000000 -58.170738
16800.000000 -61.347092
16850.000000 -65.610817
16900.000000 -63.964245
16950.000000 -61.056549
17000.000000 -57.916595
17050.000000 -55.749882
17100.000000 -54.438358
17150.000000 -54.139580
17200.000000 -55.124485
17250.000000 -56.651394
17300.000000 -58.834980
17350.000000 -61.386337
17400.000000 -65.526512
17450.000000 -67.996452
17500.000000 -65.383217
17550.000000 -61.915516
17600.000000 -59.211712
17650.000000 -57.471798
17700.000000 -55.770222
17750.000000 -54.538280
17800.000000 -53.963840
17850.000000 -53.954784
17900.000000 -53.979401
17950.000000 -53.979401
18000.000000 -53.979401
18050.000000 -53.978672
18100.000000 -53.947319
18150.000000 -53.979202
18200.000000 -54.023712
18250.000000 -55.044411
18300.000000 -56.167137
18350.000000 -57.264076
18400.000000 -58.358604
18450.000000 -58.936752
18500.000000 -58.996056
18550.000000 -58.720875
18600.000000 -57.954426
18650.000000 -57.010521
18700.000000 -56.314064
18750.000000 -55.318214
18800.000000 -54.573402
18850.000000 -53.978607
18900.000000 -53.979401
18950.000000 -53.947586
19000.000000 -53.958420
19050.000000 -53.979401
19100.000000 -53.979401
19150.000000 -53.979401
19200.000000 -53.979401
19250.000000 -53.952538
19300.000000 -53.966290
19350.000000 -54.208096
19400.000000 -53.975491
19450.000000 -53.974960
19500.000000 -54.039246
19550.000000 -54.304905
19600.000000 -54.996223
19650.000000 -55.275257
19700.000000 -54.189949
19750.000000 -54.220078
19800.000000 -54.367458
19850.000000 -54.473713
19900.000000 -54.676189
19950.000000 -54.888866
20000.000000 -55.034603
20050.000000 -55.085632
20100.000000 -55.346096
20150.000000 -55.588963
20200.000000 -55.813408
20250.000000 -55.871304
20300.000000 -56.055332
20350.000000 -56.316841
20400.000000 -56.474113
20450.000000 -56.617119
20500.000000 -56.778786
20550.000000 -56.846462
20600.000000 -57.006390
20650.000000 -57.199028
20700.000000 -57.435703
20750.000000 -57.490726
20800.000000 -57.682663
20850.000000 -57.697899
20900.000000 -57.773674
20950.000000 -57.988422
21000.000000 -58.297710
21050.000000 -58.499744
21100.000000 -58.559608
21150.000000 -58.637886
21200.000000 -58.947548
21250.000000 -59.147072
21300.000000 -59.274513
21350.000000 -59.286346
21400.000000 -59.455353
21450.000000 -59.706928
21500.000000 -59.715134
21550.000000 -59.772011
21600.000000 -59.899330
21650.000000 -60.014194
21700.000000 -60.268108
21750.000000 -60.383278
21800.000000 -60.708717
21850.000000 -60.695496
21900.000000 -61.075577
21950.000000 -61.196117
22000.000000 -61.222622
22050.000000 -61.341213
22100.000000 -61.482010
22150.000000 -61.823132
22200.000000 -61.702499
22250.000000 -62.092781
22300.000000 -62.258270
22350.000000 -62.440128
22400.000000 -62.747948
22450.000000 -62.721802
22500.000000 -62.840645
22550.000000 -62.940472
22600.000000 -63.337646
22650.000000 -63.380768
22700.000000 -63.455811
22750.000000 -63.623142
22800.000000 -63.846432
22850.000000 -63.994629
22900.000000 -64.002609
22950.000000 -64.416367
23000.000000 -64.649986
23050.000000 -64.484955
23100.000000 -64.451477
23150.000000 -64.542000
23200.000000 -64.788727
23250.000000 -64.848740
23300.000000 -64.978722
23350.000000 -65.007217
23400.000000 -65.207893
23450.000000 -65.382721
23500.000000 -65.196075
23550.000000 -65.384689
23600.000000 -65.314026
23650.000000 -65.144157
23700.000000 -65.383705
23750.000000 -65.489281
23800.000000 -65.845055
23850.000000 -65.956161
23900.000000 -66.154968
23950.000000 -66.147430
24000.000000 -66.415382
24050.000000 -66.766930
24100.000000 -67.190445
24150.000000 -67.223259
24200.000000 -67.350220
24250.000000 -67.472168
24300.000000 -67.784424
24350.000000 -68.049194
24400.000000 -67.911682
24450.000000 -68.155983
24500.000000 -68.125191
24550.000000 -68.373230
24600.000000 -68.237373
24650.000000 -68.353447
24700.000000 -68.412590
24750.000000 -68.278526
24800.000000 -68.346512
24850.000000 -68.689621
24900.000000 -68.722481
24950.000000 -68.705856
25000.000000 -68.774734
25050.000000 -68.752922
25100.000000 -69.354935
25150.000000 -68.954567
25200.000000 -68.961632
25250.000000 -69.132133
25300.000000 -69.221718
25350.000000 -69.304108
25400.000000 -69.108650
25450.000000 -69.381439
25500.000000 -69.478775
25550.000000 -69.457886
25600.000000 -69.875710
25650.000000 -70.137421
25700.000000 -70.181816
25750.000000 -70.271301
25800.000000 -70.747673
25850.000000 -70.626556
25900.000000 -71.215469
25950.000000 -71.192360
26000.000000 -71.219810
26050.000000 -71.391258
26100.000000 -71.274963
26150.000000 -71.678314
26200.000000 -71.534103
26250.000000 -72.257523
26300.000000 -72.237434
26350.000000 -72.394470
26400.000000 -73.155113
26450.000000 -73.036003
26500.000000 -73.703003
26550.000000 -73.423187
26600.000000 -73.295464
26650.000000 -74.098305
26700.000000 -74.826698
26750.000000 -74.399742
26800.000000 -74.465370
26850.000000 -74.492744
26900.000000 -74.343590
26950.000000 -74.614517
27000.000000 -74.036049
27050.000000 -73.993462
27100.000000 -75.252670
27150.000000 -75.258812
27200.000000 -75.993111
27250.000000 -76.501534
27300.000000 -75.532600
27350.000000 -75.953094
27400.000000 -75.751671
27450.000000 -75.851387
27500.000000 -75.148186
27550.000000 -76.050957
27600.000000 -76.267288
27650.000000 -75.674812
27700.000000 -75.793221
27750.000000 -76.539719
27800.000000 -76.849503
27850.000000 -77.113525
27900.000000 -78.363876
27950.000000 -78.322258
28000.000000 -78.443283
28050.000000 -79.373215
28100.000000 -78.155617
28150.000000 -78.652969
28200.000000 -79.567741
28250.000000 -79.309334
28300.000000 -79.332619
28350.000000 -79.008583
28400.000000 -78.411209
28450.000000 -80.416176
28500.000000 -79.983582
28550.000000 -79.692207
28600.000000 -81.168030
28650.000000 -81.911545
28700.000000 -80.971649
28750.000000 -80.428696
28800.000000 -80.316635
28850.000000 -59.543808
28900.000000 -53.955246
28950.000000 -53.954720
29000.000000 -55.700462
29050.000000 -58.377720
29100.000000 -59.369884
29150.000000 -57.513393
29200.000000 -54.196606
29250.000000 -53.952736
29300.000000 -54.948822
29350.000000 -55.197449
29400.000000 -54.927509
29450.000000 -56.142807
29500.000000 -57.848572
29550.000000 -56.570377
29600.000000 -59.118767
29650.000000 -59.935429
29700.000000 -59.040089
29750.000000 -58.303593
29800.000000 -58.851219
29850.000000 -60.252403
29900.000000 -60.076172
29950.000000 -56.471375
30000.000000 -60.835175
30050.000000 -56.448360
30100.000000 -58.107086
30150.000000 -59.570133
30200.000000 -58.288670
30250.000000 -58.196976
30300.000000 -60.498066
30350.000000 -56.284462
30400.000000 -55.551712
30450.000000 -57.595707
30500.000000 -56.091850
30550.000000 -56.623676
30600.000000 -58.327503
30650.000000 -56.828873
30700.000000 -60.260456
30750.000000 -57.493214
30800.000000 -60.241493
30850.000000 -57.918472
30900.000000 -57.597115
30950.000000 -59.219582
31000.000000 -57.862545
31050.000000 -55.973080
31100.000000 -57.375862
31150.000000 -56.198223
31200.000000 -56.686619
31250.000000 -57.050163
31300.000000 -55.314274
31350.000000 -55.028393
31400.000000 -55.580193
31450.000000 -55.789543
31500.000000 -54.786312
31550.000000 -56.605633
31600.000000 -60.397141
31650.000000 -58.801662
31700.000000 -56.688610
31750.000000 -53.953133
31800.000000 -55.322235
31850.000000 -62.053589
31900.000000 -55.742249
31950.000000 -57.079750
32000.000000 -56.740818
32050.000000 -59.211586
32100.000000 -59.313980
32150.000000 -53.971649
32200.000000 -55.053780
32250.000000 -55.959667
32300.000000 -59.893829
32350.000000 -56.781071
32400.000000 -56.877953
32450.000000 -57.365353
32500.000000 -58.504875
32550.000000 -55.493694
32600.000000 -59.036057
32650.000000 -54.874458
32700.000000 -54.858166
32750.000000 -57.418159
32800.000000 -58.658413
32850.000000 -55.138557
32900.000000 -54.776863
32950.000000 -55.479034
33000.000000 -61.872478
33050.000000 -60.282475
33100.000000 -56.076565
33150.000000 -54.500839
33200.000000 -53.977413
33250.000000 -58.673416
33300.000000 -63.594639
33350.000000 -55.659679
33400.000000 -55.057003
33450.000000 -56.874622
33500.000000 -63.480507
33550.000000 -55.012630
33600.000000 -55.313732
33650.000000 -58.144257
33700.000000 -56.400330
33750.000000 -55.662651
33800.000000 -59.401886
33850.000000 -54.310822
33900.000000 -57.190777
33950.000000 -53.965759
34000.000000 -56.229595
34050.000000 -53.940392
34100.000000 -56.521763
34150.000000 -54.998684
34200.000000 -60.258137
34250.000000 -58.784477
34300.000000 -56.792332
34350.000000 -58.241673
34400.000000 -55.119797
34450.000000 -54.634430
34500.000000 -57.726723
34550.000000 -56.437363
34600.000000 -57.156219
34650.000000 -58.219296
34700.000000 -59.003853
34750.000000 -56.598824
34800.000000 -59.811085
34850.000000 -57.599628
34900.000000 -60.725990
34950.000000 -54.615868
35000.000000 -56.803059
35050.000000 -57.492119
35100.000000 -56.526909
35150.000000 -59.011658
35200.000000 -57.009396
35250.000000 -57.634884
35300.000000 -56.668175
35350.000000 -59.977631
35400.000000 -58.376507
35450.000000 -57.179371
35500.000000 -55.885075
35550.000000 -55.671181
35600.000000 -55.323086
35650.000000 -59.471428
35700.000000 -57.306347
35750.000000 -55.159256
35800.000000 -56.258492
35850.000000 -55.648186
35900.000000 -55.921875
35950.000000 -55.453320
36000.000000 -56.477928
36050.000000 -55.508461
36100.000000 -57.097664
36150.000000 -54.098301
36200.000000 -55.729919
36250.000000 -54.995777
36300.000000 -55.565384
36350.000000 -56.323780
36400.000000 -54.704597
36450.000000 -56.856609
36500.000000 -56.373486
36550.000000 -56.253754
36600.000000 -56.014275
36650.000000 -56.722530
36700.000000 -56.533043
36750.000000 -57.137421
36800.000000 -59.127991
36850.000000 -55.326569
36900.000000 -58.393570
36950.000000 -54.065109
37000.000000 -53.951153
37050.000000 -55.263344
37100.000000 -55.349815
37150.000000 -54.940380
37200.000000 -54.565460
37250.000000 -54.424679
37300.000000 -56.178314
37350.000000 -59.801105
37400.000000 -59.800457
37450.000000 -60.131809
37500.000000 -57.320255
37550.000000 -55.370556
37600.000000 -60.899174
37650.000000 -59.984241
37700.000000 -58.974476
37750.000000 -56.577972
37800.000000 -57.887966
37850.000000 -57.379261
37900.000000 -56.695854
37950.000000 -57.660362
38000.000000 -57.788971
38050.000000 -53.963314
38100.000000 -55.401123
38150.000000 -59.693996
38200.000000 -58.030788
38250.000000 -57.928593
38300.000000 -60.284939
38350.000000 -56.998692
38400.000000 -55.982338
38450.000000 -56.091595
38500.000000 -56.931778
38550.000000 -56.720715
38600.000000 -55.321938
38650.000000 -55.250294
38700.000000 -55.903996
38750.000000 -57.215748
38800.000000 -57.479618
38850.000000 -54.946602
38900.000000 -56.976505
38950.000000 -54.516891
39000.000000 -55.960999
39050.000000 -55.278183
39100.000000 -55.044033
39150.000000 -55.626690
39200.000000 -55.481003
39250.000000 -58.237453
39300.000000 -56.095230
39350.000000 -56.119106
39400.000000 -55.324635
39450.000000 -54.885040
39500.000000 -55.169739
39550.000000 -54.975464
39600.000000 -57.653275
39650.000000 -54.998981
39700.000000 -55.855663
39750.000000 -54.032043
39800.000000 -57.313251
39850.000000 -57.461391
39900.000000 -56.967880
39950.000000 -57.616837
40000.000000 -56.182072
