0.000000 -56.742092
50.000000 -56.171745
100.000000 -55.566181
150.000000 -56.494537
200.000000 -56.189758
250.000000 -56.676395
300.000000 -55.545902
350.000000 -55.150909
400.000000 -54.539127
450.000000 -55.973080
500.000000 -55.679157
550.000000 -56.527351
600.000000 -56.077072
650.000000 -55.697632
700.000000 -55.126904
750.000000 -56.358482
800.000000 -57.024342
850.000000 -57.712959
900.000000 -57.231056
950.000000 -57.330387
1000.000000 -59.237286
1050.000000 -54.382648
1100.000000 -57.323959
1150.000000 -61.642246
1200.000000 -55.303230
1250.000000 -58.194283
1300.000000 -59.929119
1350.000000 -60.213894
1400.000000 -56.615860
1450.000000 -55.142723
1500.000000 -57.367603
1550.000000 -55.472424
1600.000000 -59.373333
1650.000000 -57.556503
1700.000000 -55.721653
1750.000000 -56.595150
1800.000000 -54.494854
1850.000000 -56.677483
1900.000000 -58.734726
1950.000000 -54.529167
2000.000000 -56.027100
2050.000000 -55.538937
2100.000000 -57.441624
2150.000000 -54.998085
2200.000000 -55.733891
2250.000000 -55.740299
2300.000000 -55.972412
2350.000000 -55.288116
2400.000000 -56.106483
2450.000000 -58.615704
2500.000000 -58.206562
2550.000000 -56.881470
2600.000000 -57.996624
2650.000000 -59.838360
2700.000000 -59.640678
2750.000000 -59.872131
2800.000000 -58.657619
2850.000000 -59.857117
2900.000000 -58.163868
2950.000000 -54.744453
3000.000000 -57.528240
3050.000000 -56.406548
3100.000000 -56.681824
3150.000000 -59.334824
3200.000000 -58.781364
3250.000000 -55.405785
3300.000000 -55.559128
3350.000000 -60.228966
3400.000000 -57.736828
3450.000000 -57.858295
3500.000000 -61.366924
3550.000000 -59.708851
3600.000000 -62.785675
3650.000000 -59.352028
3700.000000 -60.357140
3750.000000 -59.509174
3800.000000 -58.240265
3850.000000 -59.173904
3900.000000 -60.796303
3950.000000 -58.126614
4000.000000 -59.757301
4050.000000 -61.228119
4100.000000 -60.010876
4150.000000 -59.625938
4200.000000 -58.774803
4250.000000 -58.386738
4300.000000 -58.487041
4350.000000 -59.830559
4400.000000 -58.326630
4450.000000 -56.461845
4500.000000 -57.704411
4550.000000 -59.061596
4600.000000 -59.178726
4650.000000 -57.648422
4700.000000 -57.470200
4750.000000 -57.353615
4800.000000 -55.619083
4850.000000 -57.820057
4900.000000 -57.901070
4950.000000 -55.223408
5000.000000 -54.938530
5050.000000 -55.392910
5100.000000 -56.299427
5150.000000 -55.600056
5200.000000 -58.582657
5250.000000 -58.297924
5300.000000 -56.564842
5350.000000 -55.633102
5400.000000 -54.815449
5450.000000 -56.830986
5500.000000 -58.342602
5550.000000 -57.907635
5600.000000 -56.117157
5650.000000 -55.818401
5700.000000 -55.191502
5750.000000 -57.547104
5800.000000 -56.985287
5850.000000 -54.619583
5900.000000 -54.456123
5950.000000 -55.241707
6000.000000 -59.590973
6050.000000 -63.626362
6100.000000 -58.808479
6150.000000 -56.744823
6200.000000 -59.991657
6250.000000 -58.102081
6300.000000 -57.932251
6350.000000 -59.709236
6400.000000 -58.039669
6450.000000 -54.649448
6500.000000 -62.857201
6550.000000 -61.968872
6600.000000 -60.814335
6650.000000 -60.896233
6700.000000 -62.419792
6750.000000 -55.836109
6800.000000 -61.479183
6850.000000 -59.819389
6900.000000 -59.950176
6950.000000 -64.617004
7000.000000 -57.548004
7050.000000 -60.754421
7100.000000 -60.817825
7150.000000 -56.674229
7200.000000 -56.915409
7250.000000 -58.807899
7300.000000 -62.415764
7350.000000 -57.977810
7400.000000 -58.479919
7450.000000 -55.829464
7500.000000 -62.017719
7550.000000 -57.438564
7600.000000 -54.787548
7650.000000 -54.729919
7700.000000 -54.959721
7750.000000 -55.152428
7800.000000 -56.503483
7850.000000 -56.736629
7900.000000 -56.481091
7950.000000 -56.919128
8000.000000 -56.673504
8050.000000 -58.249035
8100.000000 -57.219982
8150.000000 -55.667240
8200.000000 -59.058506
8250.000000 -56.422863
8300.000000 -56.665829
8350.000000 -60.049976
8400.000000 -60.427299
8450.000000 -57.158417
8500.000000 -63.563210
8550.000000 -57.966999
8600.000000 -58.798779
8650.000000 -55.795910
8700.000000 -58.739319
8750.000000 -57.542110
8800.000000 -55.812836
8850.000000 -58.938629
8900.000000 -60.265240
8950.000000 -58.829647
9000.000000 -61.931213
9050.000000 -61.723808
9100.000000 -59.316429
9150.000000 -60.084305
9200.000000 -62.632332
9250.000000 -57.805634
9300.000000 -59.126194
9350.000000 -61.717396
9400.000000 -56.879620
9450.000000 -59.254543
9500.000000 -59.647419
9550.000000 -58.602268
9600.000000 -58.672623
9650.000000 -57.902115
9700.000000 -60.420620
9750.000000 -57.975079
9800.000000 -57.908466
9850.000000 -57.880905
9900.000000 -60.432175
9950.000000 -57.692719
10000.000000 -61.062386
10050.000000 -56.936436
10100.000000 -60.806332
10150.000000 -59.199978
10200.000000 -55.364258
10250.000000 -59.377899
10300.000000 -55.349583
10350.000000 -56.319096
10400.000000 -59.374126
10450.000000 -58.637432
10500.000000 -55.327496
10550.000000 -58.178577
10600.000000 -55.374214
10650.000000 -58.815876
10700.000000 -57.853325
10750.000000 -61.954254
10800.000000 -57.042614
10850.000000 -54.859558
10900.000000 -55.593269
10950.000000 -59.139988
11000.000000 -57.382397
11050.000000 -59.026928
11100.000000 -57.861610
11150.000000 -56.711269
11200.000000 -54.802326
11250.000000 -54.716564
11300.000000 -53.949432
11350.000000 -53.946594
11400.000000 -55.511623
11450.000000 -55.259964
11500.000000 -57.817688
11550.000000 -57.105164
11600.000000 -59.595776
11650.000000 -58.981899
11700.000000 -58.252071
11750.000000 -55.572308
11800.000000 -58.108578
11850.000000 -59.061359
11900.000000 -55.379120
11950.000000 -57.956726
12000.000000 -58.084095
12050.000000 -56.057941
12100.000000 -54.160057
12150.000000 -57.351074
12200.000000 -58.619095
12250.000000 -54.705391
12300.000000 -54.313370
12350.000000 -54.620369
12400.000000 -56.039272
12450.000000 -58.155289
12500.000000 -58.293678
12550.000000 -56.596493
12600.000000 -55.482342
12650.000000 -61.924263
12700.000000 -58.786896
12750.000000 -56.421898
12800.000000 -57.947723
12850.000000 -56.180618
12900.000000 -59.871990
12950.000000 -54.902493
13000.000000 -53.969135
13050.000000 -55.879215
13100.000000 -55.830368
13150.000000 -55.621964
13200.000000 -55.819633
13250.000000 -57.638878
13300.000000 -57.408714
13350.000000 -54.655392
13400.000000 -54.159382
13450.000000 -53.971981
13500.000000 -53.971054
13550.000000 -54.965141
13600.000000 -55.164345
13650.000000 -55.059029
13700.000000 -54.327637
13750.000000 -53.957561
13800.000000 -53.953861
13850.000000 -54.188385
13900.000000 -55.982254
13950.000000 -58.238533
14000.000000 -60.847000
14050.000000 -60.494949
14100.000000 -56.735538
14150.000000 -56.282131
14200.000000 -55.484943
14250.000000 -55.275566
14300.000000 -56.088894
14350.000000 -59.089836
14400.000000 -61.168934
14450.000000 -58.803055
14500.000000 -55.696503
14550.000000 -55.690369
14600.000000 -53.961922
14650.000000 -53.956833
14700.000000 -53.918251
14750.000000 -53.953331
14800.000000 -53.969929
14850.000000 -53.965630
14900.000000 -53.978142
14950.000000 -54.781662
15000.000000 -55.176430
15050.000000 -54.964622
15100.000000 -55.600216
15150.000000 -55.752563
15200.000000 -55.267185
15250.000000 -54.449558
15300.000000 -53.977879
15350.000000 -54.062031
15400.000000 -53.978806
15450.000000 -55.539730
15500.000000 -56.148148
15550.000000 -58.014431
15600.000000 -60.728153
15650.000000 -64.628746
15700.000000 -66.336411
15750.000000 -64.664719
15800.000000 -60.885075
15850.000000 -58.159897
15900.000000 -58.082394
15950.000000 -56.940441
16000.000000 -54.664707
16050.000000 -54.146065
16100.000000 -53.968143
16150.000000 -53.960999
16200.000000 -53.964241
16250.000000 -53.939667
16300.000000 -53.944218
16350.000000 -53.996250
16400.000000 -55.633343
16450.000000 -53.975227
16500.000000 -53.971455
16550.000000 -54.215649
16600.000000 -54.905663
16650.000000 -55.854099
16700.000000 -57.020016
16750.000000 -57.681950
16800.000000 -58.946259
16850.000000 -59.792561
16900.000000 -61.020401
16950.000000 -62.583122
17000.000000 -63.068970
17050.000000 -62.369678
17100.000000 -61.275883
17150.000000 -60.128582
17200.000000 -59.125957
17250.000000 -58.335266
17300.000000 -56.961433
17350.000000 -56.248249
17400.000000 -55.850399
17450.000000 -54.780788
17500.000000 -54.167233
17550.000000 -53.973240
17600.000000 -53.961792
17650.000000 -53.975822
17700.000000 -53.945602
17750.000000 -53.979401
17800.000000 -53.979401
17850.000000 -53.979401
17900.000000 -53.979401
17950.000000 -53.979401
18000.000000 -53.976223
18050.000000 -53.938873
18100.000000 -53.968674
18150.000000 -53.967281
18200.000000 -53.960339
18250.000000 -53.978539
18300.000000 -53.971916
18350.000000 -54.089504
18400.000000 -54.516258
18450.000000 -55.052879
18500.000000 -55.547745
18550.000000 -56.352734
18600.000000 -56.698845
18650.000000 -57.286930
18700.000000 -58.046864
18750.000000 -58.670235
18800.000000 -59.273537
18850.000000 -59.879440
18900.000000 -60.601528
18950.000000 -61.864429
19000.000000 -62.545376
19050.000000 -63.665688
19100.000000 -65.549591
19150.000000 -66.821701
19200.000000 -68.968697
19250.000000 -71.361794
19300.000000 -74.209869
19350.000000 -79.961128
19400.000000 -83.072563
19450.000000 -75.041191
19500.000000 -71.809464
19550.000000 -70.264816
19600.000000 -68.002113
19650.000000 -66.254333
19700.000000 -65.338013
19750.000000 -64.483620
19800.000000 -62.798298
19850.000000 -62.234066
19900.000000 -61.454544
19950.000000 -60.712170
20000.000000 -60.307152
20050.000000 -59.629871
20100.000000 -59.296364
20150.000000 -58.749519
20200.000000 -58.304249
20250.000000 -57.747456
20300.000000 -57.467133
20350.000000 -57.135895
20400.000000 -56.889431
20450.000000 -56.529663
20500.000000 -56.218868
20550.000000 -56.080109
20600.000000 -55.784485
20650.000000 -55.473839
20700.000000 -55.294128
20750.000000 -54.971973
20800.000000 -54.688046
20850.000000 -54.468662
20900.000000 -54.268723
20950.000000 -54.081612
21000.000000 -53.976749
21050.000000 -53.978737
21100.000000 -54.036644
21150.000000 -55.220276
21200.000000 -53.978539
21250.000000 -53.977612
21300.000000 -53.977879
21350.000000 -54.060360
21400.000000 -54.147213
21450.000000 -54.330669
21500.000000 -54.479958
21550.000000 -54.635788
21600.000000 -54.768005
21650.000000 -54.893799
21700.000000 -55.068489
21750.000000 -55.271107
21800.000000 -55.528954
21850.000000 -55.623726
21900.000000 -55.660721
21950.000000 -55.909702
22000.000000 -55.985508
22050.000000 -56.150105
22100.000000 -56.433758
22150.000000 -56.605366
22200.000000 -56.735718
22250.000000 -56.756676
22300.000000 -56.920986
22350.000000 -57.032814
22400.000000 -57.063759
22450.000000 -57.240215
22500.000000 -57.584057
22550.000000 -57.556503
22600.000000 -57.750832
22650.000000 -57.932983
22700.000000 -57.964272
22750.000000 -58.245461
22800.000000 -58.342712
22850.000000 -58.685371
22900.000000 -58.718475
22950.000000 -58.806744
23000.000000 -58.933468
23050.000000 -59.139149
23100.000000 -59.374569
23150.000000 -59.500156
23200.000000 -59.776012
23250.000000 -59.962044
23300.000000 -60.045048
23350.000000 -60.265511
23400.000000 -60.317181
23450.000000 -60.295490
23500.000000 -60.614464
23550.000000 -60.780918
23600.000000 -61.020401
23650.000000 -61.114517
23700.000000 -61.086235
23750.000000 -61.283558
23800.000000 -61.446243
23850.000000 -61.524715
23900.000000 -61.670631
23950.000000 -61.843590
24000.000000 -61.913021
24050.000000 -62.256550
24100.000000 -62.319851
24150.000000 -62.546982
24200.000000 -62.713104
24250.000000 -62.822468
24300.000000 -62.908550
24350.000000 -62.903736
24400.000000 -62.958714
24450.000000 -63.027367
24500.000000 -63.190971
24550.000000 -63.261295
24600.000000 -63.467655
24650.000000 -63.469234
24700.000000 -63.715553
24750.000000 -63.772453
24800.000000 -63.956715
24850.000000 -64.135788
24900.000000 -64.345261
24950.000000 -64.761627
25000.000000 -64.677650
25050.000000 -65.187401
25100.000000 -65.195831
25150.000000 -65.556366
25200.000000 -65.503510
25250.000000 -65.278183
25300.000000 -65.503754
25350.000000 -65.482307
25400.000000 -65.936974
25450.000000 -66.216019
25500.000000 -66.248344
25550.000000 -66.237190
25600.000000 -66.364494
25650.000000 -66.636772
25700.000000 -66.461830
25750.000000 -66.727448
25800.000000 -66.862488
25850.000000 -66.918449
25900.000000 -66.777916
25950.000000 -67.602211
26000.000000 -67.717781
26050.000000 -67.822174
26100.000000 -67.959930
26150.000000 -68.224037
26200.000000 -68.145821
26250.000000 -68.130264
26300.000000 -68.222328
26350.000000 -68.607826
26400.000000 -69.204109
26450.000000 -69.190353
26500.000000 -69.437042
26550.000000 -69.528259
26600.000000 -69.652199
26650.000000 -69.510017
26700.000000 -70.018173
26750.000000 -69.855484
26800.000000 -70.150635
26850.000000 -70.345558
26900.000000 -70.564613
26950.000000 -70.473404
27000.000000 -70.877914
27050.000000 -70.546295
27100.000000 -70.911369
27150.000000 -70.919754
27200.000000 -70.688950
27250.000000 -71.148720
27300.000000 -71.194283
27350.000000 -71.465363
27400.000000 -71.760056
27450.000000 -71.748260
27500.000000 -72.409393
27550.000000 -71.886719
27600.000000 -72.048630
27650.000000 -72.327370
27700.000000 -72.573547
27750.000000 -73.318771
27800.000000 -73.903000
27850.000000 -74.491341
27900.000000 -74.056747
27950.000000 -74.331848
28000.000000 -74.233032
28050.000000 -74.144104
28100.000000 -74.771347
28150.000000 -75.319717
28200.000000 -75.237343
28250.000000 -75.474937
28300.000000 -75.578682
28350.000000 -75.661125
28400.000000 -75.640244
28450.000000 -75.759804
28500.000000 -75.899200
28550.000000 -76.783363
28600.000000 -76.892029
28650.000000 -76.613892
28700.000000 -76.121056
28750.000000 -76.016541
28800.000000 -76.370522
28850.000000 -76.285416
28900.000000 -75.902504
28950.000000 -76.154190
29000.000000 -76.622871
29050.000000 -57.945526
29100.000000 -54.486210
29150.000000 -55.452534
29200.000000 -55.343143
29250.000000 -54.463478
29300.000000 -55.750534
29350.000000 -59.667423
29400.000000 -56.091175
29450.000000 -57.165970
29500.000000 -56.383533
29550.000000 -60.961723
29600.000000 -60.111916
29650.000000 -58.064556
29700.000000 -55.777145
29750.000000 -54.423771
29800.000000 -56.871479
29850.000000 -56.178314
29900.000000 -54.447937
29950.000000 -56.354042
30000.000000 -59.844997
30050.000000 -56.912437
30100.000000 -55.652523
30150.000000 -56.080025
30200.000000 -58.925148
30250.000000 -55.977497
30300.000000 -54.662270
30350.000000 -56.741913
30400.000000 -55.976578
30450.000000 -56.387291
30500.000000 -55.503086
30550.000000 -56.323002
30600.000000 -55.510910
30650.000000 -54.517948
30700.000000 -57.351662
30750.000000 -57.628529
30800.000000 -57.548203
30850.000000 -60.466087
30900.000000 -58.259117
30950.000000 -55.989601
31000.000000 -60.520660
31050.000000 -57.089413
31100.000000 -61.922623
31150.000000 -58.247520
31200.000000 -57.035641
31250.000000 -55.143406
31300.000000 -55.341988
31350.000000 -59.599953
31400.000000 -57.086098
31450.000000 -60.395893
31500.000000 -63.932713
31550.000000 -59.553879
31600.000000 -56.863197
31650.000000 -56.361099
31700.000000 -60.888889
31750.000000 -60.915211
31800.000000 -60.628700
31850.000000 -58.538746
31900.000000 -56.528332
31950.000000 -58.849247
32000.000000 -59.631016
32050.000000 -58.335594
32100.000000 -57.989891
32150.000000 -59.384193
32200.000000 -58.383766
32250.000000 -59.548340
32300.000000 -56.424618
32350.000000 -56.461140
32400.000000 -55.005989
32450.000000 -57.070759
32500.000000 -56.160236
32550.000000 -55.924114
32600.000000 -57.598724
32650.000000 -55.579792
32700.000000 -55.729271
32750.000000 -61.382294
32800.000000 -57.707157
32850.000000 -57.135227
32900.000000 -55.411095
32950.000000 -57.820572
33000.000000 -58.397312
33050.000000 -55.068939
33100.000000 -54.505760
33150.000000 -56.989315
33200.000000 -56.033813
33250.000000 -56.675491
33300.000000 -57.345509
33350.000000 -57.566814
33400.000000 -56.296394
33450.000000 -56.057438
33500.000000 -57.945633
33550.000000 -54.935349
33600.000000 -58.298473
33650.000000 -59.637882
33700.000000 -54.720604
33750.000000 -55.480450
33800.000000 -56.452148
33850.000000 -56.148064
33900.000000 -55.806374
33950.000000 -58.170593
34000.000000 -54.964024
34050.000000 -58.177612
34100.000000 -55.797546
34150.000000 -57.887241
34200.000000 -56.048603
34250.000000 -57.009300
34300.000000 -55.583626
34350.000000 -55.517235
34400.000000 -55.575970
34450.000000 -55.428150
34500.000000 -55.096401
34550.000000 -57.827793
34600.000000 -58.129498
34650.000000 -58.775375
34700.000000 -58.425129
34750.000000 -55.847195
34800.000000 -55.606926
34850.000000 -55.849415
34900.000000 -56.615067
34950.000000 -56.249798
35000.000000 -57.376026
35050.000000 -54.804657
35100.000000 -56.995033
35150.000000 -54.409622
35200.000000 -54.883423
35250.000000 -55.986092
35300.000000 -55.137802
35350.000000 -56.404533
35400.000000 -55.765091
35450.000000 -58.368378
35500.000000 -55.284340
35550.000000 -56.695583
35600.000000 -59.546955
35650.000000 -56.973869
35700.000000 -58.366402
35750.000000 -56.541759
35800.000000 -58.961533
35850.000000 -56.173622
35900.000000 -56.230453
35950.000000 -60.584217
36000.000000 -58.109325
36050.000000 -57.330875
36100.000000 -57.972038
36150.000000 -62.720531
36200.000000 -56.696308
36250.000000 -60.845684
36300.000000 -62.192345
36350.000000 -59.693485
36400.000000 -63.590019
36450.000000 -56.934479
36500.000000 -56.114868
36550.000000 -60.962608
36600.000000 -58.494282
36650.000000 -58.395329
36700.000000 -59.670227
36750.000000 -57.024250
36800.000000 -59.504787
36850.000000 -60.281651
36900.000000 -60.548283
36950.000000 -57.471786
37000.000000 -56.932991
37050.000000 -55.444370
37100.000000 -56.946785
37150.000000 -56.417248
37200.000000 -59.687469
37250.000000 -55.986763
37300.000000 -55.290813
37350.000000 -56.936623
37400.000000 -55.481632
37450.000000 -56.513058
37500.000000 -55.355480
37550.000000 -55.771603
37600.000000 -55.993111
37650.000000 -57.329609
37700.000000 -55.337410
37750.000000 -58.069118
37800.000000 -55.977165
37850.000000 -55.497799
37900.000000 -55.528477
37950.000000 -55.877899
38000.000000 -56.192753
38050.000000 -55.002632
38100.000000 -57.777267
38150.000000 -56.340900
38200.000000 -58.574329
38250.000000 -59.655823
38300.000000 -58.812408
38350.000000 -57.434322
38400.000000 -58.773537
38450.000000 -61.715893
38500.000000 -58.307518
38550.000000 -56.960968
38600.000000 -59.836929
38650.000000 -56.661495
38700.000000 -60.490314
38750.000000 -57.582352
38800.000000 -61.128090
38850.000000 -60.894028
38900.000000 -60.044647
38950.000000 -57.509712
39000.000000 -60.779034
39050.000000 -58.288563
39100.000000 -62.112366
39150.000000 -58.519058
39200.000000 -60.858257
39250.000000 -61.607090
39300.000000 -60.743153
39350.000000 -55.612362
39400.000000 -58.397972
39450.000000 -60.251038
39500.000000 -55.422985
39550.000000 -58.001575
39600.000000 -56.256943
39650.000000 -56.924709
39700.000000 -60.046780
39750.000000 -55.938633
39800.000000 -56.218697
39850.000000 -57.130653
39900.000000 -56.086697
39950.000000 -54.860218
40000.000000 -55.080971
