0.000000 -57.362907
50.000000 -56.791050
100.000000 -57.314709
150.000000 -56.232086
200.000000 -54.983196
250.000000 -55.270184
300.000000 -56.401028
350.000000 -55.387531
400.000000 -57.171997
450.000000 -55.579475
500.000000 -54.324806
550.000000 -55.447353
600.000000 -54.383274
650.000000 -55.584576
700.000000 -55.983173
750.000000 -56.212524
800.000000 -55.638474
850.000000 -55.734947
900.000000 -56.018215
950.000000 -54.525639
1000.000000 -54.731148
1050.000000 -54.993542
1100.000000 -58.883327
1150.000000 -59.850483
1200.000000 -58.106236
1250.000000 -57.729374
1300.000000 -60.373173
1350.000000 -58.114124
1400.000000 -58.504761
1450.000000 -57.662788
1500.000000 -58.189655
1550.000000 -55.808090
1600.000000 -56.402168
1650.000000 -59.514687
1700.000000 -57.328537
1750.000000 -57.975288
1800.000000 -58.230423
1850.000000 -59.388020
1900.000000 -61.750031
1950.000000 -55.955173
2000.000000 -55.962749
2050.000000 -58.862839
2100.000000 -59.213039
2150.000000 -59.226971
2200.000000 -55.805801
2250.000000 -56.394375
2300.000000 -57.393482
2350.000000 -59.453239
2400.000000 -55.249374
2450.000000 -55.284111
2500.000000 -55.256969
2550.000000 -58.195896
2600.000000 -57.918053
2650.000000 -60.314571
2700.000000 -56.994190
2750.000000 -57.093304
2800.000000 -60.339066
2850.000000 -57.660362
2900.000000 -56.506939
2950.000000 -55.746471
3000.000000 -57.635185
3050.000000 -57.886726
3100.000000 -57.880383
3150.000000 -54.800797
3200.000000 -55.073223
3250.000000 -54.813259
3300.000000 -55.398682
3350.000000 -57.874676
3400.000000 -54.899837
3450.000000 -55.309948
3500.000000 -54.671597
3550.000000 -55.916573
3600.000000 -56.059036
3650.000000 -55.819714
3700.000000 -55.709999
3750.000000 -55.451904
3800.000000 -55.830860
3850.000000 -55.658390
3900.000000 -54.117130
3950.000000 -55.443981
4000.000000 -55.578598
4050.000000 -54.273586
4100.000000 -55.818813
4150.000000 -56.796089
4200.000000 -56.234489
4250.000000 -55.623165
4300.000000 -58.642193
4350.000000 -58.150681
4400.000000 -56.149082
4450.000000 -55.020844
4500.000000 -56.883228
4550.000000 -58.640377
4600.000000 -60.574158
4650.000000 -60.339756
4700.000000 -59.542553
4750.000000 -60.730171
4800.000000 -60.908142
4850.000000 -57.901489
4900.000000 -59.101181
4950.000000 -55.845963
5000.000000 -58.990273
5050.000000 -59.497658
5100.000000 -63.567806
5150.000000 -56.098282
5200.000000 -55.385971
5250.000000 -56.412247
5300.000000 -61.363667
5350.000000 -57.640942
5400.000000 -57.998734
5450.000000 -60.414234
5500.000000 -55.999798
5550.000000 -57.528240
5600.000000 -56.508003
5650.000000 -56.928894
5700.000000 -56.307564
5750.000000 -57.914928
5800.000000 -59.530491
5850.000000 -57.348732
5900.000000 -56.723804
5950.000000 -56.684807
6000.000000 -58.247734
6050.000000 -55.782200
6100.000000 -56.028202
6150.000000 -56.562523
6200.000000 -55.725056
6250.000000 -55.591194
6300.000000 -55.594227
6350.000000 -55.477932
6400.000000 -55.269493
6450.000000 -55.069317
6500.000000 -55.734215
6550.000000 -54.883793
6600.000000 -56.145088
6650.000000 -54.432423
6700.000000 -56.570202
6750.000000 -55.680042
6800.000000 -55.126911
6850.000000 -54.978439
6900.000000 -57.643269
6950.000000 -57.604153
7000.000000 -56.095314
7050.000000 -56.051292
7100.000000 -55.940628
7150.000000 -57.051201
7200.000000 -55.823975
7250.000000 -58.167515
7300.000000 -57.944691
7350.000000 -58.229233
7400.000000 -57.863785
7450.000000 -56.490643
7500.000000 -59.153564
7550.000000 -61.067631
7600.000000 -57.120754
7650.000000 -59.648819
7700.000000 -61.467873
7750.000000 -59.259892
7800.000000 -57.861404
7850.000000 -60.093811
7900.000000 -60.246536
7950.000000 -60.872169
8000.000000 -56.224014
8050.000000 -59.568745
8100.000000 -58.880878
8150.000000 -60.933342
8200.000000 -58.008629
8250.000000 -59.114216
8300.000000 -56.726257
8350.000000 -60.140694
8400.000000 -59.123680
8450.000000 -57.209690
8500.000000 -56.174728
8550.000000 -58.354218
8600.000000 -57.912216
8650.000000 -59.545570
8700.000000 -58.934292
8750.000000 -57.660866
8800.000000 -59.044243
8850.000000 -57.083824
8900.000000 -59.343670
8950.000000 -56.490025
9000.000000 -56.850983
9050.000000 -57.887508
9100.000000 -56.195572
9150.000000 -56.159981
9200.000000 -57.297508
9250.000000 -55.202862
9300.000000 -53.969929
9350.000000 -56.275913
9400.000000 -60.484146
9450.000000 -58.396652
9500.000000 -59.229172
9550.000000 -58.612881
9600.000000 -58.682640
9650.000000 -57.806870
9700.000000 -57.640335
9750.000000 -60.352032
9800.000000 -56.524242
9850.000000 -58.065090
9900.000000 -55.477539
9950.000000 -58.941914
10000.000000 -56.220242
10050.000000 -55.350746
10100.000000 -59.219944
10150.000000 -56.749657
10200.000000 -54.577377
10250.000000 -54.703876
10300.000000 -55.272106
10350.000000 -55.451828
10400.000000 -55.204006
10450.000000 -55.729431
10500.000000 -55.935814
10550.000000 -54.478554
10600.000000 -53.970791
10650.000000 -53.952206
10700.000000 -54.517384
10750.000000 -57.871571
10800.000000 -55.207973
10850.000000 -58.374317
10900.000000 -54.931431
10950.000000 -56.910240
11000.000000 -53.977016
11050.000000 -57.420918
11100.000000 -54.231873
11150.000000 -54.009075
11200.000000 -57.795986
11250.000000 -53.957096
11300.000000 -53.947849
11350.000000 -60.544899
11400.000000 -54.821217
11450.000000 -53.952404
11500.000000 -54.343376
11550.000000 -56.216984
11600.000000 -55.665550
11650.000000 -54.162766
11700.000000 -54.265373
11750.000000 -54.138165
11800.000000 -55.226086
11850.000000 -57.170944
11900.000000 -56.431030
11950.000000 -55.762810
12000.000000 -57.083538
12050.000000 -54.423492
12100.000000 -55.377872
12150.000000 -54.249081
12200.000000 -54.442623
12250.000000 -56.463257
12300.000000 -55.895809
12350.000000 -54.046860
12400.000000 -55.796650
12450.000000 -54.727104
12500.000000 -56.400074
12550.000000 -57.211140
12600.000000 -54.378830
12650.000000 -55.627815
12700.000000 -55.353851
12750.000000 -53.966553
12800.000000 -53.955711
12850.000000 -55.088120
12900.000000 -57.204792
12950.000000 -54.769096
13000.000000 -54.396542
13050.000000 -54.955048
13100.000000 -55.567612
13150.000000 -53.955513
13200.000000 -53.933136
13250.000000 -53.978142
13300.000000 -58.836601
13350.000000 -58.383659
13400.000000 -54.830784
13450.000000 -53.958221
13500.000000 -53.959476
13550.000000 -53.975887
13600.000000 -54.846661
13650.000000 -55.348263
13700.000000 -56.627819
13750.000000 -54.755825
13800.000000 -56.296482
13850.000000 -57.663803
13900.000000 -54.895126
13950.000000 -53.939468
14000.000000 -53.957031
14050.000000 -53.946068
14100.000000 -54.754303
14150.000000 -57.604656
14200.000000 -56.611015
14250.000000 -55.897545
14300.000000 -53.969730
14350.000000 -55.677628
14400.000000 -56.167229
14450.000000 -54.960613
14500.000000 -53.958023
14550.000000 -53.954453
14600.000000 -53.977879
14650.000000 -54.634144
14700.000000 -55.479744
14750.000000 -55.176582
14800.000000 -54.655464
14850.000000 -53.960800
14900.000000 -53.947716
14950.000000 -53.935379
15000.000000 -54.406353
15050.000000 -54.689842
15100.000000 -55.582184
15150.000000 -57.059792
15200.000000 -56.991943
15250.000000 -55.884331
15300.000000 -54.559437
15350.000000 -54.122723
15400.000000 -55.089863
15450.000000 -56.322567
15500.000000 -56.639053
15550.000000 -55.427601
15600.000000 -55.199505
15650.000000 -55.217751
15700.000000 -54.952454
15750.000000 -54.447586
15800.000000 -55.071346
15850.000000 -55.429008
15900.000000 -55.725380
15950.000000 -55.145451
16000.000000 -54.682079
16050.000000 -54.097023
16100.000000 -53.959873
16150.000000 -53.979267
16200.000000 -53.979401
16250.000000 -53.939796
16300.000000 -53.979336
16350.000000 -53.978077
16400.000000 -55.327732
16450.000000 -56.735992
16500.000000 -57.597614
16550.000000 -57.980118
16600.000000 -57.178219
16650.000000 -56.461491
16700.000000 -55.214466
16750.000000 -54.297131
16800.000000 -53.967350
16850.000000 -53.952274
16900.000000 -53.963776
16950.000000 -53.977547
17000.000000 -54.128990
17050.000000 -54.769024
17100.000000 -55.246918
17150.000000 -55.137497
17200.000000 -54.758652
17250.000000 -54.602688
17300.000000 -54.576172
17350.000000 -54.334606
17400.000000 -53.978672
17450.000000 -54.020119
17500.000000 -54.057884
17550.000000 -54.258041
17600.000000 -54.159515
17650.000000 -53.978870
17700.000000 -53.979202
17750.000000 -53.974102
17800.000000 -53.965561
17850.000000 -53.978142
17900.000000 -54.321083
17950.000000 -55.155083
18000.000000 -55.861259
18050.000000 -56.365894
18100.000000 -56.987537
18150.000000 -57.436295
18200.000000 -57.250736
18250.000000 -56.994099
18300.000000 -56.956764
18350.000000 -56.539715
18400.000000 -56.026764
18450.000000 -55.368149
18500.000000 -54.775120
18550.000000 -54.212246
18600.000000 -53.971851
18650.000000 -53.971718
18700.000000 -53.978207
18750.000000 -54.488949
18800.000000 -55.274338
18850.000000 -55.896057
18900.000000 -56.587631
18950.000000 -57.408424
19000.000000 -58.102398
19050.000000 -58.859005
19100.000000 -59.441174
19150.000000 -60.019505
19200.000000 -60.081894
19250.000000 -60.085640
19300.000000 -59.957954
19350.000000 -59.658371
19400.000000 -59.009644
19450.000000 -58.615139
19500.000000 -57.616028
19550.000000 -57.426929
19600.000000 -56.895180
19650.000000 -56.175411
19700.000000 -55.406021
19750.000000 -55.037148
19800.000000 -54.548107
19850.000000 -53.979599
19900.000000 -53.977879
19950.000000 -53.979336
20000.000000 -53.945538
20050.000000 -53.948708
20100.000000 -53.963840
20150.000000 -53.975426
20200.000000 -53.979401
20250.000000 -53.979401
20300.000000 -53.979401
20350.000000 -53.979401
20400.000000 -53.979401
20450.000000 -53.976154
20500.000000 -53.977478
20550.000000 -53.977879
20600.000000 -54.073681
20650.000000 -54.135666
20700.000000 -54.290810
20750.000000 -54.441223
20800.000000 -54.637787
20850.000000 -54.694660
20900.000000 -54.901093
20950.000000 -54.983791
21000.000000 -55.020393
21050.000000 -55.414616
21100.000000 -55.488331
21150.000000 -55.568409
21200.000000 -55.925190
21250.000000 -55.960167
21300.000000 -56.130474
21350.000000 -56.269180
21400.000000 -56.411194
21450.000000 -56.522999
21500.000000 -56.702744
21550.000000 -56.891747
21600.000000 -57.017288
21650.000000 -57.140377
21700.000000 -57.285088
21750.000000 -57.313446
21800.000000 -57.588676
21850.000000 -57.719173
21900.000000 -57.770802
21950.000000 -57.880592
22000.000000 -58.161293
22050.000000 -58.344685
22100.000000 -58.418388
22150.000000 -58.437851
22200.000000 -58.618530
22250.000000 -58.802357
22300.000000 -58.860050
22350.000000 -59.102257
22400.000000 -59.297462
22450.000000 -59.505039
22500.000000 -59.651367
22550.000000 -59.579979
22600.000000 -59.789455
22650.000000 -60.046513
22700.000000 -60.147972
22750.000000 -60.141636
22800.000000 -60.294254
22850.000000 -60.672409
22900.000000 -60.827442
22950.000000 -61.008781
23000.000000 -61.003574
23050.000000 -61.117382
23100.000000 -61.393959
23150.000000 -61.582088
23200.000000 -61.517452
23250.000000 -61.899651
23300.000000 -61.948944
23350.000000 -62.218994
23400.000000 -62.401775
23450.000000 -62.687599
23500.000000 -62.809818
23550.000000 -62.903366
23600.000000 -63.303844
23650.000000 -63.445755
23700.000000 -63.495556
23750.000000 -63.719009
23800.000000 -63.839420
23850.000000 -64.121506
23900.000000 -64.239029
23950.000000 -64.360138
24000.000000 -64.750626
24050.000000 -64.974960
24100.000000 -65.143677
24150.000000 -65.214172
24200.000000 -65.750237
24250.000000 -65.771591
24300.000000 -65.799454
24350.000000 -65.746384
24400.000000 -65.886978
24450.000000 -65.967224
24500.000000 -66.330086
24550.000000 -66.301842
24600.000000 -66.423157
24650.000000 -66.346581
24700.000000 -66.558586
24750.000000 -67.167427
24800.000000 -67.308617
24850.000000 -67.056816
24900.000000 -67.242767
24950.000000 -67.238190
25000.000000 -67.340645
25050.000000 -68.112030
25100.000000 -67.882729
25150.000000 -68.201523
25200.000000 -68.075684
25250.000000 -68.510544
25300.000000 -68.543800
25350.000000 -68.436363
25400.000000 -68.257927
25450.000000 -68.385056
25500.000000 -68.466873
25550.000000 -68.708023
25600.000000 -69.191116
25650.000000 -69.609215
25700.000000 -69.499329
25750.000000 -70.014809
25800.000000 -70.017754
25850.000000 -70.034988
25900.000000 -70.016907
25950.000000 -70.261787
26000.000000 -70.616653
26050.000000 -71.028053
26100.000000 -71.150635
26150.000000 -71.250244
26200.000000 -72.157013
26250.000000 -71.756462
26300.000000 -71.575211
26350.000000 -71.944725
26400.000000 -72.766762
26450.000000 -72.492767
26500.000000 -72.415482
26550.000000 -73.243553
26600.000000 -72.299477
26650.000000 -72.927895
26700.000000 -73.503738
26750.000000 -72.734543
26800.000000 -73.253304
26850.000000 -74.259682
26900.000000 -74.578941
26950.000000 -75.106583
27000.000000 -75.777718
27050.000000 -76.363541
27100.000000 -75.823486
27150.000000 -76.459114
27200.000000 -76.307045
27250.000000 -75.719223
27300.000000 -74.492043
27350.000000 -74.544220
27400.000000 -76.549515
27450.000000 -75.860435
27500.000000 -76.633659
27550.000000 -76.349602
27600.000000 -75.792404
27650.000000 -76.532600
27700.000000 -76.172943
27750.000000 -76.243172
27800.000000 -75.784241
27850.000000 -76.271599
27900.000000 -76.125298
27950.000000 -76.482948
28000.000000 -76.465286
28050.000000 -77.344727
28100.000000 -77.439957
28150.000000 -77.241859
28200.000000 -77.048180
28250.000000 -77.639633
28300.000000 -77.718773
28350.000000 -77.772957
28400.000000 -76.779701
28450.000000 -76.696854
28500.000000 -77.103081
28550.000000 -77.139236
28600.000000 -77.323280
28650.000000 -77.164063
28700.000000 -76.164413
28750.000000 -76.303581
28800.000000 -76.721352
28850.000000 -77.353523
28900.000000 -78.396873
28950.000000 -55.907726
29000.000000 -54.514072
29050.000000 -55.149773
29100.000000 -54.428654
29150.000000 -56.866119
29200.000000 -53.972908
29250.000000 -56.188477
29300.000000 -56.856239
29350.000000 -57.736523
29400.000000 -53.965298
29450.000000 -57.579445
29500.000000 -55.978416
29550.000000 -57.064800
29600.000000 -56.099377
29650.000000 -58.599106
29700.000000 -58.093689
29750.000000 -57.612705
29800.000000 -57.612808
29850.000000 -58.519836
29900.000000 -58.865860
29950.000000 -56.626373
30000.000000 -57.821812
30050.000000 -54.828812
30100.000000 -58.035652
30150.000000 -57.489933
30200.000000 -58.182232
30250.000000 -55.157284
30300.000000 -59.328934
30350.000000 -56.092777
30400.000000 -56.113598
30450.000000 -53.957428
30500.000000 -55.892838
30550.000000 -55.785053
30600.000000 -57.655300
30650.000000 -54.353405
30700.000000 -56.972565
30750.000000 -56.096924
30800.000000 -58.853088
30850.000000 -53.962585
30900.000000 -54.891888
30950.000000 -55.287655
31000.000000 -62.369328
31050.000000 -63.222221
31100.000000 -57.996624
31150.000000 -56.814808
31200.000000 -56.532688
31250.000000 -55.236801
31300.000000 -57.300327
31350.000000 -55.269032
31400.000000 -56.277470
31450.000000 -59.085659
31500.000000 -55.701916
31550.000000 -63.960686
31600.000000 -59.297092
31650.000000 -59.668827
31700.000000 -59.402981
31750.000000 -60.873928
31800.000000 -62.410515
31850.000000 -59.487782
31900.000000 -55.915165
31950.000000 -54.231873
32000.000000 -55.370323
32050.000000 -61.607887
32100.000000 -60.417419
32150.000000 -56.159386
32200.000000 -58.700768
32250.000000 -57.180904
32300.000000 -56.230797
32350.000000 -58.794624
32400.000000 -55.308018
32450.000000 -55.690933
32500.000000 -57.221233
32550.000000 -56.660591
32600.000000 -57.660057
32650.000000 -56.023159
32700.000000 -55.280415
32750.000000 -56.674320
32800.000000 -56.632397
32850.000000 -57.931519
32900.000000 -58.229446
32950.000000 -57.674747
33000.000000 -54.017189
33050.000000 -58.485703
33100.000000 -57.027164
33150.000000 -57.034039
33200.000000 -60.441372
33250.000000 -53.974895
33300.000000 -56.622688
33350.000000 -56.223759
33400.000000 -56.868519
33450.000000 -58.619209
33500.000000 -60.622719
33550.000000 -59.966007
33600.000000 -56.916988
33650.000000 -56.426727
33700.000000 -55.260883
33750.000000 -62.048538
33800.000000 -63.276939
33850.000000 -60.306602
33900.000000 -57.403107
33950.000000 -58.483921
34000.000000 -58.676262
34050.000000 -57.616127
34100.000000 -58.712299
34150.000000 -57.662891
34200.000000 -56.926754
34250.000000 -58.180206
34300.000000 -59.276218
34350.000000 -57.333801
34400.000000 -59.443413
34450.000000 -59.368774
34500.000000 -59.960331
34550.000000 -58.762268
34600.000000 -61.967873
34650.000000 -59.263058
34700.000000 -57.404484
34750.000000 -56.489758
34800.000000 -57.294788
34850.000000 -58.387730
34900.000000 -59.034542
34950.000000 -53.955181
35000.000000 -57.870941
35050.000000 -56.930851
35100.000000 -57.803368
35150.000000 -57.571423
35200.000000 -55.337410
35250.000000 -56.155128
35300.000000 -55.574696
35350.000000 -54.924999
35400.000000 -56.169628
35450.000000 -56.152145
35500.000000 -56.169868
35550.000000 -56.045658
35600.000000 -56.214497
35650.000000 -55.826515
35700.000000 -55.528793
35750.000000 -54.088833
35800.000000 -56.328991
35850.000000 -54.831589
35900.000000 -57.217575
35950.000000 -58.037872
36000.000000 -55.664181
36050.000000 -57.233849
36100.000000 -57.067825
36150.000000 -54.745178
36200.000000 -54.307243
36250.000000 -56.059288
36300.000000 -56.865288
36350.000000 -56.559402
36400.000000 -57.183586
36450.000000 -57.612301
36500.000000 -57.132370
36550.000000 -55.559738
36600.000000 -56.787041
36650.000000 -56.855598
36700.000000 -56.791691
36750.000000 -57.507126
36800.000000 -58.514252
36850.000000 -54.605534
36900.000000 -58.845417
36950.000000 -58.448486
37000.000000 -60.194065
37050.000000 -54.910603
37100.000000 -55.819878
37150.000000 -55.074879
37200.000000 -56.374359
37250.000000 -58.661140
37300.000000 -58.388500
37350.000000 -60.046246
37400.000000 -60.750664
37450.000000 -55.740788
37500.000000 -61.758629
37550.000000 -59.649204
37600.000000 -56.152061
37650.000000 -57.705322
37700.000000 -57.749809
37750.000000 -55.523090
37800.000000 -56.667183
37850.000000 -56.746376
37900.000000 -54.290466
37950.000000 -55.950184
38000.000000 -55.886562
38050.000000 -55.911358
38100.000000 -55.523643
38150.000000 -56.030540
38200.000000 -55.765739
38250.000000 -56.333771
38300.000000 -56.538647
38350.000000 -57.110203
38400.000000 -56.508003
38450.000000 -55.445942
38500.000000 -55.271259
38550.000000 -57.174492
38600.000000 -56.033394
38650.000000 -58.088882
38700.000000 -60.569202
38750.000000 -55.717606
38800.000000 -58.768822
38850.000000 -60.059982
38900.000000 -56.737450
38950.000000 -61.001194
39000.000000 -57.908676
39050.000000 -57.480705
39100.000000 -54.470909
39150.000000 -59.484783
39200.000000 -59.398281
39250.000000 -61.044434
39300.000000 -59.127274
39350.000000 -57.956203
39400.000000 -59.386292
39450.000000 -59.549976
39500.000000 -55.560852
39550.000000 -60.504772
39600.000000 -60.663681
39650.000000 -57.593796
39700.000000 -56.394203
39750.000000 -57.015316
39800.000000 -58.753998
39850.000000 -58.664661
39900.000000 -58.548161
39950.000000 -58.889156
40000.000000 -58.101013
