0.000000 -56.742092
50.000000 -56.171745
100.000000 -55.566181
150.000000 -56.494537
200.000000 -56.189758
250.000000 -56.676395
300.000000 -55.545902
350.000000 -55.150909
400.000000 -54.539127
450.000000 -55.973080
500.000000 -55.679157
550.000000 -56.527351
600.000000 -56.077072
650.000000 -55.697632
700.000000 -55.126904
750.000000 -56.358482
800.000000 -57.024342
850.000000 -57.712959
900.000000 -57.231056
950.000000 -57.330387
1000.000000 -59.237286
1050.000000 -54.382648
1100.000000 -57.323959
1150.000000 -61.642246
1200.000000 -55.303230
1250.000000 -58.194283
1300.000000 -59.929119
1350.000000 -60.213894
1400.000000 -56.615860
1450.000000 -55.142723
1500.000000 -60.230190
1550.000000 -59.328075
1600.000000 -57.867516
1650.000000 -60.012867
1700.000000 -57.800896
1750.000000 -59.480911
1800.000000 -62.003189
1850.000000 -57.047707
1900.000000 -61.134960
1950.000000 -59.475670
2000.000000 -60.787735
2050.000000 -58.746422
2100.000000 -56.191898
2150.000000 -55.115040
2200.000000 -59.898151
2250.000000 -56.564575
2300.000000 -57.673935
2350.000000 -59.082676
2400.000000 -57.315197
2450.000000 -57.677486
2500.000000 -55.319683
2550.000000 -57.376415
2600.000000 -56.914669
2650.000000 -58.092072
2700.000000 -56.821423
2750.000000 -55.078636
2800.000000 -55.892174
2850.000000 -56.251518
2900.000000 -56.719624
2950.000000 -55.522381
3000.000000 -55.552830
3050.000000 -55.849251
3100.000000 -56.565201
3150.000000 -57.054977
3200.000000 -56.086105
3250.000000 -55.854511
3300.000000 -57.349808
3350.000000 -59.952549
3400.000000 -58.800510
3450.000000 -55.388233
3500.000000 -58.876221
3550.000000 -60.122131
3600.000000 -57.075111
3650.000000 -59.414124
3700.000000 -59.803696
3750.000000 -62.261707
3800.000000 -55.132881
3850.000000 -59.637268
3900.000000 -59.282318
3950.000000 -58.346874
4000.000000 -59.172703
4050.000000 -59.003735
4100.000000 -59.639023
4150.000000 -63.607670
4200.000000 -61.490032
4250.000000 -57.943748
4300.000000 -56.263580
4350.000000 -56.330467
4400.000000 -60.667114
4450.000000 -56.733898
4500.000000 -59.458591
4550.000000 -59.925835
4600.000000 -62.816780
4650.000000 -64.704948
4700.000000 -60.972092
4750.000000 -56.762611
4800.000000 -59.457592
4850.000000 -59.083035
4900.000000 -59.580986
4950.000000 -60.442905
5000.000000 -55.016659
5050.000000 -55.687946
5100.000000 -55.607327
5150.000000 -55.987514
5200.000000 -56.707554
5250.000000 -55.231750
5300.000000 -55.650757
5350.000000 -57.176399
5400.000000 -57.056393
5450.000000 -55.865868
5500.000000 -56.675491
5550.000000 -55.803349
5600.000000 -56.226933
5650.000000 -56.660229
5700.000000 -55.625088
5750.000000 -55.934731
5800.000000 -55.506329
5850.000000 -55.826923
5900.000000 -56.081799
5950.000000 -54.778828
6000.000000 -57.318310
6050.000000 -56.939137
6100.000000 -54.393761
6150.000000 -55.412113
6200.000000 -55.250828
6250.000000 -55.586739
6300.000000 -58.724762
6350.000000 -59.057552
6400.000000 -55.146893
6450.000000 -61.115273
6500.000000 -61.069279
6550.000000 -60.287815
6600.000000 -57.104214
6650.000000 -60.102688
6700.000000 -57.862854
6750.000000 -62.351936
6800.000000 -61.334408
6850.000000 -55.566021
6900.000000 -59.759495
6950.000000 -56.813618
7000.000000 -56.710091
7050.000000 -58.344574
7100.000000 -58.204517
7150.000000 -59.432232
7200.000000 -60.736950
7250.000000 -61.636642
7300.000000 -61.544960
7350.000000 -61.373909
7400.000000 -59.329426
7450.000000 -58.863419
7500.000000 -58.960018
7550.000000 -55.859859
7600.000000 -57.039787
7650.000000 -60.018444
7700.000000 -59.513805
7750.000000 -59.536015
7800.000000 -60.935703
7850.000000 -57.303303
7900.000000 -55.847527
7950.000000 -57.569817
8000.000000 -54.726379
8050.000000 -59.335686
8100.000000 -55.177799
8150.000000 -55.420635
8200.000000 -56.159470
8250.000000 -55.298290
8300.000000 -55.322857
8350.000000 -56.237156
8400.000000 -56.412773
8450.000000 -56.443783
8500.000000 -56.542114
8550.000000 -55.837013
8600.000000 -55.871632
8650.000000 -56.078423
8700.000000 -55.899612
8750.000000 -53.970196
8800.000000 -55.878063
8850.000000 -58.631992
8900.000000 -56.630238
8950.000000 -57.586666
9000.000000 -55.416725
9050.000000 -60.679001
9100.000000 -55.197216
9150.000000 -55.075176
9200.000000 -55.463692
9250.000000 -55.298985
9300.000000 -53.940193
9350.000000 -55.590317
9400.000000 -54.015793
9450.000000 -55.904739
9500.000000 -56.703194
9550.000000 -54.917171
9600.000000 -55.456856
9650.000000 -55.196228
9700.000000 -57.006210
9750.000000 -54.482136
9800.000000 -59.843975
9850.000000 -54.688835
9900.000000 -55.340046
9950.000000 -55.259274
10000.000000 -54.257561
10050.000000 -60.238632
10100.000000 -54.732521
10150.000000 -55.740707
10200.000000 -57.245842
10250.000000 -60.497330
10300.000000 -54.996002
10350.000000 -55.300011
10400.000000 -54.083534
10450.000000 -56.967041
10500.000000 -63.562412
10550.000000 -58.878780
10600.000000 -54.938385
10650.000000 -54.574612
10700.000000 -54.053940
10750.000000 -54.865208
10800.000000 -55.264187
10850.000000 -55.301998
10900.000000 -57.716434
10950.000000 -57.256821
11000.000000 -57.944271
11050.000000 -57.335358
11100.000000 -60.079369
11150.000000 -56.030540
11200.000000 -58.277794
11250.000000 -56.876007
11300.000000 -58.403706
11350.000000 -56.705101
11400.000000 -57.783833
11450.000000 -56.800674
11500.000000 -59.684277
11550.000000 -57.579845
11600.000000 -62.603668
11650.000000 -59.361137
11700.000000 -57.352249
11750.000000 -59.796963
11800.000000 -59.001255
11850.000000 -59.047451
11900.000000 -58.158611
11950.000000 -54.349667
12000.000000 -54.727032
12050.000000 -56.473141
12100.000000 -55.639275
12150.000000 -53.963776
12200.000000 -54.096622
12250.000000 -56.469078
12300.000000 -53.977215
12350.000000 -54.769966
12400.000000 -54.131081
12450.000000 -53.968872
12500.000000 -53.968872
12550.000000 -53.960732
12600.000000 -54.409275
12650.000000 -57.059227
12700.000000 -56.494980
12750.000000 -56.901947
12800.000000 -56.076057
12850.000000 -57.764244
12900.000000 -60.208851
12950.000000 -55.641361
13000.000000 -54.398697
13050.000000 -55.502853
13100.000000 -54.471539
13150.000000 -54.587109
13200.000000 -55.270260
13250.000000 -55.890026
13300.000000 -54.972713
13350.000000 -53.952736
13400.000000 -53.970459
13450.000000 -53.959808
13500.000000 -53.946133
13550.000000 -55.490540
13600.000000 -56.817654
13650.000000 -59.007637
13700.000000 -58.038822
13750.000000 -56.270992
13800.000000 -55.900436
13850.000000 -55.941456
13900.000000 -55.685364
13950.000000 -56.747925
14000.000000 -60.341270
14050.000000 -59.361629
14100.000000 -57.178604
14150.000000 -56.129711
14200.000000 -54.426014
14250.000000 -53.964569
14300.000000 -53.956635
14350.000000 -53.925495
14400.000000 -53.912136
14450.000000 -53.935047
14500.000000 -53.969799
14550.000000 -55.102737
14600.000000 -55.907055
14650.000000 -56.520603
14700.000000 -56.883137
14750.000000 -56.286713
14800.000000 -55.989765
14850.000000 -55.966663
14900.000000 -55.516289
14950.000000 -57.121990
15000.000000 -54.450733
15050.000000 -56.566807
15100.000000 -58.141048
15150.000000 -60.347202
15200.000000 -60.720371
15250.000000 -58.777679
15300.000000 -57.780651
15350.000000 -55.503403
15400.000000 -54.135262
15450.000000 -54.303871
15500.000000 -55.928677
15550.000000 -55.718334
15600.000000 -54.891739
15650.000000 -53.927139
15700.000000 -54.469364
15750.000000 -53.925163
15800.000000 -53.954849
15850.000000 -53.962452
15900.000000 -53.963314
15950.000000 -53.968674
16000.000000 -54.843220
16050.000000 -56.328209
16100.000000 -57.272491
16150.000000 -58.030048
16200.000000 -59.109791
16250.000000 -60.056778
16300.000000 -60.341686
16350.000000 -59.950970
16400.000000 -58.913799
16450.000000 -57.713264
16500.000000 -56.991943
16550.000000 -56.318489
16600.000000 -55.614841
16650.000000 -55.074501
16700.000000 -54.522041
16750.000000 -55.848610
16800.000000 -54.330463
16850.000000 -54.784641
16900.000000 -55.179623
16950.000000 -55.883259
17000.000000 -56.397964
17050.000000 -56.710091
17100.000000 -56.736176
17150.000000 -56.952473
17200.000000 -57.021992
17250.000000 -56.121395
17300.000000 -55.457088
17350.000000 -55.522854
17400.000000 -55.272568
17450.000000 -55.225857
17500.000000 -54.775921
17550.000000 -55.578999
17600.000000 -55.547825
17650.000000 -55.437469
17700.000000 -55.432770
17750.000000 -54.837364
17800.000000 -54.258793
17850.000000 -54.251610
17900.000000 -54.351883
17950.000000 -54.681503
18000.000000 -54.691425
18050.000000 -54.820339
18100.000000 -55.011211
18150.000000 -55.077358
18200.000000 -55.026897
18250.000000 -54.860584
18300.000000 -54.790821
18350.000000 -54.617867
18400.000000 -54.477993
18450.000000 -54.364548
18500.000000 -54.093330
18550.000000 -54.009338
18600.000000 -54.017921
18650.000000 -54.086349
18700.000000 -54.096622
18750.000000 -54.023647
18800.000000 -54.281887
18850.000000 -54.650448
18900.000000 -55.122368
18950.000000 -55.410084
19000.000000 -55.770138
19050.000000 -56.266682
19100.000000 -56.607159
19150.000000 -56.920429
19200.000000 -57.328636
19250.000000 -57.697598
19300.000000 -57.951176
19350.000000 -58.189007
19400.000000 -58.365742
19450.000000 -58.475246
19500.000000 -58.546478
19550.000000 -58.596176
19600.000000 -58.650810
19650.000000 -58.749977
19700.000000 -58.735870
19750.000000 -58.733467
19800.000000 -58.537849
19850.000000 -58.682411
19900.000000 -58.733810
19950.000000 -58.661255
20000.000000 -58.337238
20050.000000 -58.217350
20100.000000 -57.993259
20150.000000 -57.838020
20200.000000 -57.702068
20250.000000 -57.159756
20300.000000 -57.292461
20350.000000 -57.095673
20400.000000 -56.659512
20450.000000 -56.240421
20500.000000 -56.165604
20550.000000 -56.043976
20600.000000 -55.741844
20650.000000 -55.707088
20700.000000 -55.499615
20750.000000 -55.486519
20800.000000 -55.221962
20850.000000 -54.971973
20900.000000 -54.825668
20950.000000 -54.557453
21000.000000 -54.333569
21050.000000 -54.333569
21100.000000 -54.354233
21150.000000 -54.264885
21200.000000 -54.349533
21250.000000 -54.326809
21300.000000 -54.290810
21350.000000 -54.355202
21400.000000 -54.358040
21450.000000 -54.391884
21500.000000 -54.618366
21550.000000 -54.709785
21600.000000 -54.816399
21650.000000 -55.055653
21700.000000 -55.232975
21750.000000 -55.215996
21800.000000 -55.303074
21850.000000 -55.578438
21900.000000 -55.754192
21950.000000 -55.747120
22000.000000 -55.962414
22050.000000 -56.039104
22100.000000 -56.249107
22150.000000 -56.400330
22200.000000 -56.545143
22250.000000 -56.661945
22300.000000 -56.755856
22350.000000 -56.935970
22400.000000 -57.067165
22450.000000 -57.272881
22500.000000 -57.523354
22550.000000 -57.725601
22600.000000 -57.816860
22650.000000 -57.940926
22700.000000 -58.164726
22750.000000 -58.209801
22800.000000 -58.547153
22850.000000 -58.753651
22900.000000 -58.972595
22950.000000 -59.053631
23000.000000 -59.295750
23050.000000 -59.517944
23100.000000 -59.555767
23150.000000 -59.763752
23200.000000 -59.752666
23250.000000 -59.987682
23300.000000 -60.064651
23350.000000 -60.318970
23400.000000 -60.556053
23450.000000 -60.749653
23500.000000 -60.844517
23550.000000 -60.908440
23600.000000 -60.975800
23650.000000 -61.220791
23700.000000 -61.417019
23750.000000 -61.592270
23800.000000 -61.804024
23850.000000 -61.888279
23900.000000 -61.969036
23950.000000 -62.188251
24000.000000 -62.420143
24050.000000 -62.516109
24100.000000 -62.839172
24150.000000 -62.839172
24200.000000 -63.243183
24250.000000 -63.201885
24300.000000 -63.557419
24350.000000 -63.786995
24400.000000 -63.960480
24450.000000 -63.837151
24500.000000 -64.206055
24550.000000 -64.213593
24600.000000 -64.566185
24650.000000 -64.658600
24700.000000 -64.682877
24750.000000 -64.741013
24800.000000 -64.656105
24850.000000 -64.887512
24900.000000 -65.002968
24950.000000 -65.256790
25000.000000 -65.367218
25050.000000 -65.723045
25100.000000 -65.786804
25150.000000 -66.036789
25200.000000 -66.314995
25250.000000 -66.429543
25300.000000 -66.772133
25350.000000 -66.998772
25400.000000 -67.446518
25450.000000 -68.011116
25500.000000 -67.961914
25550.000000 -68.076691
25600.000000 -68.172943
25650.000000 -68.539902
25700.000000 -68.674133
25750.000000 -68.990685
25800.000000 -68.752922
25850.000000 -69.118111
25900.000000 -69.454338
25950.000000 -69.924599
26000.000000 -70.387093
26050.000000 -70.320732
26100.000000 -70.681236
26150.000000 -70.679420
26200.000000 -70.204964
26250.000000 -70.755898
26300.000000 -70.389282
26350.000000 -70.653175
26400.000000 -70.534698
26450.000000 -71.336830
26500.000000 -71.058769
26550.000000 -71.555130
26600.000000 -71.743134
26650.000000 -71.558640
26700.000000 -71.165001
26750.000000 -71.100540
26800.000000 -71.042221
26850.000000 -71.352486
26900.000000 -71.551125
26950.000000 -71.163078
27000.000000 -71.554634
27050.000000 -71.143936
27100.000000 -71.683914
27150.000000 -71.672218
27200.000000 -71.328522
27250.000000 -71.883080
27300.000000 -71.816696
27350.000000 -72.196861
27400.000000 -72.385132
27450.000000 -73.296074
27500.000000 -73.912201
27550.000000 -73.744186
27600.000000 -73.781677
27650.000000 -74.080185
27700.000000 -74.659546
27750.000000 -74.623077
27800.000000 -74.595291
27850.000000 -74.743805
27900.000000 -75.212868
27950.000000 -76.467049
28000.000000 -75.804657
28050.000000 -75.315048
28100.000000 -75.581871
28150.000000 -75.146667
28200.000000 -74.450668
28250.000000 -74.814285
28300.000000 -75.175522
28350.000000 -76.127846
28400.000000 -75.881859
28450.000000 -76.081291
28500.000000 -76.108345
28550.000000 -76.249199
28600.000000 -75.868668
28650.000000 -76.557533
28700.000000 -77.813049
28750.000000 -77.771935
28800.000000 -78.122452
28850.000000 -77.708588
28900.000000 -77.632568
28950.000000 -78.882980
29000.000000 -55.378113
29050.000000 -55.100353
29100.000000 -53.967216
29150.000000 -56.821514
29200.000000 -54.483189
29250.000000 -55.119797
29300.000000 -55.670216
29350.000000 -54.342411
29400.000000 -57.126083
29450.000000 -57.308701
29500.000000 -60.506035
29550.000000 -55.336014
29600.000000 -58.252613
29650.000000 -58.609383
29700.000000 -57.495594
29750.000000 -59.593117
29800.000000 -61.751003
29850.000000 -61.942146
29900.000000 -63.310829
29950.000000 -57.822430
30000.000000 -59.472427
30050.000000 -58.171703
30100.000000 -61.382915
30150.000000 -59.474297
30200.000000 -59.242870
30250.000000 -60.090996
30300.000000 -60.368195
30350.000000 -56.812054
30400.000000 -60.826424
30450.000000 -58.993225
30500.000000 -57.241856
30550.000000 -56.484097
30600.000000 -60.178085
30650.000000 -59.158134
30700.000000 -61.686550
30750.000000 -59.869381
30800.000000 -58.520844
30850.000000 -61.930717
30900.000000 -58.852612
30950.000000 -63.289703
31000.000000 -62.875271
31050.000000 -64.460999
31100.000000 -63.020794
31150.000000 -60.970165
31200.000000 -59.313122
31250.000000 -57.871357
31300.000000 -59.478661
31350.000000 -60.208450
31400.000000 -59.384441
31450.000000 -59.961914
31500.000000 -59.745068
31550.000000 -63.960686
31600.000000 -59.297092
31650.000000 -59.668827
31700.000000 -59.402981
31750.000000 -60.873928
31800.000000 -62.410515
31850.000000 -59.487782
31900.000000 -55.915165
31950.000000 -54.231873
32000.000000 -55.370323
32050.000000 -61.607887
32100.000000 -60.417419
32150.000000 -56.159386
32200.000000 -58.700768
32250.000000 -57.180904
32300.000000 -56.230797
32350.000000 -58.794624
32400.000000 -55.308018
32450.000000 -55.690933
32500.000000 -57.221233
32550.000000 -56.660591
32600.000000 -57.660057
32650.000000 -56.023159
32700.000000 -55.280415
32750.000000 -56.674320
32800.000000 -56.632397
32850.000000 -57.931519
32900.000000 -58.229446
32950.000000 -57.674747
33000.000000 -54.017189
33050.000000 -58.485703
33100.000000 -57.027164
33150.000000 -57.034039
33200.000000 -60.441372
33250.000000 -53.974895
33300.000000 -56.622688
33350.000000 -56.223759
33400.000000 -56.868519
33450.000000 -58.619209
33500.000000 -60.622719
33550.000000 -59.966007
33600.000000 -56.916988
33650.000000 -56.426727
33700.000000 -55.260883
33750.000000 -62.048538
33800.000000 -63.276939
33850.000000 -60.306602
33900.000000 -57.403107
33950.000000 -58.483921
34000.000000 -58.676262
34050.000000 -57.616127
34100.000000 -58.712299
34150.000000 -57.662891
34200.000000 -56.926754
34250.000000 -58.180206
34300.000000 -59.276218
34350.000000 -57.333801
34400.000000 -59.443413
34450.000000 -59.368774
34500.000000 -59.960331
34550.000000 -58.762268
34600.000000 -58.129498
34650.000000 -58.775375
34700.000000 -58.425129
34750.000000 -55.847195
34800.000000 -55.606926
34850.000000 -55.849415
34900.000000 -56.615067
34950.000000 -56.249798
35000.000000 -57.376026
35050.000000 -54.804657
35100.000000 -56.995033
35150.000000 -54.409622
35200.000000 -54.883423
35250.000000 -55.986092
35300.000000 -55.137802
35350.000000 -56.404533
35400.000000 -55.765091
35450.000000 -58.368378
35500.000000 -55.284340
35550.000000 -56.695583
35600.000000 -59.546955
35650.000000 -56.973869
35700.000000 -58.366402
35750.000000 -56.541759
35800.000000 -58.961533
35850.000000 -56.173622
35900.000000 -56.230453
35950.000000 -60.584217
36000.000000 -58.109325
36050.000000 -57.330875
36100.000000 -57.972038
36150.000000 -62.720531
36200.000000 -56.696308
36250.000000 -60.845684
36300.000000 -62.192345
36350.000000 -59.693485
36400.000000 -63.590019
36450.000000 -56.934479
36500.000000 -56.114868
36550.000000 -60.962608
36600.000000 -58.494282
36650.000000 -58.395329
36700.000000 -59.670227
36750.000000 -57.024250
36800.000000 -59.504787
36850.000000 -60.281651
36900.000000 -60.548283
36950.000000 -57.471786
37000.000000 -56.932991
37050.000000 -55.444370
37100.000000 -56.946785
37150.000000 -56.417248
37200.000000 -59.687469
37250.000000 -55.986763
37300.000000 -55.290813
37350.000000 -56.936623
37400.000000 -55.481632
37450.000000 -56.513058
37500.000000 -55.355480
37550.000000 -55.771603
37600.000000 -55.993111
37650.000000 -57.329609
37700.000000 -55.337410
37750.000000 -58.069118
37800.000000 -55.977165
37850.000000 -55.497799
37900.000000 -55.528477
37950.000000 -55.877899
38000.000000 -56.192753
38050.000000 -55.002632
38100.000000 -57.777267
38150.000000 -56.340900
38200.000000 -58.574329
38250.000000 -59.655823
38300.000000 -58.812408
38350.000000 -57.434322
38400.000000 -58.773537
38450.000000 -61.715893
38500.000000 -58.307518
38550.000000 -56.960968
38600.000000 -59.836929
38650.000000 -56.661495
38700.000000 -60.490314
38750.000000 -57.582352
38800.000000 -61.128090
38850.000000 -60.894028
38900.000000 -60.044647
38950.000000 -57.509712
39000.000000 -60.779034
39050.000000 -58.288563
39100.000000 -62.112366
39150.000000 -58.519058
39200.000000 -60.858257
39250.000000 -61.607090
39300.000000 -60.743153
39350.000000 -55.612362
39400.000000 -58.397972
39450.000000 -60.251038
39500.000000 -55.422985
39550.000000 -58.001575
39600.000000 -56.256943
39650.000000 -56.924709
39700.000000 -60.046780
39750.000000 -55.938633
39800.000000 -56.218697
39850.000000 -57.130653
39900.000000 -56.086697
39950.000000 -54.860218
40000.000000 -55.080971
