0.000000 -55.571274
50.000000 -55.454891
100.000000 -55.748501
150.000000 -55.195541
200.000000 -55.246162
250.000000 -53.944218
300.000000 -56.827492
350.000000 -55.409615
400.000000 -56.008583
450.000000 -54.203537
500.000000 -56.960968
550.000000 -55.332684
600.000000 -57.937160
650.000000 -58.777908
700.000000 -57.608780
750.000000 -59.469929
800.000000 -54.380150
850.000000 -54.737221
900.000000 -55.735836
950.000000 -55.329895
1000.000000 -54.708199
1050.000000 -58.334286
1100.000000 -55.858295
1150.000000 -54.467262
1200.000000 -55.933487
1250.000000 -55.007034
1300.000000 -55.239178
1350.000000 -56.319878
1400.000000 -55.671265
1450.000000 -55.245079
1500.000000 -55.549500
1550.000000 -54.983047
1600.000000 -55.087967
1650.000000 -56.089397
1700.000000 -54.913849
1750.000000 -57.788254
1800.000000 -56.356308
1850.000000 -55.601734
1900.000000 -56.590672
1950.000000 -54.653385
2000.000000 -55.601334
2050.000000 -57.147530
2100.000000 -55.788971
2150.000000 -59.443909
2200.000000 -60.076145
2250.000000 -60.526569
2300.000000 -56.290688
2350.000000 -58.349174
2400.000000 -58.816452
2450.000000 -59.412018
2500.000000 -58.898605
2550.000000 -56.805168
2600.000000 -55.723274
2650.000000 -58.335266
2700.000000 -56.591660
2750.000000 -55.557274
2800.000000 -56.633923
2850.000000 -60.197048
2900.000000 -56.907703
2950.000000 -57.613510
3000.000000 -60.421036
3050.000000 -59.298809
3100.000000 -59.242504
3150.000000 -58.537964
3200.000000 -60.197048
3250.000000 -57.247646
3300.000000 -61.400185
3350.000000 -58.888340
3400.000000 -60.506035
3450.000000 -59.898281
3500.000000 -56.841114
3550.000000 -58.318432
3600.000000 -59.283783
3650.000000 -55.914337
3700.000000 -56.500469
3750.000000 -56.054237
3800.000000 -57.439552
3850.000000 -58.909233
3900.000000 -55.255127
3950.000000 -57.387985
4000.000000 -56.700657
4050.000000 -56.558064
4100.000000 -56.955757
4150.000000 -54.211430
4200.000000 -55.260422
4250.000000 -56.041626
4300.000000 -54.406002
4350.000000 -55.402428
4400.000000 -54.045921
4450.000000 -55.220348
4500.000000 -55.783016
4550.000000 -53.956436
4600.000000 -53.959610
4650.000000 -54.951347
4700.000000 -56.048351
4750.000000 -55.828072
4800.000000 -54.734760
4850.000000 -55.425724
4900.000000 -57.353226
4950.000000 -57.324444
5000.000000 -55.248222
5050.000000 -56.428131
5100.000000 -57.586666
5150.000000 -56.024166
5200.000000 -56.029533
5250.000000 -57.740711
5300.000000 -55.418289
5350.000000 -57.964691
5400.000000 -55.923866
5450.000000 -56.427341
5500.000000 -56.194805
5550.000000 -58.977188
5600.000000 -59.727711
5650.000000 -58.489265
5700.000000 -53.963444
5750.000000 -58.987206
5800.000000 -54.966995
5850.000000 -54.832760
5900.000000 -60.207222
5950.000000 -60.950493
6000.000000 -57.762299
6050.000000 -54.646442
6100.000000 -58.609154
6150.000000 -55.607166
6200.000000 -56.266941
6250.000000 -56.200962
6300.000000 -57.746231
6350.000000 -56.669437
6400.000000 -54.755535
6450.000000 -57.126751
6500.000000 -54.187641
6550.000000 -57.662590
6600.000000 -58.466133
6650.000000 -56.828503
6700.000000 -57.545406
6750.000000 -57.832954
6800.000000 -56.572254
6850.000000 -57.849815
6900.000000 -57.417767
6950.000000 -56.124363
7000.000000 -57.600330
7050.000000 -55.431831
7100.000000 -55.402740
7150.000000 -55.934650
7200.000000 -55.439667
7250.000000 -55.468803
7300.000000 -55.625568
7350.000000 -55.854347
7400.000000 -58.309811
7450.000000 -56.046246
7500.000000 -56.445545
7550.000000 -55.541950
7600.000000 -55.980419
7650.000000 -58.521965
7700.000000 -56.299080
7750.000000 -56.858269
7800.000000 -53.959213
7850.000000 -55.166775
7900.000000 -57.605862
7950.000000 -57.115620
8000.000000 -56.084930
8050.000000 -56.003979
8100.000000 -56.412273
8150.000000 -55.919224
8200.000000 -57.050823
8250.000000 -55.283417
8300.000000 -56.606083
8350.000000 -56.533840
8400.000000 -55.907139
8450.000000 -59.221882
8500.000000 -59.542553
8550.000000 -59.579979
8600.000000 -59.167885
8650.000000 -62.106956
8700.000000 -57.610390
8750.000000 -60.980545
8800.000000 -58.621696
8850.000000 -59.752151
8900.000000 -57.501259
8950.000000 -56.116394
9000.000000 -55.284187
9050.000000 -59.380615
9100.000000 -55.351757
9150.000000 -55.505074
9200.000000 -54.450943
9250.000000 -55.053406
9300.000000 -56.659328
9350.000000 -56.875549
9400.000000 -55.680851
9450.000000 -54.624218
9500.000000 -54.214832
9550.000000 -54.704094
9600.000000 -56.588795
9650.000000 -55.740383
9700.000000 -55.717037
9750.000000 -56.060722
9800.000000 -55.614681
9850.000000 -55.770790
9900.000000 -56.326820
9950.000000 -55.058880
10000.000000 -54.052269
10050.000000 -55.589523
10100.000000 -55.068188
10150.000000 -54.986023
10200.000000 -57.540810
10250.000000 -55.749313
10300.000000 -56.541584
10350.000000 -53.968273
10400.000000 -54.767071
10450.000000 -53.970394
10500.000000 -53.973770
10550.000000 -58.271767
10600.000000 -56.439297
10650.000000 -53.933796
10700.000000 -54.931797
10750.000000 -56.189865
10800.000000 -53.962719
10850.000000 -53.967880
10900.000000 -57.453983
10950.000000 -54.601479
11000.000000 -53.931290
11050.000000 -55.134167
11100.000000 -54.134991
11150.000000 -56.504112
11200.000000 -55.065186
11250.000000 -56.825008
11300.000000 -55.940960
11350.000000 -56.417511
11400.000000 -55.229069
11450.000000 -57.430786
11500.000000 -55.918480
11550.000000 -55.931496
11600.000000 -56.807278
11650.000000 -55.376781
11700.000000 -57.993893
11750.000000 -54.912888
11800.000000 -55.315357
11850.000000 -58.839500
11900.000000 -55.684399
11950.000000 -58.875420
12000.000000 -55.355869
12050.000000 -53.962189
12100.000000 -56.393589
12150.000000 -53.949764
12200.000000 -56.089989
12250.000000 -54.553875
12300.000000 -54.443111
12350.000000 -53.935970
12400.000000 -53.990807
12450.000000 -56.778877
12500.000000 -53.966026
12550.000000 -53.973507
12600.000000 -56.564308
12650.000000 -54.433819
12700.000000 -54.819901
12750.000000 -57.105072
12800.000000 -53.959942
12850.000000 -53.937885
12900.000000 -55.870564
12950.000000 -59.420940
13000.000000 -54.605759
13050.000000 -54.290604
13100.000000 -54.852303
13150.000000 -55.304775
13200.000000 -60.500904
13250.000000 -54.175701
13300.000000 -53.974236
13350.000000 -54.089302
13400.000000 -55.967243
13450.000000 -54.408508
13500.000000 -54.253456
13550.000000 -55.141510
13600.000000 -59.395561
13650.000000 -54.995033
13700.000000 -54.216331
13750.000000 -54.954014
13800.000000 -58.648655
13850.000000 -58.760544
13900.000000 -54.031178
13950.000000 -53.968143
14000.000000 -55.748989
14050.000000 -56.695217
14100.000000 -54.877693
14150.000000 -53.954651
14200.000000 -53.885349
14250.000000 -53.949631
14300.000000 -54.881218
14350.000000 -58.681271
14400.000000 -58.635616
14450.000000 -55.468330
14500.000000 -53.975491
14550.000000 -53.968273
14600.000000 -53.972580
14650.000000 -54.707954
14700.000000 -55.837997
14750.000000 -60.388958
14800.000000 -64.979660
14850.000000 -59.117214
14900.000000 -55.267033
14950.000000 -53.959942
15000.000000 -53.966885
15050.000000 -54.318951
15100.000000 -55.318680
15150.000000 -55.805065
15200.000000 -54.529449
15250.000000 -53.973705
15300.000000 -53.963181
15350.000000 -53.973373
15400.000000 -54.212013
15450.000000 -56.637882
15500.000000 -57.863060
15550.000000 -59.498783
15600.000000 -58.361897
15650.000000 -56.347424
15700.000000 -54.586327
15750.000000 -54.256260
15800.000000 -55.007706
15850.000000 -56.022739
15900.000000 -57.640335
15950.000000 -56.412159
16000.000000 -55.542904
16050.000000 -54.549240
16100.000000 -54.559082
16150.000000 -54.707985
16200.000000 -55.674000
16250.000000 -56.767269
16300.000000 -57.664207
16350.000000 -57.261948
16400.000000 -56.531620
16450.000000 -55.422668
16500.000000 -54.347111
16550.000000 -53.974300
16600.000000 -53.979401
16650.000000 -53.951084
16700.000000 -53.979401
16750.000000 -53.976948
16800.000000 -53.970722
16850.000000 -54.968853
16900.000000 -55.663700
16950.000000 -56.513767
17000.000000 -56.975178
17050.000000 -57.116665
17100.000000 -57.173431
17150.000000 -56.878136
17200.000000 -56.021564
17250.000000 -55.555210
17300.000000 -54.778099
17350.000000 -54.351883
17400.000000 -54.288956
17450.000000 -54.786022
17500.000000 -55.613243
17550.000000 -56.141857
17600.000000 -56.448803
17650.000000 -56.190441
17700.000000 -56.350906
17750.000000 -55.648106
17800.000000 -54.867481
17850.000000 -54.015457
17900.000000 -53.973904
17950.000000 -53.983643
18000.000000 -54.656754
18050.000000 -55.637993
18100.000000 -56.869175
18150.000000 -58.162796
18200.000000 -59.200703
18250.000000 -60.381203
18300.000000 -61.312645
18350.000000 -61.829834
18400.000000 -61.935020
18450.000000 -60.933933
18500.000000 -60.135445
18550.000000 -59.282558
18600.000000 -58.008736
18650.000000 -56.854763
18700.000000 -55.988014
18750.000000 -55.153793
18800.000000 -54.331429
18850.000000 -53.978806
18900.000000 -53.979401
18950.000000 -53.979401
19000.000000 -53.979401
19050.000000 -53.933796
19100.000000 -53.979401
19150.000000 -53.979401
19200.000000 -53.979401
19250.000000 -53.979401
19300.000000 -53.965431
19350.000000 -53.948444
19400.000000 -53.964966
19450.000000 -53.964306
19500.000000 -53.958023
19550.000000 -53.972313
19600.000000 -54.352295
19650.000000 -54.227573
19700.000000 -54.742428
19750.000000 -55.794605
19800.000000 -55.169132
19850.000000 -54.789875
19900.000000 -54.532413
19950.000000 -54.229824
20000.000000 -54.373283
20050.000000 -54.507519
20100.000000 -54.597351
20150.000000 -54.865353
20200.000000 -54.982750
20250.000000 -55.185562
20300.000000 -55.348110
20350.000000 -55.570477
20400.000000 -55.713398
20450.000000 -55.891678
20500.000000 -56.119106
20550.000000 -56.119022
20600.000000 -56.227448
20650.000000 -56.492500
20700.000000 -56.618824
20750.000000 -56.755856
20800.000000 -56.952564
20850.000000 -57.019733
20900.000000 -57.224216
20950.000000 -57.369362
21000.000000 -57.431660
21050.000000 -57.633167
21100.000000 -57.873741
21150.000000 -57.837708
21200.000000 -58.143936
21250.000000 -58.224480
21300.000000 -58.324005
21350.000000 -58.321602
21400.000000 -58.477360
21450.000000 -58.705219
21500.000000 -58.828606
21550.000000 -59.080055
21600.000000 -59.152843
21650.000000 -59.380737
21700.000000 -59.573414
21750.000000 -59.739277
21800.000000 -59.918217
21850.000000 -59.925568
21900.000000 -60.095016
21950.000000 -60.354652
22000.000000 -60.455326
22050.000000 -60.677425
22100.000000 -60.833862
22150.000000 -60.975651
22200.000000 -61.228729
22250.000000 -61.227352
22300.000000 -61.365685
22350.000000 -61.640804
22400.000000 -61.667259
22450.000000 -61.878071
22500.000000 -62.001350
22550.000000 -62.138264
22600.000000 -62.339260
22650.000000 -62.496304
22700.000000 -62.618347
22750.000000 -62.834396
22800.000000 -62.853336
22850.000000 -63.259369
22900.000000 -63.321507
22950.000000 -63.499523
23000.000000 -63.829735
23050.000000 -63.841690
23100.000000 -64.155869
23150.000000 -64.258049
23200.000000 -64.443741
23250.000000 -64.601906
23300.000000 -64.770348
23350.000000 -65.328217
23400.000000 -65.299377
23450.000000 -65.416283
23500.000000 -65.662041
23550.000000 -65.694405
23600.000000 -65.859352
23650.000000 -66.394882
23700.000000 -66.282967
23750.000000 -66.584854
23800.000000 -66.632790
23850.000000 -66.664986
23900.000000 -66.654144
23950.000000 -66.916977
24000.000000 -66.840324
24050.000000 -66.892036
24100.000000 -67.133911
24150.000000 -67.286201
24200.000000 -67.310150
24250.000000 -67.506386
24300.000000 -67.563499
24350.000000 -67.623222
24400.000000 -67.818588
24450.000000 -68.236687
24500.000000 -67.759773
24550.000000 -68.051208
24600.000000 -68.092827
24650.000000 -68.242165
24700.000000 -68.366287
24750.000000 -67.963905
24800.000000 -68.053215
24850.000000 -68.471794
24900.000000 -68.673058
24950.000000 -68.729721
25000.000000 -68.843063
25050.000000 -68.799522
25100.000000 -69.124550
25150.000000 -69.638519
25200.000000 -70.044670
25250.000000 -70.816002
25300.000000 -70.786591
25350.000000 -71.096252
25400.000000 -70.937943
25450.000000 -71.084854
25500.000000 -71.201500
25550.000000 -71.463875
25600.000000 -71.358856
25650.000000 -72.018967
25700.000000 -72.493362
25750.000000 -72.760422
25800.000000 -72.681305
25850.000000 -72.657944
25900.000000 -72.745461
25950.000000 -72.839104
26000.000000 -72.914398
26050.000000 -73.057426
26100.000000 -73.538948
26150.000000 -73.523209
26200.000000 -73.372986
26250.000000 -74.085548
26300.000000 -73.854530
26350.000000 -73.874802
26400.000000 -73.791397
26450.000000 -74.020721
26500.000000 -74.250793
26550.000000 -74.129936
26600.000000 -74.588890
26650.000000 -74.454865
26700.000000 -74.471680
26750.000000 -74.671738
26800.000000 -75.264191
26850.000000 -74.385841
26900.000000 -74.618797
26950.000000 -75.215157
27000.000000 -75.594627
27050.000000 -75.556404
27100.000000 -76.637253
27150.000000 -76.961815
27200.000000 -77.158325
27250.000000 -77.240891
27300.000000 -77.560242
27350.000000 -77.305771
27400.000000 -77.637611
27450.000000 -78.531250
27500.000000 -78.770668
27550.000000 -79.999474
27600.000000 -80.102127
27650.000000 -80.357979
27700.000000 -79.472427
27750.000000 -79.830177
27800.000000 -80.188377
27850.000000 -80.366264
27900.000000 -80.974617
27950.000000 -80.708862
28000.000000 -81.482956
28050.000000 -80.700241
28100.000000 -80.928772
28150.000000 -81.116631
28200.000000 -81.353447
28250.000000 -81.406296
28300.000000 -82.500900
28350.000000 -82.462105
28400.000000 -82.650665
28450.000000 -82.341522
28500.000000 -84.078171
28550.000000 -83.763870
28600.000000 -85.052872
28650.000000 -85.203560
28700.000000 -84.225662
28750.000000 -85.141052
28800.000000 -84.331947
28850.000000 -87.001160
28900.000000 -58.022343
28950.000000 -55.068642
29000.000000 -53.953861
29050.000000 -54.776066
29100.000000 -56.189590
29150.000000 -54.141270
29200.000000 -53.924175
29250.000000 -55.001366
29300.000000 -53.949963
29350.000000 -53.965961
29400.000000 -56.680920
29450.000000 -59.384441
29500.000000 -59.696167
29550.000000 -59.484783
29600.000000 -60.930832
29650.000000 -56.639866
29700.000000 -57.702377
29750.000000 -57.868038
29800.000000 -58.315048
29850.000000 -56.889805
29900.000000 -57.364601
29950.000000 -56.487900
30000.000000 -54.845417
30050.000000 -57.399277
30100.000000 -55.332764
30150.000000 -56.469170
30200.000000 -55.187923
30250.000000 -55.494720
30300.000000 -59.321209
30350.000000 -56.284462
30400.000000 -55.551712
30450.000000 -57.595707
30500.000000 -56.091850
30550.000000 -56.623676
30600.000000 -58.327503
30650.000000 -56.828873
30700.000000 -60.260456
30750.000000 -57.493214
30800.000000 -60.241493
30850.000000 -57.918472
30900.000000 -57.597115
30950.000000 -59.219582
31000.000000 -57.862545
31050.000000 -55.973080
31100.000000 -57.375862
31150.000000 -56.198223
31200.000000 -56.686619
31250.000000 -57.050163
31300.000000 -55.314274
31350.000000 -55.028393
31400.000000 -55.580193
31450.000000 -55.789543
31500.000000 -54.786312
31550.000000 -55.371101
31600.000000 -55.593842
31650.000000 -58.550629
31700.000000 -56.764709
31750.000000 -55.264801
31800.000000 -56.442642
31850.000000 -59.666660
31900.000000 -60.280010
31950.000000 -54.337437
32000.000000 -58.316143
32050.000000 -58.763988
32100.000000 -57.677486
32150.000000 -57.076439
32200.000000 -55.323166
32250.000000 -56.102421
32300.000000 -54.556034
32350.000000 -55.198898
32400.000000 -55.633583
32450.000000 -55.520401
32500.000000 -55.723030
32550.000000 -55.017708
32600.000000 -56.553162
32650.000000 -54.095478
32700.000000 -54.169670
32750.000000 -55.824055
32800.000000 -54.924557
32850.000000 -55.979416
32900.000000 -57.396725
32950.000000 -54.765610
33000.000000 -58.055862
33050.000000 -55.349972
33100.000000 -58.192345
33150.000000 -55.095650
33200.000000 -57.463867
33250.000000 -57.815006
33300.000000 -56.885822
33350.000000 -61.545433
33400.000000 -55.544174
33450.000000 -56.678566
33500.000000 -57.649734
33550.000000 -58.417503
33600.000000 -59.485157
33650.000000 -56.198822
33700.000000 -58.533482
33750.000000 -56.600525
33800.000000 -56.894436
33850.000000 -53.929512
33900.000000 -53.962387
33950.000000 -55.600056
34000.000000 -55.555687
34050.000000 -57.927261
34100.000000 -54.920494
34150.000000 -54.781807
34200.000000 -57.130180
34250.000000 -56.237843
34300.000000 -56.517319
34350.000000 -58.083031
34400.000000 -57.146957
34450.000000 -59.833122
34500.000000 -58.054592
34550.000000 -56.690887
34600.000000 -56.663300
34650.000000 -57.029613
34700.000000 -56.845078
34750.000000 -57.303143
34800.000000 -57.083160
34850.000000 -54.699772
34900.000000 -56.551109
34950.000000 -56.723438
35000.000000 -57.758205
35050.000000 -55.255356
35100.000000 -55.360531
35150.000000 -56.187538
35200.000000 -57.906799
35250.000000 -58.997238
35300.000000 -55.188759
35350.000000 -57.679516
35400.000000 -56.344376
35450.000000 -55.431671
35500.000000 -57.537518
35550.000000 -55.905483
35600.000000 -55.690609
35650.000000 -54.707767
35700.000000 -55.399227
35750.000000 -56.115551
35800.000000 -55.502140
35850.000000 -55.526497
35900.000000 -57.043652
35950.000000 -55.156143
36000.000000 -54.744236
36050.000000 -55.347435
36100.000000 -55.277027
36150.000000 -54.078773
36200.000000 -56.317188
36250.000000 -55.128868
36300.000000 -58.117432
36350.000000 -56.477467
36400.000000 -57.364765
36450.000000 -56.968632
36500.000000 -54.985950
36550.000000 -55.343224
36600.000000 -58.079735
36650.000000 -56.733807
36700.000000 -56.351078
36750.000000 -57.529335
36800.000000 -59.362740
36850.000000 -55.972996
36900.000000 -57.904610
36950.000000 -58.149181
37000.000000 -59.737221
37050.000000 -58.845997
37100.000000 -57.897118
37150.000000 -57.771317
37200.000000 -60.467232
37250.000000 -57.876232
37300.000000 -57.354496
37350.000000 -57.352737
37400.000000 -59.026455
37450.000000 -59.526348
37500.000000 -58.868538
37550.000000 -55.673439
37600.000000 -56.417686
37650.000000 -56.713360
37700.000000 -60.570618
37750.000000 -54.685314
37800.000000 -56.016289
37850.000000 -57.002071
37900.000000 -55.905399
37950.000000 -55.562599
38000.000000 -56.774761
38050.000000 -56.848675
38100.000000 -55.517632
38150.000000 -54.959053
38200.000000 -56.133129
38250.000000 -54.957867
38300.000000 -54.880703
38350.000000 -55.514862
38400.000000 -55.437000
38450.000000 -55.718090
38500.000000 -55.887550
38550.000000 -56.261944
38600.000000 -54.326256
38650.000000 -55.332607
38700.000000 -55.401569
38750.000000 -55.980686
38800.000000 -54.472309
38850.000000 -57.384457
38900.000000 -55.238182
38950.000000 -54.949120
39000.000000 -56.813705
39050.000000 -55.933571
39100.000000 -55.873199
39150.000000 -56.425060
39200.000000 -57.612907
39250.000000 -56.269268
39300.000000 -56.714336
39350.000000 -55.119720
39400.000000 -56.741486
39450.000000 -55.562046
39500.000000 -56.845818
39550.000000 -58.203438
39600.000000 -61.413120
39650.000000 -60.413113
39700.000000 -55.933819
39750.000000 -55.817665
39800.000000 -56.567699
39850.000000 -58.611862
39900.000000 -57.132370
39950.000000 -56.423302
40000.000000 -59.310429
