0.000000 -76.032471
50.000000 -76.572701
100.000000 -76.714996
150.000000 -76.582535
200.000000 -75.938141
250.000000 -76.495338
300.000000 -76.809944
350.000000 -76.491798
400.000000 -75.351448
450.000000 -75.053177
500.000000 -75.321236
550.000000 -75.642647
600.000000 -60.121502
650.000000 -54.994511
700.000000 -53.958683
750.000000 -53.969398
800.000000 -56.143559
850.000000 -54.404541
900.000000 -55.019497
950.000000 -56.242657
1000.000000 -58.181477
1050.000000 -57.539116
1100.000000 -57.827381
1150.000000 -56.344292
1200.000000 -54.914734
1250.000000 -56.723534
1300.000000 -56.603302
1350.000000 -54.882393
1400.000000 -55.036324
1450.000000 -55.072624
1500.000000 -57.124657
1550.000000 -59.791008
1600.000000 -54.465580
1650.000000 -59.133869
1700.000000 -55.823975
1750.000000 -57.820366
1800.000000 -60.315121
1850.000000 -59.222973
1900.000000 -57.033474
1950.000000 -58.330128
2000.000000 -57.780243
2050.000000 -56.340115
2100.000000 -54.716709
2150.000000 -54.716709
2200.000000 -54.590023
2250.000000 -57.253151
2300.000000 -54.185398
2350.000000 -55.350826
2400.000000 -57.735092
2450.000000 -53.960865
2500.000000 -54.132294
2550.000000 -55.489201
2600.000000 -54.691208
2650.000000 -58.068909
2700.000000 -57.280144
2750.000000 -56.093880
2800.000000 -57.625141
2850.000000 -55.836849
2900.000000 -59.190674
2950.000000 -56.377243
3000.000000 -53.945671
3050.000000 -55.289822
3100.000000 -55.914253
3150.000000 -55.732838
3200.000000 -55.401726
3250.000000 -58.225559
3300.000000 -59.848644
3350.000000 -59.107159
3400.000000 -60.628986
3450.000000 -57.359482
3500.000000 -53.971916
3550.000000 -53.947784
3600.000000 -55.884251
3650.000000 -59.290863
3700.000000 -57.617439
3750.000000 -54.979107
3800.000000 -54.733173
3850.000000 -55.241627
3900.000000 -55.273029
3950.000000 -54.831371
4000.000000 -57.026600
4050.000000 -54.731583
4100.000000 -55.098217
4150.000000 -55.421886
4200.000000 -54.805531
4250.000000 -55.898880
4300.000000 -59.048874
4350.000000 -54.470135
4400.000000 -55.645699
4450.000000 -56.684444
4500.000000 -54.947788
4550.000000 -57.073315
4600.000000 -55.014572
4650.000000 -56.854023
4700.000000 -55.699734
4750.000000 -57.921810
4800.000000 -54.438988
4850.000000 -55.098476
4900.000000 -58.784935
4950.000000 -54.530933
5000.000000 -58.166870
5050.000000 -57.343067
5100.000000 -55.639759
5150.000000 -57.188282
5200.000000 -53.975956
5250.000000 -56.032051
5300.000000 -56.285076
5350.000000 -53.934784
5400.000000 -54.087357
5450.000000 -56.608414
5500.000000 -54.747059
5550.000000 -57.147530
5600.000000 -55.571194
5650.000000 -54.653313
5700.000000 -58.786438
5750.000000 -57.148296
5800.000000 -53.963245
5850.000000 -53.935905
5900.000000 -56.819218
5950.000000 -59.152000
6000.000000 -59.485157
6050.000000 -60.270157
6100.000000 -57.156796
6150.000000 -56.915318
6200.000000 -56.324997
6250.000000 -57.918682
6300.000000 -60.445000
6350.000000 -60.342926
6400.000000 -57.457741
6450.000000 -57.341408
6500.000000 -59.359661
6550.000000 -60.397141
6600.000000 -60.251995
6650.000000 -57.656311
6700.000000 -56.133106
6750.000000 -54.532131
6800.000000 -54.500698
6850.000000 -54.421818
6900.000000 -56.418125
6950.000000 -58.266388
7000.000000 -55.797054
7050.000000 -54.831661
7100.000000 -56.802784
7150.000000 -56.478001
7200.000000 -56.256252
7250.000000 -55.560059
7300.000000 -56.539536
7350.000000 -56.004230
7400.000000 -57.759327
7450.000000 -55.640640
7500.000000 -59.190914
7550.000000 -59.147316
7600.000000 -55.184647
7650.000000 -57.319672
7700.000000 -54.026314
7750.000000 -54.942009
7800.000000 -58.497513
7850.000000 -56.389042
7900.000000 -53.962055
7950.000000 -58.416618
8000.000000 -54.453957
8050.000000 -54.436054
8100.000000 -58.648426
8150.000000 -56.319267
8200.000000 -54.749886
8250.000000 -54.892990
8300.000000 -56.939884
8350.000000 -55.564194
8400.000000 -54.445770
8450.000000 -54.521614
8500.000000 -57.668472
8550.000000 -60.749218
8600.000000 -57.107731
8650.000000 -54.009605
8700.000000 -54.943638
8750.000000 -56.189674
8800.000000 -57.070099
8850.000000 -56.355087
8900.000000 -59.371368
8950.000000 -54.147686
9000.000000 -55.597980
9050.000000 -55.747528
9100.000000 -55.083527
9150.000000 -57.312862
9200.000000 -57.307514
9250.000000 -55.892754
9300.000000 -53.916214
9350.000000 -54.662128
9400.000000 -56.481621
9450.000000 -57.137325
9500.000000 -56.569843
9550.000000 -56.544609
9600.000000 -56.979488
9650.000000 -56.511993
9700.000000 -56.984070
9750.000000 -56.286625
9800.000000 -53.932480
9850.000000 -53.934456
9900.000000 -54.625858
9950.000000 -58.558262
10000.000000 -60.004906
10050.000000 -56.838444
10100.000000 -54.550373
10150.000000 -54.710289
10200.000000 -59.615490
10250.000000 -59.293308
10300.000000 -54.015392
10350.000000 -54.165337
10400.000000 -61.094204
10450.000000 -55.432613
10500.000000 -54.714474
10550.000000 -54.348839
10600.000000 -58.865860
10650.000000 -56.171574
10700.000000 -56.277122
10750.000000 -56.451809
10800.000000 -59.691307
10850.000000 -55.855415
10900.000000 -56.400505
10950.000000 -55.292202
11000.000000 -56.050453
11050.000000 -56.634373
11100.000000 -58.282143
11150.000000 -54.353817
11200.000000 -58.246220
11250.000000 -58.864231
11300.000000 -60.585949
11350.000000 -58.105064
11400.000000 -57.313740
11450.000000 -57.701256
11500.000000 -59.311897
11550.000000 -58.349064
11600.000000 -58.333298
11650.000000 -56.368862
11700.000000 -56.231915
11750.000000 -55.837341
11800.000000 -56.181129
11850.000000 -59.291355
11900.000000 -56.098274
11950.000000 -55.076607
12000.000000 -53.971649
12050.000000 -53.968739
12100.000000 -59.761524
12150.000000 -54.896820
12200.000000 -57.391125
12250.000000 -57.241760
12300.000000 -57.436394
12350.000000 -56.984352
12400.000000 -54.927956
12450.000000 -54.295620
12500.000000 -55.034977
12550.000000 -57.629837
12600.000000 -59.215340
12650.000000 -55.626633
12700.000000 -53.949368
12750.000000 -54.981262
12800.000000 -58.426899
12850.000000 -57.496689
12900.000000 -56.055920
12950.000000 -55.272644
13000.000000 -55.043060
13050.000000 -56.810215
13100.000000 -54.568081
13150.000000 -55.526733
13200.000000 -55.579395
13250.000000 -55.586090
13300.000000 -57.179276
13350.000000 -54.696102
13400.000000 -53.973175
13450.000000 -56.873512
13500.000000 -56.014610
13550.000000 -55.935642
13600.000000 -55.495827
13650.000000 -55.575020
13700.000000 -54.401966
13750.000000 -58.445827
13800.000000 -59.086971
13850.000000 -57.513794
13900.000000 -58.835094
13950.000000 -54.344967
14000.000000 -57.080982
14050.000000 -59.756271
14100.000000 -55.223412
14150.000000 -54.970409
14200.000000 -56.011345
14250.000000 -55.914005
14300.000000 -59.392715
14350.000000 -58.314285
14400.000000 -55.583778
14450.000000 -54.954681
14500.000000 -53.973705
14550.000000 -57.072273
14600.000000 -58.049614
14650.000000 -57.762501
14700.000000 -53.943756
14750.000000 -53.955379
14800.000000 -54.744381
14850.000000 -56.453911
14900.000000 -58.535389
14950.000000 -57.429886
15000.000000 -54.711010
15050.000000 -57.116951
15100.000000 -56.203873
15150.000000 -56.385193
15200.000000 -58.037342
15250.000000 -56.349339
15300.000000 -56.177288
15350.000000 -56.449684
15400.000000 -56.683090
15450.000000 -57.248997
15500.000000 -56.881931
15550.000000 -53.925426
15600.000000 -57.424068
15650.000000 -56.414001
15700.000000 -56.275742
15750.000000 -60.714470
15800.000000 -56.293541
15850.000000 -54.862083
15900.000000 -53.935116
15950.000000 -58.899075
16000.000000 -54.979553
16050.000000 -57.731327
16100.000000 -54.787621
16150.000000 -54.698479
16200.000000 -59.074932
16250.000000 -57.754822
16300.000000 -55.966827
16350.000000 -54.555965
16400.000000 -55.276875
16450.000000 -58.800045
16500.000000 -58.433647
16550.000000 -56.025589
16600.000000 -54.703876
16650.000000 -54.150185
16700.000000 -58.431988
16750.000000 -59.324150
16800.000000 -57.275883
16850.000000 -53.942833
16900.000000 -53.961525
16950.000000 -55.858295
17000.000000 -58.490044
17050.000000 -59.037361
17100.000000 -54.746696
17150.000000 -55.251827
17200.000000 -54.000896
17250.000000 -56.657166
17300.000000 -61.442486
17350.000000 -59.229275
17400.000000 -55.731945
17450.000000 -56.833195
17500.000000 -54.849075
17550.000000 -57.437084
17600.000000 -57.909924
17650.000000 -58.169231
17700.000000 -57.804604
17750.000000 -55.687057
17800.000000 -55.645294
17850.000000 -56.402431
17900.000000 -55.569839
17950.000000 -55.218975
18000.000000 -55.702724
18050.000000 -53.982323
18100.000000 -53.973309
18150.000000 -57.258076
18200.000000 -55.829304
18250.000000 -55.440845
18300.000000 -55.407269
18350.000000 -60.972240
18400.000000 -56.489582
18450.000000 -56.236465
18500.000000 -55.310024
18550.000000 -55.797626
18600.000000 -58.182018
18650.000000 -58.873428
18700.000000 -55.357578
18750.000000 -53.975361
18800.000000 -54.369606
18850.000000 -58.083672
18900.000000 -58.347095
18950.000000 -55.853855
19000.000000 -54.452274
19050.000000 -54.319843
19100.000000 -57.619453
19150.000000 -56.948551
19200.000000 -57.570721
19250.000000 -55.505623
19300.000000 -54.464390
19350.000000 -54.444160
19400.000000 -56.207043
19450.000000 -60.707565
19500.000000 -57.076344
19550.000000 -54.834732
19600.000000 -53.965958
19650.000000 -55.304466
19700.000000 -55.903580
19750.000000 -57.280243
19800.000000 -59.129551
19850.000000 -56.196430
19900.000000 -54.277222
19950.000000 -53.949696
20000.000000 -54.634430
20050.000000 -55.172173
20100.000000 -57.347271
20150.000000 -59.471176
20200.000000 -58.454475
20250.000000 -56.503662
20300.000000 -57.694138
20350.000000 -54.515480
20400.000000 -55.240479
20450.000000 -59.719364
20500.000000 -59.013073
20550.000000 -57.098045
20600.000000 -55.392673
20650.000000 -55.779018
20700.000000 -54.531498
20750.000000 -54.711807
20800.000000 -54.696533
20850.000000 -56.809666
20900.000000 -60.016983
20950.000000 -58.299465
21000.000000 -54.329361
21050.000000 -56.636082
21100.000000 -56.708096
21150.000000 -56.194633
21200.000000 -54.744308
21250.000000 -55.145073
21300.000000 -55.090000
21350.000000 -55.634945
21400.000000 -54.790020
21450.000000 -54.287514
21500.000000 -55.662331
21550.000000 -55.736893
21600.000000 -56.053059
21650.000000 -55.708462
21700.000000 -55.190285
21750.000000 -55.967987
21800.000000 -54.427746
21850.000000 -55.793381
21900.000000 -56.006069
21950.000000 -56.425499
22000.000000 -55.031609
22050.000000 -59.214855
22100.000000 -54.630070
22150.000000 -58.478024
22200.000000 -53.966621
22250.000000 -55.972328
22300.000000 -54.809322
22350.000000 -57.198257
22400.000000 -53.959873
22450.000000 -55.767799
22500.000000 -53.976223
22550.000000 -56.472347
22600.000000 -54.800941
22650.000000 -56.422951
22700.000000 -54.558800
22750.000000 -56.629875
22800.000000 -54.393970
22850.000000 -57.661480
22900.000000 -55.962666
22950.000000 -54.028046
23000.000000 -57.519775
23050.000000 -54.667648
23100.000000 -54.152550
23150.000000 -54.925591
23200.000000 -55.593670
23250.000000 -55.291660
23300.000000 -53.977413
23350.000000 -55.693760
23400.000000 -56.187195
23450.000000 -55.020767
23500.000000 -54.493519
23550.000000 -56.900742
23600.000000 -57.448246
23650.000000 -53.972313
23700.000000 -53.975426
23750.000000 -55.153263
23800.000000 -53.966423
23850.000000 -55.640720
23900.000000 -58.219837
23950.000000 -54.191780
24000.000000 -53.936501
24050.000000 -55.242710
24100.000000 -58.363213
24150.000000 -55.051453
24200.000000 -56.191467
24250.000000 -58.554222
24300.000000 -54.608883
24350.000000 -55.978333
24400.000000 -57.034321
24450.000000 -53.973438
24500.000000 -53.977413
24550.000000 -55.529346
24600.000000 -54.538422
24650.000000 -54.935497
24700.000000 -56.398842
24750.000000 -55.600853
24800.000000 -53.936302
24850.000000 -53.977081
24900.000000 -54.327221
24950.000000 -55.022560
25000.000000 -55.779591
25050.000000 -55.780651
25100.000000 -53.893677
25150.000000 -53.953793
25200.000000 -56.232342
25250.000000 -55.152504
25300.000000 -53.974564
25350.000000 -53.975292
25400.000000 -54.645226
25450.000000 -59.688492
25500.000000 -57.954842
25550.000000 -54.167233
25600.000000 -53.916607
25650.000000 -53.968765
25700.000000 -54.815887
25750.000000 -54.928326
25800.000000 -53.960403
25850.000000 -53.925758
25900.000000 -56.356220
25950.000000 -63.999702
26000.000000 -58.617062
26050.000000 -54.314747
26100.000000 -53.959412
26150.000000 -54.879528
26200.000000 -56.799389
26250.000000 -55.776981
26300.000000 -53.973373
26350.000000 -54.316399
26400.000000 -56.204391
26450.000000 -58.745388
26500.000000 -56.263062
26550.000000 -55.456539
26600.000000 -54.871078
26650.000000 -57.891605
26700.000000 -61.210274
26750.000000 -57.665634
26800.000000 -54.746696
26850.000000 -54.764385
26900.000000 -54.835026
26950.000000 -54.877617
27000.000000 -54.467262
27050.000000 -54.967293
27100.000000 -56.748379
27150.000000 -61.270664
27200.000000 -65.576744
27250.000000 -58.591328
27300.000000 -55.043362
27350.000000 -54.311787
27400.000000 -53.972645
27450.000000 -53.957691
27500.000000 -53.968342
27550.000000 -54.610241
27600.000000 -57.930790
27650.000000 -63.255512
27700.000000 -60.974167
27750.000000 -57.421509
27800.000000 -54.606033
27850.000000 -53.968208
27900.000000 -53.962585
27950.000000 -53.930435
28000.000000 -53.953197
28050.000000 -54.982601
28100.000000 -56.998505
28150.000000 -60.215641
28200.000000 -58.796837
28250.000000 -55.450417
28300.000000 -53.990673
28350.000000 -53.966026
28400.000000 -53.939995
28450.000000 -53.917988
28500.000000 -53.979267
28550.000000 -54.647442
28600.000000 -56.247044
28650.000000 -57.259430
28700.000000 -56.838905
28750.000000 -55.343380
28800.000000 -53.975559
28850.000000 -53.979401
28900.000000 -53.925034
28950.000000 -53.954124
29000.000000 -53.977478
29050.000000 -54.286209
29100.000000 -55.527287
29150.000000 -55.615322
29200.000000 -54.866234
29250.000000 -54.048393
29300.000000 -53.959015
29350.000000 -53.934521
29400.000000 -53.933533
29450.000000 -53.971718
29500.000000 -53.975559
29550.000000 -54.272629
29600.000000 -55.054005
29650.000000 -54.967888
29700.000000 -54.016724
29750.000000 -54.001694
29800.000000 -53.970196
29850.000000 -53.979401
29900.000000 -53.968143
29950.000000 -53.967216
30000.000000 -54.342133
30050.000000 -54.485859
30100.000000 -54.335709
30150.000000 -54.590378
30200.000000 -55.937637
30250.000000 -53.954388
30300.000000 -53.974960
30350.000000 -53.970329
30400.000000 -53.973770
30450.000000 -53.969334
30500.000000 -54.560516
30550.000000 -55.663700
30600.000000 -54.300224
30650.000000 -54.256123
30700.000000 -54.057350
30750.000000 -54.210884
30800.000000 -54.270573
30850.000000 -54.264816
30900.000000 -54.514423
30950.000000 -54.530014
31000.000000 -54.708706
31050.000000 -54.704239
31100.000000 -54.591942
31150.000000 -54.599625
31200.000000 -54.840294
31250.000000 -54.973011
31300.000000 -54.791840
31350.000000 -55.091507
31400.000000 -55.032433
31450.000000 -55.570316
31500.000000 -55.485653
31550.000000 -55.544807
31600.000000 -55.966080
31650.000000 -56.094723
31700.000000 -56.241795
31750.000000 -56.317619
31800.000000 -56.590225
31850.000000 -56.470314
31900.000000 -56.541050
31950.000000 -56.730896
32000.000000 -56.613258
32050.000000 -56.753395
32100.000000 -56.913555
32150.000000 -56.795906
32200.000000 -56.798656
32250.000000 -56.966576
32300.000000 -57.222870
32350.000000 -57.104595
32400.000000 -57.257015
32450.000000 -57.441822
32500.000000 -57.501358
32550.000000 -57.685303
32600.000000 -57.510208
32650.000000 -57.477039
32700.000000 -57.793495
32750.000000 -57.933609
32800.000000 -58.034805
32850.000000 -58.133347
32900.000000 -58.303375
32950.000000 -58.278339
33000.000000 -58.154110
33050.000000 -58.424576
33100.000000 -58.603508
33150.000000 -59.086498
33200.000000 -59.071236
33250.000000 -59.270611
33300.000000 -59.295383
33350.000000 -59.539661
33400.000000 -59.741852
33450.000000 -59.940956
33500.000000 -60.127640
33550.000000 -60.202065
33600.000000 -60.142849
33650.000000 -60.061718
33700.000000 -60.484146
33750.000000 -60.329426
33800.000000 -60.477703
33850.000000 -60.642960
33900.000000 -60.547153
33950.000000 -60.520939
34000.000000 -60.814915
34050.000000 -61.054153
34100.000000 -61.106083
34150.000000 -61.346626
34200.000000 -61.576046
34250.000000 -61.213169
34300.000000 -61.427010
34350.000000 -61.497746
34400.000000 -61.602783
34450.000000 -61.804184
34500.000000 -61.745819
34550.000000 -62.060795
34600.000000 -62.455589
34650.000000 -62.310509
34700.000000 -62.481297
34750.000000 -62.323139
34800.000000 -62.359760
34850.000000 -62.535786
34900.000000 -62.217113
34950.000000 -62.380478
35000.000000 -62.391117
35050.000000 -62.383442
35100.000000 -62.480240
35150.000000 -62.252598
35200.000000 -62.035294
35250.000000 -62.324181
35300.000000 -62.222759
35350.000000 -62.276680
35400.000000 -62.385361
35450.000000 -62.455765
35500.000000 -62.845058
35550.000000 -62.727787
35600.000000 -62.791889
35650.000000 -63.006729
35700.000000 -63.347382
35750.000000 -63.178730
35800.000000 -63.111530
35850.000000 -63.149540
35900.000000 -63.253197
35950.000000 -63.322475
36000.000000 -63.575802
36050.000000 -63.670742
36100.000000 -63.739368
36150.000000 -63.811214
36200.000000 -64.048325
36250.000000 -64.670387
36300.000000 -64.951492
36350.000000 -65.237640
36400.000000 -65.034149
36450.000000 -65.334091
36500.000000 -65.961952
36550.000000 -65.628021
36600.000000 -65.878365
36650.000000 -66.153351
36700.000000 -66.349884
36750.000000 -66.498726
36800.000000 -66.689285
36850.000000 -67.058311
36900.000000 -67.286507
36950.000000 -67.268127
37000.000000 -67.640137
37050.000000 -68.242165
37100.000000 -68.527504
37150.000000 -68.176003
37200.000000 -67.581886
37250.000000 -67.475304
37300.000000 -67.698143
37350.000000 -67.407249
37400.000000 -68.222328
37450.000000 -68.047523
37500.000000 -68.465118
37550.000000 -68.803535
37600.000000 -69.741241
37650.000000 -69.717262
37700.000000 -69.759972
37750.000000 -69.404892
37800.000000 -70.405510
37850.000000 -70.891884
37900.000000 -70.380959
37950.000000 -70.693031
38000.000000 -70.527130
38050.000000 -70.733070
38100.000000 -70.843208
38150.000000 -70.887199
38200.000000 -70.874672
38250.000000 -71.563156
38300.000000 -71.218842
38350.000000 -71.039856
38400.000000 -71.262352
38450.000000 -71.449501
38500.000000 -72.366913
38550.000000 -72.360855
38600.000000 -72.739716
38650.000000 -73.179253
38700.000000 -73.477432
38750.000000 -72.882797
38800.000000 -72.781181
38850.000000 -72.714470
38900.000000 -72.954353
38950.000000 -73.008698
39000.000000 -72.326820
39050.000000 -72.669334
39100.000000 -74.068123
39150.000000 -74.378906
39200.000000 -74.494858
39250.000000 -74.990417
39300.000000 -74.942902
39350.000000 -75.785057
39400.000000 -76.582535
39450.000000 -77.174583
39500.000000 -76.852287
39550.000000 -76.359184
39600.000000 -77.552208
39650.000000 -77.784248
39700.000000 -76.553963
39750.000000 -75.825127
39800.000000 -76.712273
39850.000000 -77.732033
39900.000000 -77.400558
39950.000000 -76.459999
40000.000000 -76.043396
