0.000000 -87.374054
50.000000 -88.315399
100.000000 -87.861412
150.000000 -83.119888
200.000000 -82.837891
250.000000 -81.386032
300.000000 -81.830986
350.000000 -82.573677
400.000000 -82.609398
450.000000 -80.492989
500.000000 -81.557167
550.000000 -62.269814
600.000000 -53.973637
650.000000 -54.897335
700.000000 -55.360378
750.000000 -59.236919
800.000000 -56.140583
850.000000 -54.428864
900.000000 -55.377640
950.000000 -56.363453
1000.000000 -57.115429
1050.000000 -56.598106
1100.000000 -55.297905
1150.000000 -56.288265
1200.000000 -57.196339
1250.000000 -54.448845
1300.000000 -54.119892
1350.000000 -57.745720
1400.000000 -54.251472
1450.000000 -55.320843
1500.000000 -54.868729
1550.000000 -55.231682
1600.000000 -55.317982
1650.000000 -60.291515
1700.000000 -58.279968
1750.000000 -58.923164
1800.000000 -60.315121
1850.000000 -59.222973
1900.000000 -57.033474
1950.000000 -58.330128
2000.000000 -57.780243
2050.000000 -56.340115
2100.000000 -54.716709
2150.000000 -54.716709
2200.000000 -54.590023
2250.000000 -57.253151
2300.000000 -54.185398
2350.000000 -55.350826
2400.000000 -57.735092
2450.000000 -53.960865
2500.000000 -54.132294
2550.000000 -55.489201
2600.000000 -54.691208
2650.000000 -58.068909
2700.000000 -57.280144
2750.000000 -56.093880
2800.000000 -57.625141
2850.000000 -55.836849
2900.000000 -59.190674
2950.000000 -56.377243
3000.000000 -53.945671
3050.000000 -55.289822
3100.000000 -55.914253
3150.000000 -55.732838
3200.000000 -55.401726
3250.000000 -56.922943
3300.000000 -55.182442
3350.000000 -59.500530
3400.000000 -59.141907
3450.000000 -54.071602
3500.000000 -53.936565
3550.000000 -53.955841
3600.000000 -54.289642
3650.000000 -55.807274
3700.000000 -57.322693
3750.000000 -55.944283
3800.000000 -56.831722
3850.000000 -56.980892
3900.000000 -58.324005
3950.000000 -57.312763
4000.000000 -57.353909
4050.000000 -58.842167
4100.000000 -55.022488
4150.000000 -56.960503
4200.000000 -57.190006
4250.000000 -58.148540
4300.000000 -56.481445
4350.000000 -55.829628
4400.000000 -55.799919
4450.000000 -54.942600
4500.000000 -60.972240
4550.000000 -53.970657
4600.000000 -55.062634
4650.000000 -59.497906
4700.000000 -55.864136
4750.000000 -53.978340
4800.000000 -54.424400
4850.000000 -55.039410
4900.000000 -56.545410
4950.000000 -57.830891
5000.000000 -55.546791
5050.000000 -56.573147
5100.000000 -57.692513
5150.000000 -55.029438
5200.000000 -54.275574
5250.000000 -55.831120
5300.000000 -54.896965
5350.000000 -55.161457
5400.000000 -57.898911
5450.000000 -59.355228
5500.000000 -59.038666
5550.000000 -56.047340
5600.000000 -54.433121
5650.000000 -53.955975
5700.000000 -53.928589
5750.000000 -54.431725
5800.000000 -54.586540
5850.000000 -57.697289
5900.000000 -55.825283
5950.000000 -54.870125
6000.000000 -53.966026
6050.000000 -56.899551
6100.000000 -55.203167
6150.000000 -56.925079
6200.000000 -57.496887
6250.000000 -56.146534
6300.000000 -59.258797
6350.000000 -57.765678
6400.000000 -55.314274
6450.000000 -55.954758
6500.000000 -55.435982
6550.000000 -55.144844
6600.000000 -56.983883
6650.000000 -56.447041
6700.000000 -54.888206
6750.000000 -57.052616
6800.000000 -57.670490
6850.000000 -54.796352
6900.000000 -54.419308
6950.000000 -59.157192
7000.000000 -57.621670
7050.000000 -54.707695
7100.000000 -53.932014
7150.000000 -54.661266
7200.000000 -57.232407
7250.000000 -55.348885
7300.000000 -54.226078
7350.000000 -54.218304
7400.000000 -57.511005
7450.000000 -55.173462
7500.000000 -55.655254
7550.000000 -57.398396
7600.000000 -59.142628
7650.000000 -59.499157
7700.000000 -60.677853
7750.000000 -58.756176
7800.000000 -61.669830
7850.000000 -59.814976
7900.000000 -57.973503
7950.000000 -55.477772
8000.000000 -54.974422
8050.000000 -57.813461
8100.000000 -57.680225
8150.000000 -58.160114
8200.000000 -58.911343
8250.000000 -57.138031
8300.000000 -55.571911
8350.000000 -57.748993
8400.000000 -56.014946
8450.000000 -57.460300
8500.000000 -53.954983
8550.000000 -54.637287
8600.000000 -58.964119
8650.000000 -55.305470
8700.000000 -53.963974
8750.000000 -55.312286
8800.000000 -59.465694
8850.000000 -56.442642
8900.000000 -54.662342
8950.000000 -55.763302
9000.000000 -58.853077
9050.000000 -56.769283
9100.000000 -54.374462
9150.000000 -55.285110
9200.000000 -60.991085
9250.000000 -54.962765
9300.000000 -55.734215
9350.000000 -54.141132
9400.000000 -56.380039
9450.000000 -55.731380
9500.000000 -54.838169
9550.000000 -56.028191
9600.000000 -58.441284
9650.000000 -58.813103
9700.000000 -55.848919
9750.000000 -56.904545
9800.000000 -53.978008
9850.000000 -53.929382
9900.000000 -55.085934
9950.000000 -55.240860
10000.000000 -54.768879
10050.000000 -56.155552
10100.000000 -57.135036
10150.000000 -58.125332
10200.000000 -58.149830
10250.000000 -54.814137
10300.000000 -55.917816
10350.000000 -55.014942
10400.000000 -55.831108
10450.000000 -54.301739
10500.000000 -56.899353
10550.000000 -55.590000
10600.000000 -55.588245
10650.000000 -58.615593
10700.000000 -57.885162
10750.000000 -55.790520
10800.000000 -53.912399
10850.000000 -53.972580
10900.000000 -53.962322
10950.000000 -55.206371
11000.000000 -55.345936
11050.000000 -53.966621
11100.000000 -53.941643
11150.000000 -55.963245
11200.000000 -58.957657
11250.000000 -56.206787
11300.000000 -54.000500
11350.000000 -53.974102
11400.000000 -58.646385
11450.000000 -59.977764
11500.000000 -55.265186
11550.000000 -54.706184
11600.000000 -53.976089
11650.000000 -54.803638
11700.000000 -55.680851
11750.000000 -57.666435
11800.000000 -57.779533
11850.000000 -55.042786
11900.000000 -54.387161
11950.000000 -55.512966
12000.000000 -56.688789
12050.000000 -54.170822
12100.000000 -55.491013
12150.000000 -56.685894
12200.000000 -57.051956
12250.000000 -57.167885
12300.000000 -53.947121
12350.000000 -56.174644
12400.000000 -55.051754
12450.000000 -55.777798
12500.000000 -55.341671
12550.000000 -53.964371
12600.000000 -55.645374
12650.000000 -55.544346
12700.000000 -55.471870
12750.000000 -56.674591
12800.000000 -55.229244
12850.000000 -53.944351
12900.000000 -55.147499
12950.000000 -55.070744
13000.000000 -53.971321
13050.000000 -56.336029
13100.000000 -57.110485
13150.000000 -56.068638
13200.000000 -53.968540
13250.000000 -54.724648
13300.000000 -57.058281
13350.000000 -55.937721
13400.000000 -55.967827
13450.000000 -54.556602
13500.000000 -54.037647
13550.000000 -53.949631
13600.000000 -61.535149
13650.000000 -58.818768
13700.000000 -55.625809
13750.000000 -55.104622
13800.000000 -56.257030
13850.000000 -55.146816
13900.000000 -59.580231
13950.000000 -60.262829
14000.000000 -56.052807
14050.000000 -55.738594
14100.000000 -54.324051
14150.000000 -54.421886
14200.000000 -55.606766
14250.000000 -57.414322
14300.000000 -59.460350
14350.000000 -58.324005
14400.000000 -58.828026
14450.000000 -57.299835
14500.000000 -55.649311
14550.000000 -54.612591
14600.000000 -55.749557
14650.000000 -55.515495
14700.000000 -55.733513
14750.000000 -59.115055
14800.000000 -56.994942
14850.000000 -58.534870
14900.000000 -56.860485
14950.000000 -55.470924
15000.000000 -57.386318
15050.000000 -55.730972
15100.000000 -55.352764
15150.000000 -58.850407
15200.000000 -57.556103
15250.000000 -58.264015
15300.000000 -54.625500
15350.000000 -54.313164
15400.000000 -54.658184
15450.000000 -58.948486
15500.000000 -61.448437
15550.000000 -57.269588
15600.000000 -54.108921
15650.000000 -54.738739
15700.000000 -55.906143
15750.000000 -59.217522
15800.000000 -60.296310
15850.000000 -55.500244
15900.000000 -55.465969
15950.000000 -58.454365
16000.000000 -55.339813
16050.000000 -56.472080
16100.000000 -57.460007
16150.000000 -58.980602
16200.000000 -56.952286
16250.000000 -54.235214
16300.000000 -58.306538
16350.000000 -54.268856
16400.000000 -56.880634
16450.000000 -57.514889
16500.000000 -57.511208
16550.000000 -58.549843
16600.000000 -58.054276
16650.000000 -54.818516
16700.000000 -54.512733
16750.000000 -54.587963
16800.000000 -55.945114
16850.000000 -57.216034
16900.000000 -59.660027
16950.000000 -60.291103
17000.000000 -54.768879
17050.000000 -55.025105
17100.000000 -54.930470
17150.000000 -55.048306
17200.000000 -56.663300
17250.000000 -59.473671
17300.000000 -61.297859
17350.000000 -60.294804
17400.000000 -56.171146
17450.000000 -54.225666
17500.000000 -54.153973
17550.000000 -54.680668
17600.000000 -57.653175
17650.000000 -56.971436
17700.000000 -55.098740
17750.000000 -53.961132
17800.000000 -53.975361
17850.000000 -55.358276
17900.000000 -59.656208
17950.000000 -58.874355
18000.000000 -54.490002
18050.000000 -55.272797
18100.000000 -57.984112
18150.000000 -57.164154
18200.000000 -55.719387
18250.000000 -59.326481
18300.000000 -57.554504
18350.000000 -56.252464
18400.000000 -55.525547
18450.000000 -56.417950
18500.000000 -56.317978
18550.000000 -56.183182
18600.000000 -58.818073
18650.000000 -55.946609
18700.000000 -55.160015
18750.000000 -56.110630
18800.000000 -53.976620
18850.000000 -53.922729
18900.000000 -53.927799
18950.000000 -54.923077
19000.000000 -55.361542
19050.000000 -59.161865
19100.000000 -55.952759
19150.000000 -58.044216
19200.000000 -57.898918
19250.000000 -54.031845
19300.000000 -54.312817
19350.000000 -58.170521
19400.000000 -59.823673
19450.000000 -59.067188
19500.000000 -56.648418
19550.000000 -54.224983
19600.000000 -53.928131
19650.000000 -55.540047
19700.000000 -56.171658
19750.000000 -59.529987
19800.000000 -58.714928
19850.000000 -55.734299
19900.000000 -54.814426
19950.000000 -54.851421
20000.000000 -55.141968
20050.000000 -58.167194
20100.000000 -57.295563
20150.000000 -55.516525
20200.000000 -54.354233
20250.000000 -55.639759
20300.000000 -55.804409
20350.000000 -56.479767
20400.000000 -56.854301
20450.000000 -59.717953
20500.000000 -56.210381
20550.000000 -56.238445
20600.000000 -57.628426
20650.000000 -57.020203
20700.000000 -55.102436
20750.000000 -57.092545
20800.000000 -56.601688
20850.000000 -56.541584
20900.000000 -54.216534
20950.000000 -56.366329
21000.000000 -57.182434
21050.000000 -56.161854
21100.000000 -53.968342
21150.000000 -55.518898
21200.000000 -54.248192
21250.000000 -53.930172
21300.000000 -54.301464
21350.000000 -54.759159
21400.000000 -56.647068
21450.000000 -54.606960
21500.000000 -54.518581
21550.000000 -56.838535
21600.000000 -56.248848
21650.000000 -54.471825
21700.000000 -54.151875
21750.000000 -54.599483
21800.000000 -54.881954
21850.000000 -54.486561
21900.000000 -54.099712
21950.000000 -57.045727
22000.000000 -53.968475
22050.000000 -54.855087
22100.000000 -53.972977
22150.000000 -56.721806
22200.000000 -53.959080
22250.000000 -54.689266
22300.000000 -54.456894
22350.000000 -55.195236
22400.000000 -55.206142
22450.000000 -54.754303
22500.000000 -54.883423
22550.000000 -53.941643
22600.000000 -56.016621
22650.000000 -55.592392
22700.000000 -56.381084
22750.000000 -54.886883
22800.000000 -53.968208
22850.000000 -55.388622
22900.000000 -58.936283
22950.000000 -53.953396
23000.000000 -53.952869
23050.000000 -53.946068
23100.000000 -54.423840
23150.000000 -59.783649
23200.000000 -54.501465
23250.000000 -53.943623
23300.000000 -56.361885
23350.000000 -54.976429
23400.000000 -54.805096
23450.000000 -60.231422
23500.000000 -54.347939
23550.000000 -54.431866
23600.000000 -54.707478
23650.000000 -53.916214
23700.000000 -54.683876
23750.000000 -54.206596
23800.000000 -54.240746
23850.000000 -56.078590
23900.000000 -55.962749
23950.000000 -54.303459
24000.000000 -54.579224
24050.000000 -54.532841
24100.000000 -54.773888
24150.000000 -55.991856
24200.000000 -53.945473
24250.000000 -54.014397
24300.000000 -55.566895
24350.000000 -54.793587
24400.000000 -53.954784
24450.000000 -54.359146
24500.000000 -57.100132
24550.000000 -56.634315
24600.000000 -53.958683
24650.000000 -54.811001
24700.000000 -56.930477
24750.000000 -55.879051
24800.000000 -53.954388
24850.000000 -53.974766
24900.000000 -56.250141
24950.000000 -63.406433
25000.000000 -55.900436
25050.000000 -53.974037
25100.000000 -53.938675
25150.000000 -54.981636
25200.000000 -53.968872
25250.000000 -53.971455
25300.000000 -54.284492
25350.000000 -58.201084
25400.000000 -57.855396
25450.000000 -55.235271
25500.000000 -54.413315
25550.000000 -56.936901
25600.000000 -57.947617
25650.000000 -55.264111
25700.000000 -54.651524
25750.000000 -55.931580
25800.000000 -57.868038
25850.000000 -54.792713
25900.000000 -54.875484
25950.000000 -56.686897
26000.000000 -61.871166
26050.000000 -59.709747
26100.000000 -54.975315
26150.000000 -54.373142
26200.000000 -54.489651
26250.000000 -54.077564
26300.000000 -54.929729
26350.000000 -55.784893
26400.000000 -60.826874
26450.000000 -63.075764
26500.000000 -57.875618
26550.000000 -54.425026
26600.000000 -53.971455
26650.000000 -53.955513
26700.000000 -54.069393
26750.000000 -54.443462
26800.000000 -57.429295
26850.000000 -62.079132
26900.000000 -59.084347
26950.000000 -55.702000
27000.000000 -53.974960
27050.000000 -53.973240
27100.000000 -53.952076
27150.000000 -53.975426
27200.000000 -55.500324
27250.000000 -57.946571
27300.000000 -58.522408
27350.000000 -56.254791
27400.000000 -53.979004
27450.000000 -53.909637
27500.000000 -53.931622
27550.000000 -53.969467
27600.000000 -53.979069
27650.000000 -55.610683
27700.000000 -57.809750
27750.000000 -56.367550
27800.000000 -54.406979
27850.000000 -53.957230
27900.000000 -53.932278
27950.000000 -53.936764
28000.000000 -53.958485
28050.000000 -54.359699
28100.000000 -55.088120
28150.000000 -55.492512
28200.000000 -54.357761
28250.000000 -53.966225
28300.000000 -53.947517
28350.000000 -53.941051
28400.000000 -53.968475
28450.000000 -53.977348
28500.000000 -54.486069
28550.000000 -55.649551
28600.000000 -54.217896
28650.000000 -53.973309
28700.000000 -53.946728
28750.000000 -53.979401
28800.000000 -53.960865
28850.000000 -53.959278
28900.000000 -54.099377
28950.000000 -54.379940
29000.000000 -54.360741
29050.000000 -54.550232
29100.000000 -53.964436
29150.000000 -53.966354
29200.000000 -53.968407
29250.000000 -53.970592
29300.000000 -54.177872
29350.000000 -54.459766
29400.000000 -54.376335
29450.000000 -54.262627
29500.000000 -54.233715
29550.000000 -54.149982
29600.000000 -54.641075
29650.000000 -54.735485
29700.000000 -54.853401
29750.000000 -54.980072
29800.000000 -55.143482
29850.000000 -55.167992
29900.000000 -55.347179
29950.000000 -55.419697
30000.000000 -55.578121
30050.000000 -55.718658
30100.000000 -55.825859
30150.000000 -55.778774
30200.000000 -55.787746
30250.000000 -55.976830
30300.000000 -55.938549
30350.000000 -56.285152
30400.000000 -56.252895
30450.000000 -56.352562
30500.000000 -56.569397
30550.000000 -56.709728
30600.000000 -56.964893
30650.000000 -57.037617
30700.000000 -57.027920
30750.000000 -57.122086
30800.000000 -57.174294
30850.000000 -57.203926
30900.000000 -57.372593
30950.000000 -57.503742
31000.000000 -57.584259
31050.000000 -57.746231
31100.000000 -57.833988
31150.000000 -57.822636
31200.000000 -58.029945
31250.000000 -58.209904
31300.000000 -58.498962
31350.000000 -58.227505
31400.000000 -58.327721
31450.000000 -58.535835
31500.000000 -58.447376
31550.000000 -58.624413
31600.000000 -58.638111
31650.000000 -58.781021
31700.000000 -58.623508
31750.000000 -58.819923
31800.000000 -58.977188
31850.000000 -59.250648
31900.000000 -59.158497
31950.000000 -59.373581
32000.000000 -59.415859
32050.000000 -59.778595
32100.000000 -59.806938
32150.000000 -59.806938
32200.000000 -60.032799
32250.000000 -60.129925
32300.000000 -60.372482
32350.000000 -60.576283
32400.000000 -60.651386
32450.000000 -60.844223
32500.000000 -60.847878
32550.000000 -61.050415
32600.000000 -61.357933
32650.000000 -61.391312
32700.000000 -61.414989
32750.000000 -61.693153
32800.000000 -61.762035
32850.000000 -62.116592
32900.000000 -62.042168
32950.000000 -62.222759
33000.000000 -62.242985
33050.000000 -62.408066
33100.000000 -62.753407
33150.000000 -62.925980
33200.000000 -63.253006
33250.000000 -63.232407
33300.000000 -63.499920
33350.000000 -63.966755
33400.000000 -64.153305
33450.000000 -64.539093
33500.000000 -64.521683
33550.000000 -64.617004
33600.000000 -64.328667
33650.000000 -64.766220
33700.000000 -64.964394
33750.000000 -65.074226
33800.000000 -65.450966
33850.000000 -65.846870
33900.000000 -65.269424
33950.000000 -65.795578
34000.000000 -65.891418
34050.000000 -65.553101
34100.000000 -65.554359
34150.000000 -65.810059
34200.000000 -66.369736
34250.000000 -66.687576
34300.000000 -66.683563
34350.000000 -66.935516
34400.000000 -66.962357
34450.000000 -67.363205
34500.000000 -67.796448
34550.000000 -68.071991
34600.000000 -67.968544
34650.000000 -68.675575
34700.000000 -68.673058
34750.000000 -69.756706
34800.000000 -69.902603
34850.000000 -70.243240
34900.000000 -71.232841
34950.000000 -71.197166
35000.000000 -71.409973
35050.000000 -71.378479
35100.000000 -71.681366
35150.000000 -72.300018
35200.000000 -72.937286
35250.000000 -73.570496
35300.000000 -74.029381
35350.000000 -74.975540
35400.000000 -74.322189
35450.000000 -74.362267
35500.000000 -73.966957
35550.000000 -74.406700
35600.000000 -74.942902
35650.000000 -73.974899
35700.000000 -74.717072
35750.000000 -74.411575
35800.000000 -74.362961
35850.000000 -74.853035
35900.000000 -75.412193
35950.000000 -74.593155
36000.000000 -74.581070
36050.000000 -74.917763
36100.000000 -74.939941
36150.000000 -75.044937
36200.000000 -75.998123
36250.000000 -75.361542
36300.000000 -75.352997
36350.000000 -75.583488
36400.000000 -75.918236
36450.000000 -75.739494
36500.000000 -75.286499
36550.000000 -74.937721
36600.000000 -74.567589
36650.000000 -75.504921
36700.000000 -76.897591
36750.000000 -77.805840
36800.000000 -77.841949
36850.000000 -77.516281
36900.000000 -78.020554
36950.000000 -76.906868
37000.000000 -78.399078
37050.000000 -77.536224
37100.000000 -77.020866
37150.000000 -76.419533
37200.000000 -76.882767
37250.000000 -77.973190
37300.000000 -77.861610
37350.000000 -78.639359
37400.000000 -80.095421
37450.000000 -79.471176
37500.000000 -79.848389
37550.000000 -77.860603
37600.000000 -77.859543
37650.000000 -79.799034
37700.000000 -79.438820
37750.000000 -81.250290
37800.000000 -81.936348
37850.000000 -80.578979
37900.000000 -81.972870
37950.000000 -81.175613
38000.000000 -81.183205
38050.000000 -81.465683
38100.000000 -84.305794
38150.000000 -82.960022
38200.000000 -82.911705
38250.000000 -84.169792
38300.000000 -83.650146
38350.000000 -85.493034
38400.000000 -85.515511
38450.000000 -84.439545
38500.000000 -84.772881
38550.000000 -84.025337
38600.000000 -84.925758
38650.000000 -84.245087
38700.000000 -86.575531
38750.000000 -85.641472
38800.000000 -85.641472
38850.000000 -88.253479
38900.000000 -85.124298
38950.000000 -86.335869
39000.000000 -86.126755
39050.000000 -85.917320
39100.000000 -87.054733
39150.000000 -84.266716
39200.000000 -84.258057
39250.000000 -85.828712
39300.000000 -87.132713
39350.000000 -83.755699
39400.000000 -83.935219
39450.000000 -82.989891
39500.000000 -82.139114
39550.000000 -84.679253
39600.000000 -87.628662
39650.000000 -88.454597
39700.000000 -91.766747
39750.000000 -92.400566
39800.000000 -91.725754
39850.000000 -87.805893
39900.000000 -87.900826
39950.000000 -87.737793
40000.000000 -89.095055
