0.000000 -76.987068
50.000000 -78.836487
100.000000 -81.299400
150.000000 -80.958321
200.000000 -80.644394
250.000000 -80.405060
300.000000 -81.146828
350.000000 -81.098564
400.000000 -82.735596
450.000000 -62.065166
500.000000 -54.846806
550.000000 -56.597210
600.000000 -53.972908
650.000000 -54.300915
700.000000 -55.168587
750.000000 -54.729847
800.000000 -54.433331
850.000000 -56.098782
900.000000 -57.580544
950.000000 -53.959213
1000.000000 -56.142113
1050.000000 -55.293819
1100.000000 -54.095413
1150.000000 -56.117496
1200.000000 -55.227005
1250.000000 -56.005737
1300.000000 -58.054489
1350.000000 -56.847843
1400.000000 -57.248753
1450.000000 -54.023449
1500.000000 -57.096527
1550.000000 -55.665710
1600.000000 -56.485069
1650.000000 -54.533897
1700.000000 -54.599056
1750.000000 -61.535461
1800.000000 -55.039539
1850.000000 -57.419437
1900.000000 -53.975559
1950.000000 -53.955643
2000.000000 -54.017387
2050.000000 -53.977943
2100.000000 -56.406898
2150.000000 -55.328659
2200.000000 -54.999355
2250.000000 -58.443722
2300.000000 -53.941643
2350.000000 -53.955048
2400.000000 -55.773396
2450.000000 -58.822353
2500.000000 -57.234333
2550.000000 -56.643642
2600.000000 -54.725948
2650.000000 -53.952736
2700.000000 -54.784058
2750.000000 -55.449627
2800.000000 -53.963314
2850.000000 -56.719807
2900.000000 -53.967480
2950.000000 -57.709499
3000.000000 -54.213200
3050.000000 -57.638218
3100.000000 -57.173527
3150.000000 -57.837193
3200.000000 -56.297260
3250.000000 -57.188473
3300.000000 -56.643646
3350.000000 -55.444687
3400.000000 -59.857246
3450.000000 -53.950886
3500.000000 -53.970924
3550.000000 -57.618145
3600.000000 -60.499016
3650.000000 -57.235588
3700.000000 -56.332554
3750.000000 -55.999378
3800.000000 -61.124771
3850.000000 -60.995842
3900.000000 -55.552593
3950.000000 -53.976223
4000.000000 -53.951546
4050.000000 -55.846786
4100.000000 -62.049545
4150.000000 -59.059338
4200.000000 -55.160168
4250.000000 -56.491707
4300.000000 -59.846172
4350.000000 -57.793800
4400.000000 -55.819714
4450.000000 -54.980072
4500.000000 -54.833561
4550.000000 -58.179222
4600.000000 -54.790096
4650.000000 -56.299080
4700.000000 -55.430183
4750.000000 -54.197487
4800.000000 -58.591442
4850.000000 -56.431736
4900.000000 -53.956635
4950.000000 -54.034313
5000.000000 -54.981190
5050.000000 -55.552113
5100.000000 -55.535606
5150.000000 -56.773575
5200.000000 -54.365795
5250.000000 -53.957363
5300.000000 -55.065708
5350.000000 -54.529026
5400.000000 -55.403366
5450.000000 -55.825367
5500.000000 -58.738277
5550.000000 -62.330589
5600.000000 -60.690903
5650.000000 -58.179329
5700.000000 -58.874474
5750.000000 -55.687786
5800.000000 -55.958420
5850.000000 -54.494713
5900.000000 -53.959347
5950.000000 -53.902081
6000.000000 -56.020226
6050.000000 -56.293022
6100.000000 -53.935181
6150.000000 -56.744007
6200.000000 -58.748024
6250.000000 -56.980980
6300.000000 -54.771126
6350.000000 -54.943939
6400.000000 -63.409966
6450.000000 -54.735485
6500.000000 -55.010689
6550.000000 -55.991188
6600.000000 -61.753437
6650.000000 -54.281200
6700.000000 -54.363026
6750.000000 -54.122589
6800.000000 -55.472107
6850.000000 -55.176964
6900.000000 -56.152573
6950.000000 -55.962162
7000.000000 -56.044567
7050.000000 -58.185566
7100.000000 -57.645493
7150.000000 -54.894093
7200.000000 -55.842926
7250.000000 -56.206444
7300.000000 -53.929974
7350.000000 -54.593437
7400.000000 -55.439903
7450.000000 -54.894390
7500.000000 -56.661133
7550.000000 -58.889389
7600.000000 -60.740700
7650.000000 -58.662277
7700.000000 -55.399620
7750.000000 -55.768509
7800.000000 -55.802204
7850.000000 -55.806538
7900.000000 -56.549328
7950.000000 -53.972580
8000.000000 -53.977810
8050.000000 -55.286728
8100.000000 -55.363403
8150.000000 -54.258587
8200.000000 -53.948639
8250.000000 -55.491093
8300.000000 -56.074036
8350.000000 -57.314320
8400.000000 -53.959675
8450.000000 -53.950424
8500.000000 -54.059422
8550.000000 -56.614082
8600.000000 -58.718128
8650.000000 -57.311600
8700.000000 -55.773560
8750.000000 -58.024769
8800.000000 -57.242241
8850.000000 -57.346291
8900.000000 -54.998310
8950.000000 -55.545601
9000.000000 -59.400135
9050.000000 -54.930763
9100.000000 -55.773884
9150.000000 -55.290428
9200.000000 -54.854717
9250.000000 -55.585770
9300.000000 -53.944218
9350.000000 -53.971851
9400.000000 -55.947193
9450.000000 -57.443104
9500.000000 -56.416546
9550.000000 -55.341053
9600.000000 -53.949566
9650.000000 -53.976685
9700.000000 -56.017460
9750.000000 -59.079575
9800.000000 -54.880630
9850.000000 -56.228909
9900.000000 -56.740543
9950.000000 -55.121914
10000.000000 -56.939137
10050.000000 -58.120739
10100.000000 -56.595867
10150.000000 -54.180515
10200.000000 -54.525780
10250.000000 -54.534958
10300.000000 -57.657425
10350.000000 -60.768456
10400.000000 -57.793495
10450.000000 -61.670151
10500.000000 -58.568481
10550.000000 -57.476246
10600.000000 -55.711777
10650.000000 -55.550365
10700.000000 -54.263309
10750.000000 -54.122856
10800.000000 -53.963840
10850.000000 -53.947651
10900.000000 -54.585617
10950.000000 -55.556400
11000.000000 -58.237991
11050.000000 -59.173183
11100.000000 -59.641949
11150.000000 -57.160423
11200.000000 -55.389400
11250.000000 -56.342464
11300.000000 -54.304558
11350.000000 -55.891266
11400.000000 -60.214962
11450.000000 -56.871109
11500.000000 -55.400398
11550.000000 -53.929642
11600.000000 -56.311649
11650.000000 -58.126827
11700.000000 -55.805309
11750.000000 -53.977348
11800.000000 -55.056477
11850.000000 -55.879711
11900.000000 -54.163914
11950.000000 -55.189980
12000.000000 -57.075207
12050.000000 -56.687073
12100.000000 -57.091881
12150.000000 -56.834301
12200.000000 -56.787846
12250.000000 -55.344231
12300.000000 -54.738522
12350.000000 -53.946461
12400.000000 -54.409138
12450.000000 -53.971916
12500.000000 -54.669945
12550.000000 -57.151253
12600.000000 -59.135548
12650.000000 -60.056778
12700.000000 -60.877445
12750.000000 -57.955364
12800.000000 -56.170635
12850.000000 -54.002426
12900.000000 -53.922729
12950.000000 -55.132652
13000.000000 -57.800694
13050.000000 -61.725910
13100.000000 -60.316219
13150.000000 -56.994755
13200.000000 -55.647945
13250.000000 -54.241562
13300.000000 -53.917595
13350.000000 -55.815945
13400.000000 -56.950794
13450.000000 -55.017033
13500.000000 -56.470757
13550.000000 -57.126369
13600.000000 -56.628616
13650.000000 -56.978920
13700.000000 -56.664291
13750.000000 -56.002975
13800.000000 -55.271259
13850.000000 -55.109451
13900.000000 -53.951679
13950.000000 -53.931095
14000.000000 -56.749748
14050.000000 -54.525707
14100.000000 -54.590450
14150.000000 -55.116474
14200.000000 -56.926010
14250.000000 -57.964691
14300.000000 -60.755577
14350.000000 -55.711212
14400.000000 -56.187279
14450.000000 -56.019974
14500.000000 -54.418472
14550.000000 -53.960865
14600.000000 -54.291981
14650.000000 -57.346291
14700.000000 -59.129192
14750.000000 -59.305408
14800.000000 -56.737175
14850.000000 -55.022938
14900.000000 -55.113678
14950.000000 -55.045082
15000.000000 -56.066868
15050.000000 -58.512798
15100.000000 -56.787205
15150.000000 -58.307529
15200.000000 -56.559490
15250.000000 -56.001637
15300.000000 -54.880852
15350.000000 -53.950161
15400.000000 -53.965496
15450.000000 -55.504192
15500.000000 -53.924637
15550.000000 -54.140659
15600.000000 -55.916325
15650.000000 -56.725075
15700.000000 -57.602543
15750.000000 -58.932297
15800.000000 -59.880222
15850.000000 -58.235180
15900.000000 -55.850811
15950.000000 -56.122581
16000.000000 -54.852375
16050.000000 -55.238106
16100.000000 -53.964569
16150.000000 -53.951347
16200.000000 -54.867554
16250.000000 -56.206200
16300.000000 -56.765533
16350.000000 -59.279022
16400.000000 -57.081833
16450.000000 -57.511600
16500.000000 -53.965363
16550.000000 -54.452415
16600.000000 -54.243954
16650.000000 -56.723713
16700.000000 -57.776043
16750.000000 -63.798893
16800.000000 -58.708412
16850.000000 -58.419048
16900.000000 -55.189445
16950.000000 -55.377953
17000.000000 -54.263721
17050.000000 -53.972710
17100.000000 -53.961330
17150.000000 -54.582561
17200.000000 -56.966015
17250.000000 -57.541218
17300.000000 -57.614315
17350.000000 -56.683903
17400.000000 -55.868504
17450.000000 -54.177055
17500.000000 -54.015526
17550.000000 -56.954060
17600.000000 -55.547745
17650.000000 -53.949368
17700.000000 -55.040813
17750.000000 -55.772095
17800.000000 -55.859283
17850.000000 -55.581230
17900.000000 -55.334930
17950.000000 -56.352036
18000.000000 -56.490997
18050.000000 -54.900723
18100.000000 -53.970062
18150.000000 -54.190083
18200.000000 -53.961594
18250.000000 -54.298164
18300.000000 -55.891762
18350.000000 -55.908295
18400.000000 -62.778557
18450.000000 -60.474625
18500.000000 -55.954506
18550.000000 -55.301842
18600.000000 -53.943954
18650.000000 -53.920097
18700.000000 -53.961525
18750.000000 -55.615402
18800.000000 -57.275494
18850.000000 -61.074680
18900.000000 -59.077908
18950.000000 -59.875908
19000.000000 -58.166981
19050.000000 -55.824219
19100.000000 -54.444859
19150.000000 -54.363716
19200.000000 -53.963444
19250.000000 -56.101658
19300.000000 -56.370171
19350.000000 -59.360767
19400.000000 -56.939232
19450.000000 -57.304211
19500.000000 -56.285759
19550.000000 -53.974564
19600.000000 -53.949234
19650.000000 -55.367760
19700.000000 -55.616844
19750.000000 -54.855011
19800.000000 -55.062958
19850.000000 -57.068584
19900.000000 -57.603546
19950.000000 -59.774723
20000.000000 -57.609989
20050.000000 -56.839367
20100.000000 -55.607567
20150.000000 -54.089771
20200.000000 -56.319618
20250.000000 -56.887951
20300.000000 -57.220173
20350.000000 -54.655178
20400.000000 -55.635426
20450.000000 -55.452770
20500.000000 -58.436081
20550.000000 -54.551788
20600.000000 -55.337177
20650.000000 -54.960243
20700.000000 -54.519360
20750.000000 -56.378990
20800.000000 -53.960140
20850.000000 -53.964172
20900.000000 -55.332996
20950.000000 -53.956173
21000.000000 -56.453030
21050.000000 -54.366489
21100.000000 -55.263649
21150.000000 -56.195488
21200.000000 -54.191372
21250.000000 -56.114445
21300.000000 -54.711948
21350.000000 -56.722076
21400.000000 -56.947620
21450.000000 -55.531326
21500.000000 -55.612442
21550.000000 -53.970127
21600.000000 -55.375927
21650.000000 -54.038246
21700.000000 -55.121384
21750.000000 -55.403130
21800.000000 -56.674408
21850.000000 -54.605679
21900.000000 -56.930855
21950.000000 -54.662415
22000.000000 -56.175156
22050.000000 -53.974365
22100.000000 -54.048927
22150.000000 -54.885555
22200.000000 -55.243240
22250.000000 -57.121334
22300.000000 -54.173058
22350.000000 -54.527756
22400.000000 -53.970722
22450.000000 -55.637779
22500.000000 -53.966354
22550.000000 -54.910160
22600.000000 -53.977680
22650.000000 -53.974895
22700.000000 -55.392208
22750.000000 -56.038685
22800.000000 -54.528183
22850.000000 -53.965496
22900.000000 -55.588165
22950.000000 -53.958817
23000.000000 -54.568863
23050.000000 -57.283245
23100.000000 -54.437386
23150.000000 -53.961063
23200.000000 -55.732269
23250.000000 -56.287834
23300.000000 -53.946529
23350.000000 -54.477150
23400.000000 -60.300842
23450.000000 -53.929050
23500.000000 -53.955116
23550.000000 -54.827568
23600.000000 -53.977413
23650.000000 -54.171566
23700.000000 -58.620338
23750.000000 -56.481003
23800.000000 -53.971584
23850.000000 -54.660839
23900.000000 -55.941292
23950.000000 -53.979401
24000.000000 -54.849518
24050.000000 -59.597549
24100.000000 -54.677124
24150.000000 -54.324257
24200.000000 -57.592690
24250.000000 -56.225044
24300.000000 -54.616726
24350.000000 -54.919090
24400.000000 -54.775047
24450.000000 -54.353264
24500.000000 -56.917736
24550.000000 -60.591877
24600.000000 -55.860611
24650.000000 -54.749958
24700.000000 -54.067986
24750.000000 -53.977081
24800.000000 -54.817493
24850.000000 -61.456272
24900.000000 -58.773884
24950.000000 -54.572632
25000.000000 -53.974766
25050.000000 -53.969666
25100.000000 -54.199120
25150.000000 -57.684998
25200.000000 -62.433815
25250.000000 -55.831844
25300.000000 -53.950424
25350.000000 -53.959213
25400.000000 -53.963314
25450.000000 -55.277645
25500.000000 -59.978821
25550.000000 -58.807793
25600.000000 -54.053070
25650.000000 -53.954586
25700.000000 -53.950424
25750.000000 -53.978539
25800.000000 -57.321041
25850.000000 -57.346874
25900.000000 -55.822254
25950.000000 -53.942104
26000.000000 -53.939930
26050.000000 -53.966423
26100.000000 -54.312405
26150.000000 -56.563148
26200.000000 -56.508003
26250.000000 -53.972778
26300.000000 -53.957493
26350.000000 -53.936501
26400.000000 -53.948444
26450.000000 -55.434338
26500.000000 -55.755573
26550.000000 -54.517525
26600.000000 -53.943295
26650.000000 -53.946793
26700.000000 -53.938015
26750.000000 -54.166893
26800.000000 -54.882542
26850.000000 -54.552780
26900.000000 -54.133507
26950.000000 -53.910755
27000.000000 -53.951813
27050.000000 -53.939137
27100.000000 -54.537289
27150.000000 -55.171638
27200.000000 -54.699825
27250.000000 -53.967018
27300.000000 -53.975559
27350.000000 -53.969200
27400.000000 -53.964436
27450.000000 -54.331776
27500.000000 -54.790821
27550.000000 -53.974102
27600.000000 -53.978870
27650.000000 -53.974499
27700.000000 -53.975956
27750.000000 -53.975227
27800.000000 -54.370300
27850.000000 -54.245049
27900.000000 -53.969070
27950.000000 -53.976948
28000.000000 -54.042385
28050.000000 -54.198372
28100.000000 -54.425934
28150.000000 -54.536797
28200.000000 -54.388828
28250.000000 -54.341579
28300.000000 -54.494781
28350.000000 -54.790894
28400.000000 -54.672672
28450.000000 -54.993839
28500.000000 -54.984386
28550.000000 -55.042686
28600.000000 -55.187084
28650.000000 -55.249756
28700.000000 -55.384335
28750.000000 -55.556561
28800.000000 -55.523090
28850.000000 -55.752563
28900.000000 -56.093540
28950.000000 -56.212009
29000.000000 -56.412159
29050.000000 -56.316494
29100.000000 -56.319878
29150.000000 -56.530106
29200.000000 -56.362320
29250.000000 -56.529129
29300.000000 -56.486927
29350.000000 -56.477558
29400.000000 -56.657974
29450.000000 -56.472965
29500.000000 -56.620174
29550.000000 -56.773754
29600.000000 -56.889988
29650.000000 -57.086761
29700.000000 -57.085434
29750.000000 -57.310818
29800.000000 -57.300034
29850.000000 -57.279270
29900.000000 -57.352737
29950.000000 -57.542809
30000.000000 -57.672821
30050.000000 -57.692108
30100.000000 -57.889111
30150.000000 -57.951805
30200.000000 -58.098137
30250.000000 -58.447269
30300.000000 -58.337128
30350.000000 -58.508888
30400.000000 -58.723049
30450.000000 -58.770546
30500.000000 -58.803970
30550.000000 -58.866791
30600.000000 -58.894054
30650.000000 -59.112785
30700.000000 -58.996174
30750.000000 -59.462326
30800.000000 -59.398777
30850.000000 -59.270855
30900.000000 -59.311287
30950.000000 -59.430988
31000.000000 -59.396919
31050.000000 -59.620228
31100.000000 -59.740311
31150.000000 -59.887154
31200.000000 -60.157818
31250.000000 -60.342236
31300.000000 -60.511936
31350.000000 -60.495785
31400.000000 -60.582657
31450.000000 -60.642960
31500.000000 -60.811714
31550.000000 -60.781933
31600.000000 -60.943676
31650.000000 -60.745609
31700.000000 -60.790783
31750.000000 -60.879059
31800.000000 -60.974758
31850.000000 -61.119038
31900.000000 -61.126732
31950.000000 -61.268208
32000.000000 -61.468346
32050.000000 -61.393337
32100.000000 -61.652500
32150.000000 -61.671436
32200.000000 -61.684620
32250.000000 -61.539577
32300.000000 -61.872478
32350.000000 -62.116421
32400.000000 -62.008362
32450.000000 -62.151669
32500.000000 -62.131657
32550.000000 -61.873302
32600.000000 -62.230297
32650.000000 -62.308605
32700.000000 -62.173260
32750.000000 -62.214546
32800.000000 -61.988178
32850.000000 -62.044178
32900.000000 -62.421543
32950.000000 -62.389896
33000.000000 -62.529934
33050.000000 -62.558887
33100.000000 -62.764698
33150.000000 -62.741951
33200.000000 -62.883392
33250.000000 -63.125385
33300.000000 -63.113995
33350.000000 -63.770000
33400.000000 -63.694233
33450.000000 -64.063545
33500.000000 -63.711689
33550.000000 -64.288834
33600.000000 -64.290352
33650.000000 -64.424309
33700.000000 -64.465210
33750.000000 -64.484291
33800.000000 -64.517891
33850.000000 -63.944809
33900.000000 -64.435783
33950.000000 -64.745132
34000.000000 -64.758423
34050.000000 -64.896820
34100.000000 -65.083984
34150.000000 -65.448486
34200.000000 -65.629288
34250.000000 -65.330902
34300.000000 -65.401711
34350.000000 -65.413811
34400.000000 -65.295235
34450.000000 -65.297188
34500.000000 -65.849731
34550.000000 -65.537292
34600.000000 -65.531776
34650.000000 -65.561897
34700.000000 -66.025642
34750.000000 -65.668655
34800.000000 -65.769531
34850.000000 -65.756920
34900.000000 -66.026436
34950.000000 -66.167900
35000.000000 -66.653580
35050.000000 -66.536896
35100.000000 -66.760292
35150.000000 -66.474113
35200.000000 -67.042191
35250.000000 -66.881493
35300.000000 -67.151711
35350.000000 -67.073853
35400.000000 -67.004410
35450.000000 -67.357635
35500.000000 -67.889297
35550.000000 -67.926193
35600.000000 -67.809792
35650.000000 -67.651001
35700.000000 -67.611122
35750.000000 -67.144768
35800.000000 -67.133308
35850.000000 -66.985725
35900.000000 -66.894379
35950.000000 -66.656998
36000.000000 -66.394325
36050.000000 -66.193550
36100.000000 -66.412613
36150.000000 -66.980400
36200.000000 -66.897308
36250.000000 -66.817627
36300.000000 -67.645248
36350.000000 -67.523071
36400.000000 -68.033478
36450.000000 -68.005112
36500.000000 -68.105965
36550.000000 -67.708763
36600.000000 -67.797424
36650.000000 -67.796768
36700.000000 -68.130264
36750.000000 -67.517403
36800.000000 -67.666046
36850.000000 -67.423744
36900.000000 -67.423744
36950.000000 -68.063942
37000.000000 -68.110687
37050.000000 -68.010109
37100.000000 -68.350327
37150.000000 -68.768913
37200.000000 -68.825478
37250.000000 -69.495766
37300.000000 -69.813538
37350.000000 -70.014809
37400.000000 -70.554337
37450.000000 -69.762825
37500.000000 -70.860779
37550.000000 -71.309502
37600.000000 -70.654984
37650.000000 -70.830750
37700.000000 -70.384895
37750.000000 -70.183105
37800.000000 -70.627457
37850.000000 -70.599571
37900.000000 -70.359528
37950.000000 -70.548080
38000.000000 -70.876991
38050.000000 -71.026634
38100.000000 -70.490242
38150.000000 -70.559258
38200.000000 -71.654457
38250.000000 -71.449501
38300.000000 -71.273514
38350.000000 -71.875275
38400.000000 -72.850151
38450.000000 -73.087280
38500.000000 -72.910881
38550.000000 -72.788109
38600.000000 -73.634590
38650.000000 -74.154922
38700.000000 -74.957726
38750.000000 -74.769897
38800.000000 -74.785149
38850.000000 -74.506821
38900.000000 -73.728722
38950.000000 -73.941185
39000.000000 -74.448570
39050.000000 -74.158302
39100.000000 -73.429405
39150.000000 -73.924706
39200.000000 -73.457443
39250.000000 -73.471176
39300.000000 -73.616135
39350.000000 -74.183365
39400.000000 -74.819389
39450.000000 -75.527847
39500.000000 -75.976418
39550.000000 -77.703499
39600.000000 -76.996445
39650.000000 -76.479416
39700.000000 -76.764168
39750.000000 -76.212273
39800.000000 -77.111626
39850.000000 -77.395645
39900.000000 -75.763062
39950.000000 -76.261253
40000.000000 -77.020866
