0.000000 -79.041756
50.000000 -80.214149
100.000000 -79.238625
150.000000 -79.404099
200.000000 -79.606918
250.000000 -78.344139
300.000000 -77.433044
350.000000 -77.492416
400.000000 -61.681244
450.000000 -53.974037
500.000000 -53.974167
550.000000 -53.967880
600.000000 -54.860146
650.000000 -58.594936
700.000000 -55.236034
750.000000 -55.811279
800.000000 -57.014565
850.000000 -55.429169
900.000000 -56.760056
950.000000 -55.139996
1000.000000 -56.785923
1050.000000 -53.952076
1100.000000 -53.961658
1150.000000 -53.970394
1200.000000 -54.734184
1250.000000 -56.200878
1300.000000 -53.992798
1350.000000 -55.649471
1400.000000 -55.310719
1450.000000 -54.056950
1500.000000 -54.017521
1550.000000 -58.934528
1600.000000 -53.942833
1650.000000 -53.966488
1700.000000 -55.621964
1750.000000 -54.789513
1800.000000 -55.048603
1850.000000 -55.319145
1900.000000 -58.525539
1950.000000 -54.073277
2000.000000 -53.943161
2050.000000 -54.445496
2100.000000 -54.152752
2150.000000 -53.954189
2200.000000 -57.483982
2250.000000 -53.943230
2300.000000 -57.257401
2350.000000 -56.279972
2400.000000 -54.731655
2450.000000 -54.548248
2500.000000 -57.309166
2550.000000 -56.264870
2600.000000 -56.589958
2650.000000 -55.457348
2700.000000 -54.371063
2750.000000 -55.716389
2800.000000 -54.896305
2850.000000 -56.171062
2900.000000 -55.198589
2950.000000 -55.930332
3000.000000 -55.320843
3050.000000 -56.541050
3100.000000 -59.128353
3150.000000 -55.391426
3200.000000 -53.975426
3250.000000 -54.789803
3300.000000 -58.199127
3350.000000 -57.097004
3400.000000 -54.092995
3450.000000 -53.953331
3500.000000 -54.552143
3550.000000 -55.602531
3600.000000 -58.348190
3650.000000 -55.738029
3700.000000 -53.939072
3750.000000 -53.965828
3800.000000 -55.617962
3850.000000 -55.629414
3900.000000 -55.713558
3950.000000 -55.642326
4000.000000 -56.474731
4050.000000 -54.725586
4100.000000 -55.370167
4150.000000 -55.805717
4200.000000 -57.377594
4250.000000 -56.118259
4300.000000 -55.775269
4350.000000 -54.550869
4400.000000 -54.192322
4450.000000 -58.225452
4500.000000 -57.348831
4550.000000 -54.718727
4600.000000 -53.956966
4650.000000 -53.964966
4700.000000 -55.399929
4750.000000 -56.053398
4800.000000 -56.543720
4850.000000 -56.458668
4900.000000 -55.271259
4950.000000 -54.540405
5000.000000 -54.215988
5050.000000 -53.964569
5100.000000 -53.915623
5150.000000 -53.945538
5200.000000 -54.103271
5250.000000 -57.785480
5300.000000 -60.739689
5350.000000 -54.756695
5400.000000 -54.943787
5450.000000 -55.991772
5500.000000 -55.617722
5550.000000 -54.421818
5600.000000 -54.925369
5650.000000 -57.354397
5700.000000 -55.667320
5750.000000 -54.050667
5800.000000 -55.389400
5850.000000 -55.903332
5900.000000 -53.951218
5950.000000 -54.971230
6000.000000 -55.931164
6050.000000 -56.188904
6100.000000 -60.399918
6150.000000 -58.982841
6200.000000 -59.334332
6250.000000 -57.922020
6300.000000 -56.165520
6350.000000 -56.518208
6400.000000 -55.657505
6450.000000 -56.865932
6500.000000 -57.800896
6550.000000 -56.655270
6600.000000 -55.712021
6650.000000 -53.977879
6700.000000 -53.961132
6750.000000 -55.599579
6800.000000 -58.281490
6850.000000 -58.611637
6900.000000 -55.020767
6950.000000 -54.377998
7000.000000 -59.180176
7050.000000 -55.687057
7100.000000 -53.959015
7150.000000 -53.960999
7200.000000 -56.738995
7250.000000 -57.572224
7300.000000 -58.448044
7350.000000 -55.343689
7400.000000 -55.789707
7450.000000 -54.158436
7500.000000 -54.451363
7550.000000 -55.902504
7600.000000 -56.754490
7650.000000 -57.161667
7700.000000 -57.468319
7750.000000 -56.803978
7800.000000 -59.031433
7850.000000 -57.625198
7900.000000 -58.653988
7950.000000 -56.429276
8000.000000 -55.218670
8050.000000 -55.609722
8100.000000 -56.474209
8150.000000 -57.014374
8200.000000 -57.379551
8250.000000 -56.595150
8300.000000 -55.177952
8350.000000 -54.846062
8400.000000 -53.926613
8450.000000 -53.971851
8500.000000 -55.142952
8550.000000 -60.234409
8600.000000 -56.859932
8650.000000 -54.652466
8700.000000 -53.967152
8750.000000 -53.952671
8800.000000 -55.893993
8850.000000 -56.788395
8900.000000 -59.282928
8950.000000 -57.023590
9000.000000 -57.730293
9050.000000 -55.400085
9100.000000 -55.339348
9150.000000 -54.779480
9200.000000 -55.011959
9250.000000 -54.618221
9300.000000 -54.678200
9350.000000 -54.195244
9400.000000 -54.047726
9450.000000 -54.112350
9500.000000 -53.984909
9550.000000 -53.957825
9600.000000 -56.274361
9650.000000 -58.652851
9700.000000 -59.492031
9750.000000 -55.512253
9800.000000 -53.954720
9850.000000 -55.948494
9900.000000 -54.051933
9950.000000 -55.311413
10000.000000 -58.803162
10050.000000 -59.381233
10100.000000 -57.955784
10150.000000 -56.106823
10200.000000 -56.149765
10250.000000 -56.876472
10300.000000 -54.139309
10350.000000 -55.134090
10400.000000 -55.183125
10450.000000 -56.205502
10500.000000 -57.120373
10550.000000 -57.533428
10600.000000 -56.927128
10650.000000 -56.817287
10700.000000 -56.190872
10750.000000 -56.422073
10800.000000 -56.003391
10850.000000 -54.649590
10900.000000 -53.953594
10950.000000 -53.968937
11000.000000 -54.008739
11050.000000 -53.945210
11100.000000 -55.393768
11150.000000 -57.518673
11200.000000 -57.555702
11250.000000 -56.822712
11300.000000 -54.700573
11350.000000 -53.972645
11400.000000 -53.959675
11450.000000 -55.110661
11500.000000 -57.787945
11550.000000 -59.573792
11600.000000 -61.168327
11650.000000 -56.397530
11700.000000 -56.256340
11750.000000 -54.564610
11800.000000 -55.717766
11850.000000 -55.576687
11900.000000 -54.980892
11950.000000 -55.347099
12000.000000 -55.729515
12050.000000 -55.035797
12100.000000 -56.005905
12150.000000 -55.691013
12200.000000 -57.121513
12250.000000 -54.485226
12300.000000 -54.587677
12350.000000 -54.707840
12400.000000 -56.961624
12450.000000 -54.787914
12500.000000 -53.948574
12550.000000 -53.944416
12600.000000 -53.945473
12650.000000 -55.695210
12700.000000 -55.482895
12750.000000 -55.365036
12800.000000 -54.890854
12850.000000 -56.187710
12900.000000 -53.974632
12950.000000 -53.948112
13000.000000 -53.952339
13050.000000 -54.715050
13100.000000 -55.514309
13150.000000 -56.955177
13200.000000 -57.463566
13250.000000 -59.346127
13300.000000 -56.741909
13350.000000 -54.427608
13400.000000 -54.882099
13450.000000 -53.962719
13500.000000 -53.910294
13550.000000 -53.971321
13600.000000 -53.972977
13650.000000 -55.925774
13700.000000 -55.861916
13750.000000 -56.363018
13800.000000 -56.357613
13850.000000 -56.623764
13900.000000 -55.380909
13950.000000 -53.974697
14000.000000 -54.012531
14050.000000 -57.751549
14100.000000 -55.519848
14150.000000 -55.519688
14200.000000 -56.568859
14250.000000 -56.341419
14300.000000 -56.094894
14350.000000 -56.667904
14400.000000 -58.673306
14450.000000 -56.455235
14500.000000 -54.116997
14550.000000 -53.951614
14600.000000 -54.908905
14650.000000 -54.630714
14700.000000 -55.671825
14750.000000 -55.589520
14800.000000 -55.106205
14850.000000 -55.095497
14900.000000 -55.839806
14950.000000 -54.286140
15000.000000 -53.943558
15050.000000 -54.173126
15100.000000 -53.947121
15150.000000 -54.343239
15200.000000 -56.711723
15250.000000 -56.879154
15300.000000 -55.731457
15350.000000 -56.111565
15400.000000 -55.850483
15450.000000 -55.313271
15500.000000 -53.973309
15550.000000 -53.963840
15600.000000 -54.588318
15650.000000 -55.303154
15700.000000 -56.558689
15750.000000 -55.403912
15800.000000 -55.403210
15850.000000 -55.762650
15900.000000 -57.037148
15950.000000 -55.961250
16000.000000 -55.139469
16050.000000 -54.298920
16100.000000 -54.276260
16150.000000 -57.046120
16200.000000 -55.153648
16250.000000 -55.073597
16300.000000 -53.964703
16350.000000 -53.933731
16400.000000 -55.106812
16450.000000 -54.635715
16500.000000 -55.744038
16550.000000 -55.096630
16600.000000 -55.310566
16650.000000 -53.934193
16700.000000 -54.576099
16750.000000 -55.073673
16800.000000 -56.198822
16850.000000 -57.259624
16900.000000 -56.155640
16950.000000 -54.712887
17000.000000 -55.362473
17050.000000 -53.974564
17100.000000 -53.939072
17150.000000 -53.946262
17200.000000 -54.247509
17250.000000 -55.210037
17300.000000 -55.698036
17350.000000 -55.687866
17400.000000 -56.105381
17450.000000 -55.270950
17500.000000 -54.689053
17550.000000 -53.970329
17600.000000 -53.953529
17650.000000 -53.940456
17700.000000 -54.124542
17750.000000 -53.949234
17800.000000 -54.306347
17850.000000 -56.658157
17900.000000 -56.097683
17950.000000 -56.835037
18000.000000 -56.293106
18050.000000 -54.764740
18100.000000 -54.530655
18150.000000 -53.967945
18200.000000 -54.794605
18250.000000 -55.250061
18300.000000 -55.591194
18350.000000 -54.961205
18400.000000 -54.654961
18450.000000 -55.441471
18500.000000 -56.523712
18550.000000 -55.144997
18600.000000 -55.147194
18650.000000 -56.412685
18700.000000 -55.503326
18750.000000 -56.421898
18800.000000 -56.629337
18850.000000 -56.654728
18900.000000 -57.584961
18950.000000 -56.288265
19000.000000 -56.325779
19050.000000 -54.612091
19100.000000 -54.161953
19150.000000 -53.963181
19200.000000 -53.950756
19250.000000 -54.108517
19300.000000 -55.131138
19350.000000 -56.879341
19400.000000 -59.811085
19450.000000 -56.674046
19500.000000 -55.544571
19550.000000 -55.311489
19600.000000 -56.943050
19650.000000 -53.965561
19700.000000 -53.973572
19750.000000 -54.580643
19800.000000 -53.966290
19850.000000 -55.135151
19900.000000 -55.884743
19950.000000 -57.674747
20000.000000 -56.456997
20050.000000 -56.545944
20100.000000 -56.237499
20150.000000 -55.447430
20200.000000 -54.326740
20250.000000 -55.137272
20300.000000 -56.003311
20350.000000 -54.522251
20400.000000 -54.659119
20450.000000 -55.395641
20500.000000 -56.898514
20550.000000 -54.085815
20600.000000 -53.951744
20650.000000 -53.950954
20700.000000 -56.953876
20750.000000 -53.978870
20800.000000 -55.059254
20850.000000 -54.996521
20900.000000 -56.952938
20950.000000 -55.625248
21000.000000 -56.328121
21050.000000 -54.384663
21100.000000 -56.607159
21150.000000 -54.598488
21200.000000 -56.568596
21250.000000 -54.055878
21300.000000 -55.561806
21350.000000 -54.463055
21400.000000 -55.458031
21450.000000 -55.016659
21500.000000 -54.915695
21550.000000 -54.638073
21600.000000 -54.750969
21650.000000 -54.774395
21700.000000 -53.966354
21750.000000 -54.182007
21800.000000 -53.949696
21850.000000 -53.962917
21900.000000 -55.691334
21950.000000 -55.537907
22000.000000 -53.945602
22050.000000 -53.986496
22100.000000 -53.976154
22150.000000 -54.129528
22200.000000 -58.556915
22250.000000 -54.158913
22300.000000 -53.969730
22350.000000 -57.284988
22400.000000 -53.947651
22450.000000 -53.972378
22500.000000 -57.635796
22550.000000 -53.965363
22600.000000 -53.945869
22650.000000 -54.789150
22700.000000 -53.963444
22750.000000 -55.654774
22800.000000 -57.024719
22850.000000 -53.956303
22900.000000 -53.974365
22950.000000 -53.972179
23000.000000 -54.181465
23050.000000 -57.366917
23100.000000 -54.967663
23150.000000 -53.965759
23200.000000 -56.383533
23250.000000 -54.397934
23300.000000 -55.067436
23350.000000 -57.203156
23400.000000 -54.936165
23450.000000 -54.144444
23500.000000 -59.180656
23550.000000 -54.627716
23600.000000 -55.475254
23650.000000 -56.669621
23700.000000 -54.596497
23750.000000 -55.865128
23800.000000 -60.358948
23850.000000 -55.221115
23900.000000 -54.779770
23950.000000 -54.574753
24000.000000 -54.652382
24050.000000 -58.544468
24100.000000 -59.648327
24150.000000 -54.738159
24200.000000 -54.433052
24250.000000 -54.051468
24300.000000 -54.665066
24350.000000 -61.612514
24400.000000 -57.608780
24450.000000 -54.408161
24500.000000 -53.959743
24550.000000 -53.962254
24600.000000 -56.050621
24650.000000 -63.357132
24700.000000 -55.696018
24750.000000 -54.128113
24800.000000 -53.931553
24850.000000 -53.973835
24900.000000 -57.549610
24950.000000 -59.023621
25000.000000 -54.180176
25050.000000 -53.962917
25100.000000 -53.912266
25150.000000 -53.978405
25200.000000 -58.018967
25250.000000 -57.032345
25300.000000 -53.974037
25350.000000 -53.941643
25400.000000 -53.951283
25450.000000 -54.460964
25500.000000 -57.610592
25550.000000 -55.181526
25600.000000 -53.979069
25650.000000 -53.949696
25700.000000 -53.970127
25750.000000 -55.188381
25800.000000 -56.461880
25850.000000 -54.908096
25900.000000 -53.933136
25950.000000 -53.931553
26000.000000 -53.971851
26050.000000 -55.105236
26100.000000 -54.967812
26150.000000 -53.974831
26200.000000 -53.935047
26250.000000 -53.939995
26300.000000 -53.974632
26350.000000 -55.109905
26400.000000 -54.309788
26450.000000 -53.950821
26500.000000 -53.917923
26550.000000 -53.959873
26600.000000 -54.090645
26650.000000 -54.746048
26700.000000 -53.978672
26750.000000 -53.958355
26800.000000 -53.967812
26850.000000 -53.974895
26900.000000 -54.162563
26950.000000 -54.836559
27000.000000 -53.968739
27050.000000 -53.974499
27100.000000 -53.971386
27150.000000 -53.973438
27200.000000 -54.154781
27250.000000 -53.977146
27300.000000 -53.973572
27350.000000 -53.971981
27400.000000 -53.970791
27450.000000 -53.979401
27500.000000 -54.349876
27550.000000 -54.313232
27600.000000 -54.238697
27650.000000 -54.360119
27700.000000 -54.465511
27750.000000 -54.563686
27800.000000 -54.774250
27850.000000 -54.611305
27900.000000 -54.866234
27950.000000 -55.022488
28000.000000 -55.215767
28050.000000 -55.179245
28100.000000 -55.458817
28150.000000 -55.558784
28200.000000 -55.719063
28250.000000 -55.926437
28300.000000 -55.837013
28350.000000 -55.965248
28400.000000 -56.124619
28450.000000 -56.237068
28500.000000 -56.167652
28550.000000 -56.199165
28600.000000 -56.589600
28650.000000 -56.751572
28700.000000 -56.749836
28750.000000 -56.905567
28800.000000 -57.038185
28850.000000 -57.114857
28900.000000 -57.205173
28950.000000 -57.338482
29000.000000 -57.420818
29050.000000 -57.499866
29100.000000 -57.535419
29150.000000 -57.606060
29200.000000 -57.712959
29250.000000 -57.853016
29300.000000 -57.974766
29350.000000 -57.960709
29400.000000 -58.189224
29450.000000 -58.311882
29500.000000 -58.273449
29550.000000 -58.487930
29600.000000 -58.569382
29650.000000 -58.608360
29700.000000 -58.830688
29750.000000 -58.901993
29800.000000 -58.921638
29850.000000 -59.170414
29900.000000 -59.230129
29950.000000 -59.719879
30000.000000 -59.929775
30050.000000 -59.744167
30100.000000 -59.958351
30150.000000 -60.238087
30200.000000 -59.961914
30250.000000 -59.929119
30300.000000 -60.259228
30350.000000 -60.463993
30400.000000 -60.725700
30450.000000 -60.667828
30500.000000 -60.556618
30550.000000 -60.827297
30600.000000 -60.743153
30650.000000 -61.096455
30700.000000 -61.259472
30750.000000 -61.306328
30800.000000 -61.641766
30850.000000 -61.561600
30900.000000 -61.791145
30950.000000 -62.044849
31000.000000 -62.247105
31050.000000 -61.954750
31100.000000 -61.796848
31150.000000 -61.638561
31200.000000 -61.760899
31250.000000 -61.799782
31300.000000 -62.180241
31350.000000 -62.591335
31400.000000 -62.677132
31450.000000 -63.054638
31500.000000 -63.405251
31550.000000 -63.312187
31600.000000 -63.127285
31650.000000 -63.565208
31700.000000 -63.692612
31750.000000 -63.675594
31800.000000 -63.940010
31850.000000 -63.861927
31900.000000 -63.909191
31950.000000 -63.823555
32000.000000 -64.146469
32050.000000 -64.229965
32100.000000 -64.154800
32150.000000 -64.382935
32200.000000 -64.330627
32250.000000 -64.243347
32300.000000 -64.724335
32350.000000 -64.888908
32400.000000 -64.698341
32450.000000 -64.745132
32500.000000 -64.434464
32550.000000 -64.246811
32600.000000 -64.596504
32650.000000 -64.925278
32700.000000 -64.924110
32750.000000 -64.875420
32800.000000 -64.865204
32850.000000 -65.179214
32900.000000 -65.132187
32950.000000 -65.039352
33000.000000 -65.249512
33050.000000 -65.401215
33100.000000 -65.240059
33150.000000 -65.450470
33200.000000 -65.570953
33250.000000 -65.839859
33300.000000 -66.160080
33350.000000 -66.395988
33400.000000 -66.148239
33450.000000 -66.279144
33500.000000 -66.569023
33550.000000 -67.330162
33600.000000 -67.475929
33650.000000 -67.467468
33700.000000 -67.531586
33750.000000 -67.352074
33800.000000 -67.664444
33850.000000 -67.490044
33900.000000 -67.975853
33950.000000 -68.220284
34000.000000 -68.550888
34050.000000 -68.489738
34100.000000 -68.559052
34150.000000 -68.456345
34200.000000 -68.647552
34250.000000 -68.487976
34300.000000 -68.600334
34350.000000 -68.220284
34400.000000 -68.067299
34450.000000 -68.230530
34500.000000 -68.111015
34550.000000 -67.805557
34600.000000 -68.396202
34650.000000 -68.171249
34700.000000 -68.445473
34750.000000 -68.007782
34800.000000 -67.512360
34850.000000 -67.911682
34900.000000 -67.892586
34950.000000 -67.625137
35000.000000 -68.154289
35050.000000 -68.237030
35100.000000 -68.558693
35150.000000 -68.311592
35200.000000 -68.576820
35250.000000 -68.231216
35300.000000 -67.931480
35350.000000 -67.649086
35400.000000 -68.083412
35450.000000 -67.698143
35500.000000 -68.047523
35550.000000 -68.068298
35600.000000 -67.864685
35650.000000 -67.676628
35700.000000 -67.655807
35750.000000 -67.646530
35800.000000 -68.076691
35850.000000 -68.160728
35900.000000 -68.768547
35950.000000 -68.889786
36000.000000 -69.053978
36050.000000 -68.465820
36100.000000 -68.714890
36150.000000 -68.643250
36200.000000 -68.441269
36250.000000 -68.954941
36300.000000 -68.810478
36350.000000 -69.115082
36400.000000 -69.165192
36450.000000 -69.054352
36500.000000 -69.788963
36550.000000 -69.535805
36600.000000 -69.142380
36650.000000 -69.437431
36700.000000 -69.545738
36750.000000 -70.486252
36800.000000 -70.565956
36850.000000 -70.306396
36900.000000 -70.235916
36950.000000 -70.006836
37000.000000 -69.757523
37050.000000 -69.221718
37100.000000 -70.232468
37150.000000 -69.965408
37200.000000 -69.785690
37250.000000 -69.975433
37300.000000 -69.847244
37350.000000 -70.619354
37400.000000 -70.108093
37450.000000 -69.539375
37500.000000 -68.980988
37550.000000 -68.743126
37600.000000 -68.878357
37650.000000 -69.964157
37700.000000 -70.182251
37750.000000 -70.180962
37800.000000 -70.520447
37850.000000 -70.739914
37900.000000 -70.950089
37950.000000 -71.529106
38000.000000 -71.492195
38050.000000 -71.564163
38100.000000 -71.406525
38150.000000 -70.841827
38200.000000 -70.521339
38250.000000 -70.775581
38300.000000 -71.093407
38350.000000 -70.871895
38400.000000 -71.263329
38450.000000 -73.027687
38500.000000 -72.688728
38550.000000 -73.321838
38600.000000 -73.135849
38650.000000 -73.629494
38700.000000 -73.056831
38750.000000 -73.325531
38800.000000 -73.814774
38850.000000 -74.138702
38900.000000 -74.766991
38950.000000 -75.422363
39000.000000 -75.018005
39050.000000 -75.246536
39100.000000 -75.888458
39150.000000 -75.981422
39200.000000 -74.952530
39250.000000 -74.765541
39300.000000 -75.093773
39350.000000 -75.540527
39400.000000 -77.017105
39450.000000 -78.805244
39500.000000 -79.994179
39550.000000 -79.770592
39600.000000 -78.761467
39650.000000 -78.362778
39700.000000 -77.491425
39750.000000 -77.751465
39800.000000 -80.178902
39850.000000 -78.994408
39900.000000 -80.212791
39950.000000 -78.974365
40000.000000 -79.576576
