0.000000 -74.936981
50.000000 -75.174759
100.000000 -74.823776
150.000000 -74.106369
200.000000 -74.630219
250.000000 -74.963661
300.000000 -75.399704
350.000000 -75.331291
400.000000 -74.905960
450.000000 -74.933281
500.000000 -60.627560
550.000000 -53.970592
600.000000 -53.964638
650.000000 -55.247608
700.000000 -55.177799
750.000000 -54.190083
800.000000 -55.005318
850.000000 -56.583157
900.000000 -53.948837
950.000000 -57.702377
1000.000000 -54.633141
1050.000000 -54.222054
1100.000000 -55.853687
1150.000000 -55.679321
1200.000000 -57.176495
1250.000000 -54.796936
1300.000000 -56.594433
1350.000000 -55.977413
1400.000000 -57.056580
1450.000000 -56.718262
1500.000000 -55.258198
1550.000000 -55.284416
1600.000000 -54.790020
1650.000000 -54.223892
1700.000000 -56.803150
1750.000000 -54.082729
1800.000000 -53.971123
1850.000000 -55.000320
1900.000000 -53.929710
1950.000000 -54.858311
2000.000000 -53.979004
2050.000000 -53.977943
2100.000000 -56.406898
2150.000000 -55.328659
2200.000000 -54.999355
2250.000000 -58.443722
2300.000000 -53.941643
2350.000000 -53.955048
2400.000000 -55.773396
2450.000000 -58.822353
2500.000000 -57.234333
2550.000000 -56.643642
2600.000000 -54.725948
2650.000000 -53.952736
2700.000000 -54.784058
2750.000000 -55.449627
2800.000000 -53.963314
2850.000000 -56.719807
2900.000000 -53.967480
2950.000000 -57.709499
3000.000000 -54.213200
3050.000000 -57.638218
3100.000000 -57.173527
3150.000000 -57.837193
3200.000000 -56.297260
3250.000000 -57.188473
3300.000000 -56.643646
3350.000000 -55.444687
3400.000000 -59.857246
3450.000000 -53.950886
3500.000000 -53.970924
3550.000000 -57.618145
3600.000000 -60.499016
3650.000000 -57.235588
3700.000000 -56.332554
3750.000000 -55.999378
3800.000000 -61.124771
3850.000000 -60.995842
3900.000000 -55.552593
3950.000000 -53.976223
4000.000000 -53.951546
4050.000000 -55.846786
4100.000000 -62.049545
4150.000000 -59.059338
4200.000000 -55.160168
4250.000000 -56.491707
4300.000000 -59.846172
4350.000000 -57.793800
4400.000000 -55.819714
4450.000000 -54.980072
4500.000000 -54.833561
4550.000000 -58.179222
4600.000000 -54.790096
4650.000000 -56.299080
4700.000000 -55.430183
4750.000000 -54.197487
4800.000000 -58.591442
4850.000000 -56.431736
4900.000000 -53.956635
4950.000000 -54.034313
5000.000000 -54.981190
5050.000000 -55.552113
5100.000000 -55.535606
5150.000000 -56.773575
5200.000000 -54.365795
5250.000000 -53.957363
5300.000000 -55.065708
5350.000000 -54.529026
5400.000000 -55.403366
5450.000000 -55.825367
5500.000000 -58.738277
5550.000000 -55.325253
5600.000000 -58.127148
5650.000000 -54.717068
5700.000000 -56.002220
5750.000000 -57.587570
5800.000000 -55.734863
5850.000000 -54.915619
5900.000000 -57.103836
5950.000000 -56.765896
6000.000000 -60.486530
6050.000000 -55.906559
6100.000000 -57.058090
6150.000000 -55.475334
6200.000000 -55.012550
6250.000000 -54.337437
6300.000000 -54.389870
6350.000000 -57.210953
6400.000000 -56.757408
6450.000000 -57.617138
6500.000000 -56.425323
6550.000000 -57.390835
6600.000000 -57.130653
6650.000000 -55.322701
6700.000000 -56.216808
6750.000000 -56.922478
6800.000000 -55.943951
6850.000000 -55.426975
6900.000000 -53.933929
6950.000000 -57.384457
7000.000000 -56.640133
7050.000000 -57.729477
7100.000000 -55.752403
7150.000000 -55.631340
7200.000000 -57.352345
7250.000000 -58.031635
7300.000000 -56.058109
7350.000000 -54.073479
7400.000000 -55.268723
7450.000000 -61.376549
7500.000000 -56.085178
7550.000000 -53.974766
7600.000000 -56.049778
7650.000000 -55.973827
7700.000000 -55.155159
7750.000000 -54.059555
7800.000000 -54.789875
7850.000000 -60.069862
7900.000000 -59.261723
7950.000000 -55.827579
8000.000000 -53.977146
8050.000000 -54.894829
8100.000000 -53.976089
8150.000000 -54.396347
8200.000000 -55.837585
8250.000000 -54.022717
8300.000000 -54.894241
8350.000000 -57.611195
8400.000000 -54.336746
8450.000000 -55.614681
8500.000000 -55.001442
8550.000000 -55.442802
8600.000000 -55.505222
8650.000000 -56.262112
8700.000000 -55.802856
8750.000000 -55.713074
8800.000000 -56.475258
8850.000000 -54.828228
8900.000000 -56.279022
8950.000000 -54.911930
9000.000000 -55.332298
9050.000000 -56.664654
9100.000000 -56.675945
9150.000000 -55.133106
9200.000000 -58.646725
9250.000000 -60.275356
9300.000000 -54.900665
9350.000000 -54.835831
9400.000000 -54.225121
9450.000000 -57.278305
9500.000000 -61.695889
9550.000000 -57.112293
9600.000000 -54.364689
9650.000000 -54.878864
9700.000000 -59.174870
9750.000000 -59.489780
9800.000000 -56.294147
9850.000000 -54.746193
9900.000000 -53.961063
9950.000000 -54.260094
10000.000000 -57.841221
10050.000000 -58.103142
10100.000000 -55.176735
10150.000000 -57.698307
10200.000000 -57.857155
10250.000000 -55.215534
10300.000000 -55.607407
10350.000000 -54.790604
10400.000000 -54.230507
10450.000000 -54.578159
10500.000000 -54.771492
10550.000000 -55.088272
10600.000000 -55.059780
10650.000000 -54.921528
10700.000000 -56.116055
10750.000000 -57.326782
10800.000000 -57.863785
10850.000000 -56.802143
10900.000000 -54.800358
10950.000000 -53.962650
11000.000000 -54.392651
11050.000000 -55.594944
11100.000000 -57.701763
11150.000000 -54.806259
11200.000000 -56.121990
11250.000000 -55.845963
11300.000000 -57.538517
11350.000000 -54.791405
11400.000000 -54.024048
11450.000000 -53.968803
11500.000000 -56.337158
11550.000000 -58.344902
11600.000000 -56.610298
11650.000000 -54.748581
11700.000000 -54.229622
11750.000000 -53.947453
11800.000000 -56.432178
11850.000000 -57.291489
11900.000000 -58.647972
11950.000000 -57.767933
12000.000000 -55.578201
12050.000000 -54.105087
12100.000000 -54.400505
12150.000000 -54.475185
12200.000000 -55.651089
12250.000000 -57.243496
12300.000000 -57.926399
12350.000000 -57.086952
12400.000000 -55.543854
12450.000000 -56.277294
12500.000000 -55.013973
12550.000000 -53.930500
12600.000000 -53.971783
12650.000000 -54.812096
12700.000000 -55.225170
12750.000000 -57.299747
12800.000000 -57.106968
12850.000000 -61.159992
12900.000000 -57.876335
12950.000000 -55.953426
13000.000000 -54.197826
13050.000000 -54.220417
13100.000000 -53.965099
13150.000000 -56.001637
13200.000000 -53.966621
13250.000000 -55.256355
13300.000000 -54.407394
13350.000000 -55.729191
13400.000000 -55.321075
13450.000000 -54.594715
13500.000000 -55.416019
13550.000000 -53.937817
13600.000000 -55.487545
13650.000000 -59.754856
13700.000000 -57.067165
13750.000000 -55.862740
13800.000000 -53.974037
13850.000000 -53.947651
13900.000000 -54.734112
13950.000000 -54.675182
14000.000000 -56.175926
14050.000000 -58.038506
14100.000000 -55.585213
14150.000000 -57.572224
14200.000000 -55.078110
14250.000000 -53.956966
14300.000000 -53.949104
14350.000000 -53.949631
14400.000000 -54.534111
14450.000000 -55.612122
14500.000000 -58.586823
14550.000000 -58.434643
14600.000000 -56.159054
14650.000000 -53.947914
14700.000000 -54.418194
14750.000000 -54.447239
14800.000000 -55.048679
14850.000000 -57.543510
14900.000000 -57.996941
14950.000000 -59.937275
15000.000000 -58.036816
15050.000000 -55.543777
15100.000000 -58.013798
15150.000000 -57.944271
15200.000000 -54.504772
15250.000000 -55.519848
15300.000000 -55.729431
15350.000000 -55.690773
15400.000000 -57.799767
15450.000000 -57.563808
15500.000000 -54.953197
15550.000000 -53.974434
15600.000000 -53.959476
15650.000000 -53.974102
15700.000000 -55.623085
15750.000000 -58.775841
15800.000000 -57.378181
15850.000000 -57.756973
15900.000000 -55.373047
15950.000000 -54.432007
16000.000000 -54.206326
16050.000000 -54.552353
16100.000000 -58.412643
16150.000000 -60.065453
16200.000000 -56.881100
16250.000000 -60.528683
16300.000000 -59.055351
16350.000000 -56.176861
16400.000000 -54.535664
16450.000000 -53.897484
16500.000000 -53.967216
16550.000000 -57.628628
16600.000000 -57.375927
16650.000000 -55.613964
16700.000000 -55.556324
16750.000000 -55.635185
16800.000000 -55.577724
16850.000000 -54.625786
16900.000000 -55.019276
16950.000000 -57.845566
17000.000000 -59.131588
17050.000000 -59.810566
17100.000000 -57.459908
17150.000000 -55.808582
17200.000000 -53.919109
17250.000000 -54.007744
17300.000000 -56.564754
17350.000000 -57.117233
17400.000000 -57.513794
17450.000000 -60.097698
17500.000000 -59.281708
17550.000000 -57.073124
17600.000000 -57.490334
17650.000000 -56.036499
17700.000000 -55.839146
17750.000000 -53.961792
17800.000000 -54.899837
17850.000000 -55.367527
17900.000000 -55.421104
17950.000000 -56.205070
18000.000000 -55.487309
18050.000000 -53.965298
18100.000000 -54.255783
18150.000000 -54.000233
18200.000000 -55.279339
18250.000000 -58.602268
18300.000000 -58.990051
18350.000000 -57.028484
18400.000000 -57.233368
18450.000000 -56.018467
18500.000000 -54.339233
18550.000000 -53.949432
18600.000000 -53.964767
18650.000000 -55.056252
18700.000000 -60.338100
18750.000000 -57.156124
18800.000000 -56.367466
18850.000000 -54.477360
18900.000000 -53.957691
18950.000000 -54.658543
19000.000000 -55.774700
19050.000000 -56.247646
19100.000000 -57.882046
19150.000000 -58.724190
19200.000000 -58.318325
19250.000000 -55.024654
19300.000000 -54.613232
19350.000000 -53.949432
19400.000000 -53.906284
19450.000000 -53.965694
19500.000000 -55.921047
19550.000000 -57.259815
19600.000000 -59.113739
19650.000000 -61.030693
19700.000000 -58.423801
19750.000000 -56.775677
19800.000000 -54.958462
19850.000000 -53.952473
19900.000000 -55.183201
19950.000000 -56.152401
20000.000000 -57.556004
20050.000000 -59.684532
20100.000000 -55.551712
20150.000000 -56.707455
20200.000000 -54.309994
20250.000000 -53.937489
20300.000000 -53.964504
20350.000000 -54.385494
20400.000000 -56.738632
20450.000000 -60.418533
20500.000000 -59.763752
20550.000000 -54.842049
20600.000000 -55.091282
20650.000000 -56.086781
20700.000000 -56.530018
20750.000000 -54.881290
20800.000000 -56.116055
20850.000000 -55.096104
20900.000000 -54.675613
20950.000000 -53.931553
21000.000000 -56.662399
21050.000000 -54.405518
21100.000000 -56.171574
21150.000000 -54.037247
21200.000000 -54.730354
21250.000000 -55.145905
21300.000000 -56.728714
21350.000000 -54.302425
21400.000000 -53.945801
21450.000000 -54.978733
21500.000000 -55.475174
21550.000000 -53.936237
21600.000000 -54.800957
21650.000000 -54.099579
21700.000000 -53.942104
21750.000000 -54.725586
21800.000000 -53.941315
21850.000000 -54.505196
21900.000000 -56.558243
21950.000000 -55.996704
22000.000000 -55.745659
22050.000000 -57.218250
22100.000000 -53.951153
22150.000000 -55.604687
22200.000000 -55.553619
22250.000000 -55.347256
22300.000000 -55.021740
22350.000000 -54.593155
22400.000000 -53.970459
22450.000000 -56.340549
22500.000000 -54.627071
22550.000000 -57.719074
22600.000000 -53.957561
22650.000000 -53.955776
22700.000000 -55.681255
22750.000000 -54.730427
22800.000000 -57.134567
22850.000000 -55.677948
22900.000000 -54.388065
22950.000000 -56.489048
23000.000000 -53.946991
23050.000000 -54.998459
23100.000000 -54.976208
23150.000000 -53.969864
23200.000000 -56.314491
23250.000000 -53.938675
23300.000000 -53.969002
23350.000000 -56.555298
23400.000000 -54.893799
23450.000000 -54.291771
23500.000000 -53.956108
23550.000000 -54.253525
23600.000000 -53.955975
23650.000000 -53.939137
23700.000000 -54.364273
23750.000000 -58.514252
23800.000000 -55.473999
23850.000000 -53.950424
23900.000000 -53.951614
23950.000000 -55.974915
24000.000000 -53.930103
24050.000000 -53.967880
24100.000000 -56.149254
24150.000000 -62.012711
24200.000000 -54.201565
24250.000000 -53.959942
24300.000000 -53.965893
24350.000000 -54.989609
24400.000000 -53.942173
24450.000000 -54.190491
24500.000000 -58.468353
24550.000000 -57.441326
24600.000000 -53.957493
24650.000000 -53.942173
24700.000000 -56.881840
24750.000000 -54.868362
24800.000000 -54.548248
24850.000000 -54.684521
24900.000000 -58.660004
24950.000000 -55.473915
25000.000000 -54.584763
25050.000000 -57.341312
25100.000000 -59.764526
25150.000000 -55.997288
25200.000000 -54.564255
25250.000000 -55.411488
25300.000000 -55.745903
25350.000000 -54.807354
25400.000000 -55.657585
25450.000000 -62.040993
25500.000000 -60.068394
25550.000000 -54.930321
25600.000000 -54.999283
25650.000000 -53.952602
25700.000000 -54.286209
25750.000000 -54.523590
25800.000000 -58.221020
25850.000000 -64.373062
25900.000000 -57.833267
25950.000000 -54.267899
26000.000000 -53.967945
26050.000000 -53.951744
26100.000000 -54.023449
26150.000000 -55.825039
26200.000000 -59.776791
26250.000000 -60.287815
26300.000000 -55.814396
26350.000000 -53.962982
26400.000000 -53.972313
26450.000000 -53.967880
26500.000000 -53.977280
26550.000000 -56.886097
26600.000000 -59.097000
26650.000000 -56.811810
26700.000000 -53.974632
26750.000000 -53.963711
26800.000000 -53.956303
26850.000000 -53.945736
26900.000000 -54.576740
26950.000000 -56.704372
27000.000000 -57.173912
27050.000000 -54.720680
27100.000000 -53.977146
27150.000000 -53.939007
27200.000000 -53.933731
27250.000000 -53.978939
27300.000000 -55.893993
27350.000000 -56.851440
27400.000000 -55.844730
27450.000000 -53.976089
27500.000000 -53.957626
27550.000000 -53.934719
27600.000000 -53.970329
27650.000000 -54.132427
27700.000000 -55.520954
27750.000000 -55.298061
27800.000000 -53.975491
27850.000000 -53.951614
27900.000000 -53.970196
27950.000000 -53.948112
28000.000000 -53.971455
28050.000000 -54.325222
28100.000000 -55.147877
28150.000000 -54.032043
28200.000000 -54.009937
28250.000000 -53.953266
28300.000000 -53.963974
28350.000000 -53.929909
28400.000000 -54.179092
28450.000000 -54.664780
28500.000000 -54.246075
28550.000000 -54.355549
28600.000000 -53.964436
28650.000000 -53.963047
28700.000000 -53.970196
28750.000000 -53.977478
28800.000000 -54.252155
28850.000000 -54.822456
28900.000000 -54.036644
28950.000000 -53.973309
29000.000000 -53.976353
29050.000000 -53.973106
29100.000000 -54.222530
29150.000000 -54.386257
29200.000000 -54.565601
29250.000000 -54.442760
29300.000000 -54.395916
29350.000000 -54.661983
29400.000000 -54.727970
29450.000000 -54.636143
29500.000000 -54.858166
29550.000000 -55.220364
29600.000000 -54.990788
29650.000000 -55.315277
29700.000000 -55.532200
29750.000000 -55.640320
29800.000000 -55.882683
29850.000000 -55.890194
29900.000000 -56.037762
29950.000000 -56.038433
30000.000000 -56.127586
30050.000000 -56.056763
30100.000000 -56.229424
30150.000000 -56.298820
30200.000000 -56.259182
30250.000000 -56.360664
30300.000000 -56.415230
30350.000000 -56.643913
30400.000000 -57.018040
30450.000000 -56.962650
30500.000000 -57.146481
30550.000000 -57.189335
30600.000000 -57.356449
30650.000000 -57.642357
30700.000000 -57.734684
30750.000000 -57.820160
30800.000000 -58.175140
30850.000000 -58.158077
30900.000000 -58.186428
30950.000000 -58.252071
31000.000000 -58.391804
31050.000000 -58.344902
31100.000000 -58.462246
31150.000000 -58.579842
31200.000000 -58.653988
31250.000000 -58.766518
31300.000000 -58.884609
31350.000000 -58.836834
31400.000000 -58.697227
31450.000000 -58.863651
31500.000000 -58.870747
31550.000000 -59.003853
31600.000000 -58.957767
31650.000000 -58.819229
31700.000000 -59.064690
31750.000000 -59.158855
31800.000000 -59.271832
31850.000000 -59.312267
31900.000000 -59.347355
31950.000000 -59.522083
32000.000000 -59.766460
32050.000000 -60.080021
32100.000000 -60.248447
32150.000000 -60.275082
32200.000000 -60.689323
32250.000000 -60.999111
32300.000000 -61.002533
32350.000000 -60.995991
32400.000000 -60.969719
32450.000000 -61.209358
32500.000000 -61.339664
32550.000000 -61.481380
32600.000000 -61.544006
32650.000000 -61.501053
32700.000000 -61.599598
32750.000000 -61.226131
32800.000000 -61.779263
32850.000000 -62.029118
32900.000000 -62.235954
32950.000000 -62.514519
33000.000000 -62.805973
33050.000000 -62.987080
33100.000000 -63.372555
33150.000000 -63.130325
33200.000000 -63.303265
33250.000000 -63.627167
33300.000000 -63.512024
33350.000000 -63.596432
33400.000000 -63.535290
33450.000000 -63.308498
33500.000000 -63.639854
33550.000000 -64.066719
33600.000000 -64.412186
33650.000000 -63.884281
33700.000000 -64.434677
33750.000000 -64.753609
33800.000000 -64.681740
33850.000000 -64.769432
33900.000000 -64.898453
33950.000000 -65.049545
34000.000000 -65.230614
34050.000000 -65.257034
34100.000000 -65.360580
34150.000000 -65.858055
34200.000000 -65.936714
34250.000000 -66.377464
34300.000000 -66.478302
34350.000000 -66.141518
34400.000000 -66.804276
34450.000000 -67.264153
34500.000000 -67.373108
34550.000000 -67.762047
34600.000000 -67.899170
34650.000000 -67.547684
34700.000000 -67.547684
34750.000000 -67.896202
34800.000000 -68.075012
34850.000000 -67.308311
34900.000000 -67.604118
34950.000000 -67.101128
35000.000000 -67.146278
35050.000000 -67.214737
35100.000000 -67.497581
35150.000000 -66.967377
35200.000000 -67.190140
35250.000000 -67.570465
35300.000000 -67.470917
35350.000000 -67.962578
35400.000000 -68.247643
35450.000000 -68.256210
35500.000000 -68.478828
35550.000000 -68.445824
35600.000000 -68.754013
35650.000000 -68.655083
35700.000000 -68.983604
35750.000000 -68.711632
35800.000000 -68.744217
35850.000000 -68.953453
35900.000000 -69.316498
35950.000000 -69.335503
36000.000000 -68.723930
36050.000000 -68.805359
36100.000000 -68.516548
36150.000000 -68.211411
36200.000000 -68.079048
36250.000000 -68.458443
36300.000000 -68.128906
36350.000000 -68.039825
36400.000000 -68.517609
36450.000000 -68.467575
36500.000000 -68.502075
36550.000000 -68.113045
36600.000000 -68.680611
36650.000000 -68.722122
36700.000000 -69.095039
36750.000000 -68.774368
36800.000000 -68.793320
36850.000000 -68.896423
36900.000000 -69.647766
36950.000000 -69.813553
37000.000000 -70.044250
37050.000000 -70.697121
37100.000000 -70.683502
37150.000000 -71.473305
37200.000000 -70.967873
37250.000000 -71.069672
37300.000000 -71.222702
37350.000000 -71.678314
37400.000000 -72.309853
37450.000000 -72.059776
37500.000000 -72.559471
37550.000000 -72.378479
37600.000000 -72.146812
37650.000000 -72.515686
37700.000000 -72.298378
37750.000000 -72.312042
37800.000000 -71.806885
37850.000000 -72.279289
37900.000000 -72.756966
37950.000000 -73.105240
38000.000000 -73.235039
38050.000000 -73.186508
38100.000000 -73.546509
38150.000000 -74.325638
38200.000000 -73.476807
38250.000000 -73.181671
38300.000000 -73.034218
38350.000000 -72.908539
38400.000000 -74.142082
38450.000000 -74.152214
38500.000000 -73.236252
38550.000000 -73.664581
38600.000000 -73.994125
38650.000000 -73.843430
38700.000000 -74.065445
38750.000000 -74.327705
38800.000000 -74.816475
38850.000000 -75.601013
38900.000000 -74.680359
38950.000000 -74.796822
39000.000000 -75.956421
39050.000000 -75.361542
39100.000000 -75.601013
39150.000000 -75.948105
39200.000000 -76.060219
39250.000000 -76.567345
39300.000000 -76.589691
39350.000000 -75.730568
39400.000000 -76.439743
39450.000000 -76.437103
39500.000000 -77.353523
39550.000000 -77.649742
39600.000000 -75.514389
39650.000000 -74.686104
39700.000000 -75.398918
39750.000000 -75.289581
39800.000000 -74.771347
39850.000000 -74.708420
39900.000000 -74.073479
39950.000000 -74.485016
40000.000000 -74.964401
