0.000000 -90.841843
50.000000 -88.063614
100.000000 -89.121536
150.000000 -90.081833
200.000000 -78.153488
250.000000 -71.115417
300.000000 -68.057915
350.000000 -66.286797
400.000000 -64.478294
450.000000 -62.933781
500.000000 -61.980518
550.000000 -60.630409
600.000000 -59.584274
650.000000 -59.201550
700.000000 -58.256516
750.000000 -57.729172
800.000000 -56.929268
850.000000 -56.474377
900.000000 -55.865784
950.000000 -55.629974
1000.000000 -55.219967
1050.000000 -54.973534
1100.000000 -54.576313
1150.000000 -54.148430
1200.000000 -54.128719
1250.000000 -54.560570
1300.000000 -54.737148
1350.000000 -54.406769
1400.000000 -54.416866
1450.000000 -54.765247
1500.000000 -54.665356
1550.000000 -55.357578
1600.000000 -56.310600
1650.000000 -56.219982
1700.000000 -56.377941
1750.000000 -54.993767
1800.000000 -54.509846
1850.000000 -53.969269
1900.000000 -53.968407
1950.000000 -53.963974
2000.000000 -53.964306
2050.000000 -54.043987
2100.000000 -54.621075
2150.000000 -55.557037
2200.000000 -56.092186
2250.000000 -53.972645
2300.000000 -54.153973
2350.000000 -54.502029
2400.000000 -55.012032
2450.000000 -54.924667
2500.000000 -54.828667
2550.000000 -55.367603
2600.000000 -54.810562
2650.000000 -54.738449
2700.000000 -54.709641
2750.000000 -54.625500
2800.000000 -53.969666
2850.000000 -54.736423
2900.000000 -54.711082
2950.000000 -53.968605
3000.000000 -53.962849
3050.000000 -53.973438
3100.000000 -53.976223
3150.000000 -53.973770
3200.000000 -54.228394
3250.000000 -54.444511
3300.000000 -54.573689
3350.000000 -54.807426
3400.000000 -55.155613
3450.000000 -55.355015
3500.000000 -55.544651
3550.000000 -55.849251
3600.000000 -56.093708
3650.000000 -56.432789
3700.000000 -56.752575
3750.000000 -57.090458
3800.000000 -57.579445
3850.000000 -57.716427
3900.000000 -58.050144
3950.000000 -58.353779
4000.000000 -58.795200
4050.000000 -58.929836
4100.000000 -59.216915
4150.000000 -59.296730
4200.000000 -59.575939
4250.000000 -59.683891
4300.000000 -59.781307
4350.000000 -59.789196
4400.000000 -59.841225
4450.000000 -59.677631
4500.000000 -59.717442
4550.000000 -59.709492
4600.000000 -59.359413
4650.000000 -59.282558
4700.000000 -58.983788
4750.000000 -59.006573
4800.000000 -58.801434
4850.000000 -58.497849
4900.000000 -58.153252
4950.000000 -58.090794
5000.000000 -57.720402
5050.000000 -57.459808
5100.000000 -57.334579
5150.000000 -56.945011
5200.000000 -56.742275
5250.000000 -56.596226
5300.000000 -56.537846
5350.000000 -56.288872
5400.000000 -55.848919
5450.000000 -55.859283
5500.000000 -55.683270
5550.000000 -55.703209
5600.000000 -55.452217
5650.000000 -55.222263
5700.000000 -54.957199
5750.000000 -54.708344
5800.000000 -54.688835
5850.000000 -54.485859
5900.000000 -54.361710
5950.000000 -54.368706
6000.000000 -54.587036
6050.000000 -54.714111
6100.000000 -55.032433
6150.000000 -55.190815
6200.000000 -55.011284
6250.000000 -55.045383
6300.000000 -56.276260
6350.000000 -54.941715
6400.000000 -55.218975
6450.000000 -54.715050
6500.000000 -54.800140
6550.000000 -54.828228
6600.000000 -54.463615
6650.000000 -54.499496
6700.000000 -54.411156
6750.000000 -54.292458
6800.000000 -54.490353
6850.000000 -54.363926
6900.000000 -54.708488
6950.000000 -54.874310
7000.000000 -54.922783
7050.000000 -54.960613
7100.000000 -55.086613
7150.000000 -55.154552
7200.000000 -55.157055
7250.000000 -55.430500
7300.000000 -55.687141
7350.000000 -55.410549
7400.000000 -55.621887
7450.000000 -55.786930
7500.000000 -55.828648
7550.000000 -55.898537
7600.000000 -55.928177
7650.000000 -55.980251
7700.000000 -56.306091
7750.000000 -56.442818
7800.000000 -56.527264
7850.000000 -56.605007
7900.000000 -56.619541
7950.000000 -56.746647
8000.000000 -56.852638
8050.000000 -56.985664
8100.000000 -56.922104
8150.000000 -57.087708
8200.000000 -57.008453
8250.000000 -56.968258
8300.000000 -57.224892
8350.000000 -57.314224
8400.000000 -57.204407
8450.000000 -57.188473
8500.000000 -57.107254
8550.000000 -57.204021
8600.000000 -57.044407
8650.000000 -57.121513
8700.000000 -57.033852
8750.000000 -57.072083
8800.000000 -57.003666
8850.000000 -57.093399
8900.000000 -57.054977
8950.000000 -56.937832
9000.000000 -56.708275
9050.000000 -56.709908
9100.000000 -56.786930
9150.000000 -56.896660
9200.000000 -56.582710
9250.000000 -56.488873
9300.000000 -56.511372
9350.000000 -56.528599
9400.000000 -56.496662
9450.000000 -56.256424
9500.000000 -56.236122
9550.000000 -56.184460
9600.000000 -55.881195
9650.000000 -56.049358
9700.000000 -56.017124
9750.000000 -55.902176
9800.000000 -55.854019
9850.000000 -55.717850
9900.000000 -55.731213
9950.000000 -55.649391
10000.000000 -55.573582
10050.000000 -55.529427
10100.000000 -55.575333
10150.000000 -55.208206
10200.000000 -55.399384
10250.000000 -55.479588
10300.000000 -55.510277
10350.000000 -55.358276
10400.000000 -55.328426
10450.000000 -55.432533
10500.000000 -55.442959
10550.000000 -55.339890
10600.000000 -55.671021
10650.000000 -55.631657
10700.000000 -55.397198
10750.000000 -55.396885
10800.000000 -55.378883
10850.000000 -55.309250
10900.000000 -55.362164
10950.000000 -55.504509
11000.000000 -55.384804
11050.000000 -55.433239
11100.000000 -55.421810
11150.000000 -55.438568
11200.000000 -55.575733
11250.000000 -55.543457
11300.000000 -55.648987
11350.000000 -55.756794
11400.000000 -55.712749
11450.000000 -55.920135
11500.000000 -55.935810
11550.000000 -55.876247
11600.000000 -56.006237
11650.000000 -56.089737
11700.000000 -55.956837
11750.000000 -56.166714
11800.000000 -56.395866
11850.000000 -56.365284
11900.000000 -56.216209
11950.000000 -56.370258
12000.000000 -56.376804
12050.000000 -56.409180
12100.000000 -56.563595
12150.000000 -56.477646
12200.000000 -56.500469
12250.000000 -56.701111
12300.000000 -56.596046
12350.000000 -56.437363
12400.000000 -56.475174
12450.000000 -56.533310
12500.000000 -56.495777
12550.000000 -56.458405
12600.000000 -56.552269
12650.000000 -56.504280
12700.000000 -56.584858
12750.000000 -56.431824
12800.000000 -56.435253
12850.000000 -56.467754
12900.000000 -56.343594
12950.000000 -56.554852
13000.000000 -56.311726
13050.000000 -56.381348
13100.000000 -56.288784
13150.000000 -56.382919
13200.000000 -56.370869
13250.000000 -56.387642
13300.000000 -56.327427
13350.000000 -56.500561
13400.000000 -56.265476
13450.000000 -56.376106
13500.000000 -56.315712
13550.000000 -56.039944
13600.000000 -56.230625
13650.000000 -56.098190
13700.000000 -56.064171
13750.000000 -56.177204
13800.000000 -55.977917
13850.000000 -55.998791
13900.000000 -55.977665
13950.000000 -56.012936
14000.000000 -55.955173
14050.000000 -56.037678
14100.000000 -56.126740
14150.000000 -56.231056
14200.000000 -56.223930
14250.000000 -56.112835
14300.000000 -56.034904
14350.000000 -56.087456
14400.000000 -56.035828
14450.000000 -56.195572
14500.000000 -56.001553
14550.000000 -55.940960
14600.000000 -56.028946
14650.000000 -55.923286
14700.000000 -56.065437
14750.000000 -55.956173
14800.000000 -56.006153
14850.000000 -56.140583
14900.000000 -56.039440
14950.000000 -56.103603
15000.000000 -55.994362
15050.000000 -56.020645
15100.000000 -56.161686
15150.000000 -55.899033
15200.000000 -55.840134
15250.000000 -55.919971
15300.000000 -55.902588
15350.000000 -56.233288
15400.000000 -56.057606
15450.000000 -56.164665
15500.000000 -55.930416
15550.000000 -55.932491
15600.000000 -56.011177
15650.000000 -56.038181
15700.000000 -55.987347
15750.000000 -56.160152
15800.000000 -56.086441
15850.000000 -56.186939
15900.000000 -56.266853
15950.000000 -56.363365
16000.000000 -56.140495
16050.000000 -56.258751
16100.000000 -56.316059
16150.000000 -56.318661
16200.000000 -56.297089
16250.000000 -56.368423
16300.000000 -56.469257
16350.000000 -56.334290
16400.000000 -56.526817
16450.000000 -56.459728
16500.000000 -56.254101
16550.000000 -56.522911
16600.000000 -56.451180
16650.000000 -56.265560
16700.000000 -56.361797
16750.000000 -56.434986
16800.000000 -56.498611
16850.000000 -56.572521
16900.000000 -56.341942
16950.000000 -56.528599
17000.000000 -56.505432
17050.000000 -56.374359
17100.000000 -56.540871
17150.000000 -56.502243
17200.000000 -56.331860
17250.000000 -56.326473
17300.000000 -56.502155
17350.000000 -56.354477
17400.000000 -56.098949
17450.000000 -56.234577
17500.000000 -56.320919
17550.000000 -56.426212
17600.000000 -56.191467
17650.000000 -56.525845
17700.000000 -56.517494
17750.000000 -56.164070
17800.000000 -56.376980
17850.000000 -56.334202
17900.000000 -56.498875
17950.000000 -56.181217
18000.000000 -56.614155
18050.000000 -56.454704
18100.000000 -56.382309
18150.000000 -56.381870
18200.000000 -56.399803
18250.000000 -56.341595
18300.000000 -56.341595
18350.000000 -56.378902
18400.000000 -56.219040
18450.000000 -56.335342
18500.000000 -56.468727
18550.000000 -56.375931
18600.000000 -56.412777
18650.000000 -56.278675
18700.000000 -56.029701
18750.000000 -56.197025
18800.000000 -56.225216
18850.000000 -56.038937
18900.000000 -56.377678
18950.000000 -56.132172
19000.000000 -56.157764
19050.000000 -56.324127
19100.000000 -56.319443
19150.000000 -56.224701
19200.000000 -56.343506
19250.000000 -56.239044
19300.000000 -56.208069
19350.000000 -56.040367
19400.000000 -56.077072
19450.000000 -56.042130
19500.000000 -56.073616
19550.000000 -56.155380
19600.000000 -56.124619
19650.000000 -56.124107
19700.000000 -56.057182
19750.000000 -56.167397
19800.000000 -56.102928
19850.000000 -56.124870
19900.000000 -56.153679
19950.000000 -56.236980
20000.000000 -56.029785
20050.000000 -55.963329
20100.000000 -56.144661
20150.000000 -56.059708
20200.000000 -56.011597
20250.000000 -55.933239
20300.000000 -56.094471
20350.000000 -56.378551
20400.000000 -56.422688
20450.000000 -56.405674
20500.000000 -56.714993
20550.000000 -56.625923
20600.000000 -56.681370
20650.000000 -56.810032
20700.000000 -57.038280
20750.000000 -57.040260
20800.000000 -57.229515
20850.000000 -57.478821
20900.000000 -57.548805
20950.000000 -57.378963
21000.000000 -57.666943
21050.000000 -57.857052
21100.000000 -57.988422
21150.000000 -58.101440
21200.000000 -58.160866
21250.000000 -58.433090
21300.000000 -58.612316
21350.000000 -58.563538
21400.000000 -58.643551
21450.000000 -58.735298
21500.000000 -58.946373
21550.000000 -58.943676
21600.000000 -59.092705
21650.000000 -59.208321
21700.000000 -59.343178
21750.000000 -59.548969
21800.000000 -59.571270
21850.000000 -59.682999
21900.000000 -59.709236
21950.000000 -59.920975
22000.000000 -60.056911
22050.000000 -60.155930
22100.000000 -60.249401
22150.000000 -60.254452
22200.000000 -60.371651
22250.000000 -60.535446
22300.000000 -60.576565
22350.000000 -60.647957
22400.000000 -60.850067
22450.000000 -60.972538
22500.000000 -61.084583
22550.000000 -61.061340
22600.000000 -61.249825
22650.000000 -61.354523
22700.000000 -61.412811
22750.000000 -61.655865
22800.000000 -61.691864
22850.000000 -61.922939
22900.000000 -61.893715
22950.000000 -61.876427
23000.000000 -62.128098
23050.000000 -62.145218
23100.000000 -62.197121
23150.000000 -62.250195
23200.000000 -62.519119
23250.000000 -62.370895
23300.000000 -62.595982
23350.000000 -62.688866
23400.000000 -62.764149
23450.000000 -62.807438
23500.000000 -62.662895
23550.000000 -62.702602
23600.000000 -62.924870
23650.000000 -63.207443
23700.000000 -63.497341
23750.000000 -63.577602
23800.000000 -63.715347
23850.000000 -63.703159
23900.000000 -63.839420
23950.000000 -63.918758
24000.000000 -64.041992
24050.000000 -63.844784
24100.000000 -64.189941
24150.000000 -64.500961
24200.000000 -64.237091
24250.000000 -64.198318
24300.000000 -64.317329
24350.000000 -64.478516
24400.000000 -64.633705
24450.000000 -64.633484
24500.000000 -64.890533
24550.000000 -64.867989
24600.000000 -64.813148
24650.000000 -65.201134
24700.000000 -65.405411
24750.000000 -65.525017
24800.000000 -65.365005
24850.000000 -65.550591
24900.000000 -65.546822
24950.000000 -65.862213
25000.000000 -65.592117
25050.000000 -65.665352
25100.000000 -66.145012
25150.000000 -66.181931
25200.000000 -66.467133
25250.000000 -66.182472
25300.000000 -66.689285
25350.000000 -66.645599
25400.000000 -66.639900
25450.000000 -66.798470
25500.000000 -66.933159
25550.000000 -66.879150
25600.000000 -67.475616
25650.000000 -67.535995
25700.000000 -67.669250
25750.000000 -67.513939
25800.000000 -67.898506
25850.000000 -67.673424
25900.000000 -68.027458
25950.000000 -68.263756
26000.000000 -68.498199
26050.000000 -68.326790
26100.000000 -68.519020
26150.000000 -68.792953
26200.000000 -68.856651
26250.000000 -68.530693
26300.000000 -68.828773
26350.000000 -68.759094
26400.000000 -68.754013
26450.000000 -69.280930
26500.000000 -68.792221
26550.000000 -68.802078
26600.000000 -69.237061
26650.000000 -69.417816
26700.000000 -69.864555
26750.000000 -69.932083
26800.000000 -69.813950
26850.000000 -69.914635
26900.000000 -70.216125
26950.000000 -69.964577
27000.000000 -69.898460
27050.000000 -70.389717
27100.000000 -70.520897
27150.000000 -70.735352
27200.000000 -71.109100
27250.000000 -70.974434
27300.000000 -71.095779
27350.000000 -70.964592
27400.000000 -71.098633
27450.000000 -71.086273
27500.000000 -71.301704
27550.000000 -71.471817
27600.000000 -71.483742
27650.000000 -71.494690
27700.000000 -71.653442
27750.000000 -72.202805
27800.000000 -72.196320
27850.000000 -72.139839
27900.000000 -71.698174
27950.000000 -71.821350
28000.000000 -72.323540
28050.000000 -72.232018
28100.000000 -72.291893
28150.000000 -72.749489
28200.000000 -72.667053
28250.000000 -72.954353
28300.000000 -72.892151
28350.000000 -72.886887
28400.000000 -72.583138
28450.000000 -72.762726
28500.000000 -72.829224
28550.000000 -73.044327
28600.000000 -72.969086
28650.000000 -73.494339
28700.000000 -73.124435
28750.000000 -73.753220
28800.000000 -73.444344
28850.000000 -73.990807
28900.000000 -73.998108
28950.000000 -73.899719
29000.000000 -74.622360
29050.000000 -74.178619
29100.000000 -74.238495
29150.000000 -74.877251
29200.000000 -75.070442
29250.000000 -74.452766
29300.000000 -74.944382
29350.000000 -75.312729
29400.000000 -75.029968
29450.000000 -75.054680
29500.000000 -75.223564
29550.000000 -75.389557
29600.000000 -75.572311
29650.000000 -75.453712
29700.000000 -75.624207
29750.000000 -75.043434
29800.000000 -75.973915
29850.000000 -75.991440
29900.000000 -75.265724
29950.000000 -76.287148
30000.000000 -76.546837
30050.000000 -76.449425
30100.000000 -76.445900
30150.000000 -76.071167
30200.000000 -76.035835
30250.000000 -76.038353
30300.000000 -76.787941
30350.000000 -76.313118
30400.000000 -76.356567
30450.000000 -75.821030
30500.000000 -77.068962
30550.000000 -76.275917
30600.000000 -76.158447
30650.000000 -77.220657
30700.000000 -77.196632
30750.000000 -77.545212
30800.000000 -76.806274
30850.000000 -77.274719
30900.000000 -77.257309
30950.000000 -78.101120
31000.000000 -78.591896
31050.000000 -77.608383
31100.000000 -77.789383
31150.000000 -77.798660
31200.000000 -77.068962
31250.000000 -77.963753
31300.000000 -78.689362
31350.000000 -77.703499
31400.000000 -78.106453
31450.000000 -78.094734
31500.000000 -78.096863
31550.000000 -78.323357
31600.000000 -79.133636
31650.000000 -78.892311
31700.000000 -79.028709
31750.000000 -78.956711
31800.000000 -79.689651
31850.000000 -79.591736
31900.000000 -78.597534
31950.000000 -80.032707
32000.000000 -78.927383
32050.000000 -79.522461
32100.000000 -79.504913
32150.000000 -80.662971
32200.000000 -80.955360
32250.000000 -80.455193
32300.000000 -80.320763
32350.000000 -79.788681
32400.000000 -79.339989
32450.000000 -79.587944
32500.000000 -80.514053
32550.000000 -80.678719
32600.000000 -80.831970
32650.000000 -80.986488
32700.000000 -81.115128
32750.000000 -80.253639
32800.000000 -81.446877
32850.000000 -80.939102
32900.000000 -81.697830
32950.000000 -80.845108
33000.000000 -80.783966
33050.000000 -80.792679
33100.000000 -80.710304
33150.000000 -82.289619
33200.000000 -81.827713
33250.000000 -82.037979
33300.000000 -81.026665
33350.000000 -81.997856
33400.000000 -82.766525
33450.000000 -82.176498
33500.000000 -82.437500
33550.000000 -81.795059
33600.000000 -84.163368
33650.000000 -81.813004
33700.000000 -82.681290
33750.000000 -82.980545
33800.000000 -82.681290
33850.000000 -83.694649
33900.000000 -83.383904
33950.000000 -83.360451
34000.000000 -83.846031
34050.000000 -83.405457
34100.000000 -82.666862
34150.000000 -83.846031
34200.000000 -83.745491
34250.000000 -85.553108
34300.000000 -84.872177
34350.000000 -84.541786
34400.000000 -85.961960
34450.000000 -84.388870
34500.000000 -84.946815
34550.000000 -84.638458
34600.000000 -85.836494
34650.000000 -84.415276
34700.000000 -84.844353
34750.000000 -85.198730
34800.000000 -82.679482
34850.000000 -84.195534
34900.000000 -84.421890
34950.000000 -84.325401
35000.000000 -84.481628
35050.000000 -84.331947
35100.000000 -84.388870
35150.000000 -84.727081
35200.000000 -84.754532
35250.000000 -85.019737
35300.000000 -85.359360
35350.000000 -83.916473
35400.000000 -85.133865
35450.000000 -84.720230
35500.000000 -84.967918
35550.000000 -85.679619
35600.000000 -85.841682
35650.000000 -85.694923
35700.000000 -87.300018
35750.000000 -86.620857
35800.000000 -86.335869
35850.000000 -86.709358
35900.000000 -85.121910
35950.000000 -84.953842
36000.000000 -85.810585
36050.000000 -85.210800
36100.000000 -85.904274
36150.000000 -85.500519
36200.000000 -85.141052
36250.000000 -85.779587
36300.000000 -85.133865
36350.000000 -87.448715
36400.000000 -85.919937
36450.000000 -87.226624
36500.000000 -87.970215
36550.000000 -86.524818
36600.000000 -86.452087
36650.000000 -86.519203
36700.000000 -86.781395
36750.000000 -87.805893
36800.000000 -87.638237
36850.000000 -85.771858
36900.000000 -87.861465
36950.000000 -86.720848
37000.000000 -86.234756
37050.000000 -87.361740
37100.000000 -89.216751
37150.000000 -87.904114
37200.000000 -86.883263
37250.000000 -86.204918
37300.000000 -86.415947
37350.000000 -86.761169
37400.000000 -88.267204
37450.000000 -89.552521
37500.000000 -86.145561
37550.000000 -88.409119
37600.000000 -88.226105
37650.000000 -87.770157
37700.000000 -87.530334
37750.000000 -87.741028
37800.000000 -87.805893
37850.000000 -88.830978
37900.000000 -89.371307
37950.000000 -86.758278
38000.000000 -88.388199
38050.000000 -85.914696
38100.000000 -85.483063
38150.000000 -88.114067
38200.000000 -89.564468
38250.000000 -86.909645
38300.000000 -88.461617
38350.000000 -87.420639
38400.000000 -89.477211
38450.000000 -89.148087
38500.000000 -90.001823
38550.000000 -89.947495
38600.000000 -89.049858
38650.000000 -86.715103
38700.000000 -86.974503
38750.000000 -88.923058
38800.000000 -89.136696
38850.000000 -88.205620
38900.000000 -87.096642
38950.000000 -88.016792
39000.000000 -88.030144
39050.000000 -89.688927
39100.000000 -87.275490
39150.000000 -90.427071
39200.000000 -89.243607
39250.000000 -87.144775
39300.000000 -87.075661
39350.000000 -89.363518
39400.000000 -87.923904
39450.000000 -87.129707
39500.000000 -88.033485
39550.000000 -86.983368
39600.000000 -90.326408
39650.000000 -89.493011
39700.000000 -87.505135
39750.000000 -91.690041
39800.000000 -91.414429
39850.000000 -89.885231
39900.000000 -91.473862
39950.000000 -87.763672
40000.000000 -90.786606
