0.000000 -88.642540
50.000000 -91.849319
100.000000 -89.556503
150.000000 -89.465385
200.000000 -88.356941
250.000000 -77.068962
300.000000 -72.412712
350.000000 -68.804634
400.000000 -66.286522
450.000000 -64.832542
500.000000 -63.198818
550.000000 -62.367413
600.000000 -61.178337
650.000000 -59.896053
700.000000 -59.572655
750.000000 -58.729916
800.000000 -57.553402
850.000000 -57.009113
900.000000 -56.429276
950.000000 -56.124279
1000.000000 -55.690289
1050.000000 -55.015465
1100.000000 -54.645370
1150.000000 -54.227028
1200.000000 -53.974960
1250.000000 -53.976353
1300.000000 -54.560215
1350.000000 -55.206676
1400.000000 -56.212952
1450.000000 -55.150227
1500.000000 -54.818367
1550.000000 -54.693295
1600.000000 -55.039989
1650.000000 -54.266117
1700.000000 -54.309032
1750.000000 -53.970989
1800.000000 -53.963840
1850.000000 -54.118679
1900.000000 -55.544651
1950.000000 -55.231136
2000.000000 -54.843147
2050.000000 -54.152889
2100.000000 -53.971718
2150.000000 -53.973770
2200.000000 -53.928326
2250.000000 -53.947983
2300.000000 -53.962322
2350.000000 -53.934853
2400.000000 -53.954124
2450.000000 -53.964966
2500.000000 -53.965893
2550.000000 -53.978939
2600.000000 -54.060291
2650.000000 -55.102058
2700.000000 -55.686253
2750.000000 -57.457138
2800.000000 -58.549843
2850.000000 -59.313244
2900.000000 -60.836342
2950.000000 -59.297829
3000.000000 -58.511013
3050.000000 -59.568745
3100.000000 -58.776417
3150.000000 -57.428505
3200.000000 -56.039776
3250.000000 -55.947605
3300.000000 -55.014572
3350.000000 -53.974365
3400.000000 -53.950424
3450.000000 -53.950092
3500.000000 -53.947849
3550.000000 -53.969334
3600.000000 -53.952801
3650.000000 -53.961197
3700.000000 -53.944942
3750.000000 -53.938477
3800.000000 -53.970657
3850.000000 -54.000633
3900.000000 -54.988106
3950.000000 -55.865784
4000.000000 -56.811043
4050.000000 -57.221329
4100.000000 -58.120422
4150.000000 -58.434086
4200.000000 -58.914970
4250.000000 -58.622375
4300.000000 -58.019810
4350.000000 -57.890255
4400.000000 -57.155075
4450.000000 -55.902092
4500.000000 -55.755733
4550.000000 -54.622002
4600.000000 -54.370853
4650.000000 -53.976021
4700.000000 -53.966553
4750.000000 -53.937622
4800.000000 -53.930698
4850.000000 -53.956703
4900.000000 -53.929184
4950.000000 -53.919964
5000.000000 -53.926876
5050.000000 -53.931950
5100.000000 -54.915253
5150.000000 -54.555611
5200.000000 -54.029045
5250.000000 -53.956501
5300.000000 -53.982716
5350.000000 -54.067451
5400.000000 -54.388203
5450.000000 -54.587322
5500.000000 -54.888500
5550.000000 -55.188148
5600.000000 -56.083065
5650.000000 -56.843513
5700.000000 -58.478580
5750.000000 -57.413830
5800.000000 -56.913368
5850.000000 -55.906887
5900.000000 -55.867844
5950.000000 -55.527607
6000.000000 -54.909203
6050.000000 -54.933205
6100.000000 -54.951344
6150.000000 -54.939270
6200.000000 -54.756695
6250.000000 -54.777954
6300.000000 -54.653458
6350.000000 -54.893211
6400.000000 -54.769531
6450.000000 -54.930172
6500.000000 -54.911560
6550.000000 -54.983047
6600.000000 -54.977768
6650.000000 -55.207821
6700.000000 -55.159939
6750.000000 -55.246151
6800.000000 -55.166092
6850.000000 -55.127281
6900.000000 -55.083450
6950.000000 -55.274876
7000.000000 -55.118889
7050.000000 -55.321774
7100.000000 -55.093464
7150.000000 -54.932465
7200.000000 -54.933056
7250.000000 -54.665215
7300.000000 -54.645512
7350.000000 -54.486279
7400.000000 -54.332535
7450.000000 -54.522743
7500.000000 -54.556389
7550.000000 -54.421120
7600.000000 -54.503437
7650.000000 -54.310684
7700.000000 -54.161411
7750.000000 -54.115383
7800.000000 -54.177734
7850.000000 -54.385635
7900.000000 -55.395561
7950.000000 -55.618042
8000.000000 -54.384037
8050.000000 -54.383621
8100.000000 -58.414852
8150.000000 -54.475044
8200.000000 -55.915497
8250.000000 -56.741730
8300.000000 -56.335159
8350.000000 -56.777687
8400.000000 -56.122837
8450.000000 -56.750839
8500.000000 -56.198223
8550.000000 -54.790676
8600.000000 -54.746624
8650.000000 -54.402386
8700.000000 -53.976154
8750.000000 -53.969269
8800.000000 -53.973438
8850.000000 -53.979401
8900.000000 -53.979401
8950.000000 -53.979401
9000.000000 -53.979401
9050.000000 -53.966160
9100.000000 -53.947121
9150.000000 -55.606686
9200.000000 -54.062969
9250.000000 -53.962849
9300.000000 -54.080379
9350.000000 -54.260231
9400.000000 -54.403080
9450.000000 -54.558941
9500.000000 -54.754158
9550.000000 -54.797153
9600.000000 -55.355095
9650.000000 -55.550049
9700.000000 -55.503086
9750.000000 -55.186779
9800.000000 -54.828667
9850.000000 -54.739101
9900.000000 -54.588245
9950.000000 -54.331429
10000.000000 -54.055077
10050.000000 -54.083065
10100.000000 -54.905663
10150.000000 -55.293358
10200.000000 -53.927734
10250.000000 -54.763218
10300.000000 -53.946331
10350.000000 -53.973969
10400.000000 -53.959675
10450.000000 -53.979401
10500.000000 -53.961727
10550.000000 -53.971649
10600.000000 -53.964172
10650.000000 -54.652470
10700.000000 -55.497562
10750.000000 -55.686172
10800.000000 -55.468410
10850.000000 -55.135303
10900.000000 -55.328270
10950.000000 -54.623432
11000.000000 -55.816357
11050.000000 -54.574467
11100.000000 -55.564396
11150.000000 -55.072395
11200.000000 -54.686966
11250.000000 -56.603481
11300.000000 -56.734718
11350.000000 -55.149544
11400.000000 -55.804409
11450.000000 -56.043137
11500.000000 -56.639141
11550.000000 -56.013943
11600.000000 -54.381397
11650.000000 -54.276260
11700.000000 -54.176582
11750.000000 -54.675400
11800.000000 -53.968605
11850.000000 -53.970127
11900.000000 -53.971649
11950.000000 -53.970127
12000.000000 -53.978939
12050.000000 -53.968407
12100.000000 -53.964703
12150.000000 -53.969864
12200.000000 -53.965298
12250.000000 -53.975624
12300.000000 -53.974037
12350.000000 -53.974300
12400.000000 -54.071468
12450.000000 -54.096687
12500.000000 -54.032642
12550.000000 -53.974895
12600.000000 -54.245937
12650.000000 -54.183159
12700.000000 -54.417915
12750.000000 -54.153564
12800.000000 -54.417564
12850.000000 -54.510971
12900.000000 -54.417843
12950.000000 -54.348007
13000.000000 -54.988258
13050.000000 -54.880852
13100.000000 -54.692287
13150.000000 -54.880558
13200.000000 -54.906178
13250.000000 -55.040588
13300.000000 -54.524155
13350.000000 -54.560429
13400.000000 -54.207073
13450.000000 -54.908390
13500.000000 -54.700275
13550.000000 -54.554905
13600.000000 -53.978340
13650.000000 -53.969002
13700.000000 -53.971123
13750.000000 -53.971584
13800.000000 -53.963646
13850.000000 -53.961922
13900.000000 -53.962585
13950.000000 -53.970524
14000.000000 -53.965496
14050.000000 -53.978207
14100.000000 -53.968010
14150.000000 -53.971584
14200.000000 -53.958950
14250.000000 -53.964901
14300.000000 -53.976620
14350.000000 -53.968475
14400.000000 -53.978474
14450.000000 -54.082863
14500.000000 -54.209251
14550.000000 -54.247234
14600.000000 -54.246895
14650.000000 -54.600410
14700.000000 -55.812016
14750.000000 -57.168072
14800.000000 -55.837833
14850.000000 -54.674252
14900.000000 -55.687622
14950.000000 -55.934074
15000.000000 -57.096527
15050.000000 -56.780434
15100.000000 -58.002731
15150.000000 -56.429276
15200.000000 -56.571629
15250.000000 -55.717442
15300.000000 -54.093533
15350.000000 -53.978539
15400.000000 -53.970459
15450.000000 -53.967083
15500.000000 -53.970791
15550.000000 -53.970524
15600.000000 -53.970062
15650.000000 -53.970856
15700.000000 -53.968208
15750.000000 -53.964569
15800.000000 -53.973175
15850.000000 -53.972313
15900.000000 -53.967415
15950.000000 -53.973373
16000.000000 -53.974960
16050.000000 -54.006680
16100.000000 -54.151672
16150.000000 -55.306858
16200.000000 -54.450596
16250.000000 -56.366070
16300.000000 -55.280262
16350.000000 -56.499142
16400.000000 -55.735676
16450.000000 -56.656624
16500.000000 -54.724720
16550.000000 -54.953865
16600.000000 -55.947689
16650.000000 -54.749958
16700.000000 -54.994736
16750.000000 -54.908611
16800.000000 -54.510689
16850.000000 -54.976429
16900.000000 -54.278046
16950.000000 -54.972862
17000.000000 -53.972710
17050.000000 -53.962585
17100.000000 -53.959808
17150.000000 -53.974102
17200.000000 -53.964306
17250.000000 -53.970791
17300.000000 -53.964836
17350.000000 -53.977943
17400.000000 -53.973106
17450.000000 -53.985233
17500.000000 -54.109058
17550.000000 -54.109058
17600.000000 -54.096821
17650.000000 -54.362473
17700.000000 -54.182346
17750.000000 -54.029243
17800.000000 -54.224846
17850.000000 -54.315434
17900.000000 -54.333363
17950.000000 -54.371616
18000.000000 -54.350704
18050.000000 -54.612659
18100.000000 -54.607887
18150.000000 -54.642147
18200.000000 -54.814575
18250.000000 -54.817783
18300.000000 -54.490353
18350.000000 -54.573120
18400.000000 -54.738667
18450.000000 -54.602757
18500.000000 -54.502590
18550.000000 -54.544502
18600.000000 -54.511395
18650.000000 -54.374599
18700.000000 -54.314266
18750.000000 -54.549309
18800.000000 -54.404057
18850.000000 -54.492886
18900.000000 -54.440247
18950.000000 -54.311440
19000.000000 -54.532486
19050.000000 -54.440105
19100.000000 -54.348007
19150.000000 -54.279346
19200.000000 -54.276398
19250.000000 -54.104889
19300.000000 -54.136208
19350.000000 -54.193817
19400.000000 -54.145390
19450.000000 -54.161957
19500.000000 -54.148903
19550.000000 -54.178276
19600.000000 -54.406631
19650.000000 -54.164051
19700.000000 -54.107845
19750.000000 -55.006584
19800.000000 -55.025925
19850.000000 -55.179474
19900.000000 -54.862934
19950.000000 -54.786385
20000.000000 -55.192493
20050.000000 -55.533310
20100.000000 -55.052654
20150.000000 -55.013897
20200.000000 -54.958241
20250.000000 -54.602329
20300.000000 -54.235081
20350.000000 -54.395153
20400.000000 -54.512028
20450.000000 -54.553627
20500.000000 -54.810780
20550.000000 -54.833050
20600.000000 -55.124107
20650.000000 -55.093693
20700.000000 -55.165333
20750.000000 -55.110962
20800.000000 -55.340744
20850.000000 -55.285034
20900.000000 -55.580112
20950.000000 -55.630455
21000.000000 -55.619083
21050.000000 -55.741516
21100.000000 -56.040615
21150.000000 -56.003643
21200.000000 -56.395252
21250.000000 -56.286106
21300.000000 -56.449947
21350.000000 -56.420319
21400.000000 -56.512436
21450.000000 -56.705280
21500.000000 -56.921268
21550.000000 -56.960594
21600.000000 -57.095863
21650.000000 -57.327854
21700.000000 -57.218731
21750.000000 -57.302654
21800.000000 -57.381805
21850.000000 -57.640739
21900.000000 -57.617741
21950.000000 -57.693325
22000.000000 -57.871975
22050.000000 -58.002838
22100.000000 -58.124691
22150.000000 -58.145649
22200.000000 -58.148216
22250.000000 -58.180836
22300.000000 -58.466576
22350.000000 -58.693695
22400.000000 -58.770779
22450.000000 -58.640148
22500.000000 -58.907719
22550.000000 -59.030128
22600.000000 -58.901878
22650.000000 -59.135426
22700.000000 -59.218491
22750.000000 -59.448635
22800.000000 -59.341091
22850.000000 -59.737221
22900.000000 -59.633305
22950.000000 -59.806156
23000.000000 -59.863506
23050.000000 -59.979088
23100.000000 -60.163757
23150.000000 -60.188240
23200.000000 -60.108829
23250.000000 -60.510956
23300.000000 -60.575150
23350.000000 -60.524319
23400.000000 -60.726135
23450.000000 -61.021446
23500.000000 -61.192619
23550.000000 -61.206921
23600.000000 -61.192314
23650.000000 -61.306789
23700.000000 -61.526295
23750.000000 -61.747761
23800.000000 -61.777145
23850.000000 -61.692345
23900.000000 -61.648811
23950.000000 -61.834255
24000.000000 -61.741768
24050.000000 -62.237495
24100.000000 -62.379086
24150.000000 -62.565475
24200.000000 -62.795727
24250.000000 -62.902996
24300.000000 -62.728874
24350.000000 -62.793167
24400.000000 -62.897442
24450.000000 -62.905586
24500.000000 -62.737045
24550.000000 -63.262840
24600.000000 -63.463509
24650.000000 -63.299389
24700.000000 -63.677620
24750.000000 -63.630184
24800.000000 -63.751610
24850.000000 -63.981205
24900.000000 -63.890087
24950.000000 -63.870613
25000.000000 -64.158440
25050.000000 -64.391060
25100.000000 -64.456566
25150.000000 -64.563942
25200.000000 -64.592682
25250.000000 -64.768967
25300.000000 -65.047882
25350.000000 -64.911736
25400.000000 -64.951958
25450.000000 -65.039352
25500.000000 -65.123337
25550.000000 -65.300354
25600.000000 -65.693123
25650.000000 -65.803329
25700.000000 -65.777771
25750.000000 -65.377800
25800.000000 -65.809280
25850.000000 -66.006302
25900.000000 -66.048752
25950.000000 -66.073509
26000.000000 -66.089798
26050.000000 -66.304031
26100.000000 -66.439827
26150.000000 -66.295547
26200.000000 -66.323494
26250.000000 -66.627388
26300.000000 -66.708206
26350.000000 -67.059204
26400.000000 -67.077446
26450.000000 -66.957924
26500.000000 -67.521179
26550.000000 -67.489418
26600.000000 -67.638542
26650.000000 -67.567932
26700.000000 -67.555588
26750.000000 -67.904434
26800.000000 -68.137360
26850.000000 -67.869598
26900.000000 -67.956284
26950.000000 -68.370796
27000.000000 -68.366631
27050.000000 -68.250381
27100.000000 -68.408752
27150.000000 -68.592850
27200.000000 -68.389580
27250.000000 -68.891998
27300.000000 -69.275536
27350.000000 -69.100708
27400.000000 -69.078445
27450.000000 -69.276306
27500.000000 -69.506844
27550.000000 -69.041580
27600.000000 -69.909653
27650.000000 -69.891014
27700.000000 -69.763641
27750.000000 -70.082245
27800.000000 -70.065338
27850.000000 -70.174545
27900.000000 -70.093254
27950.000000 -70.298149
28000.000000 -70.342941
28050.000000 -70.834442
28100.000000 -70.504440
28150.000000 -70.876060
28200.000000 -71.078209
28250.000000 -71.174591
28300.000000 -71.138199
28350.000000 -71.244438
28400.000000 -71.284676
28450.000000 -71.413429
28500.000000 -71.527603
28550.000000 -71.399139
28600.000000 -71.720108
28650.000000 -71.758514
28700.000000 -71.895576
28750.000000 -71.934769
28800.000000 -71.786270
28850.000000 -71.963089
28900.000000 -72.575806
28950.000000 -72.022667
29000.000000 -72.750061
29050.000000 -72.329018
29100.000000 -72.055527
29150.000000 -72.667053
29200.000000 -72.409950
29250.000000 -72.712181
29300.000000 -72.147346
29350.000000 -72.602905
29400.000000 -72.797356
29450.000000 -72.487732
29500.000000 -73.016998
29550.000000 -72.833870
29600.000000 -73.742897
29650.000000 -73.724213
29700.000000 -73.663933
29750.000000 -74.044724
29800.000000 -73.355698
29850.000000 -73.925362
29900.000000 -73.988152
29950.000000 -73.816071
30000.000000 -74.278183
30050.000000 -74.873581
30100.000000 -74.830353
30150.000000 -74.535736
30200.000000 -74.557671
30250.000000 -75.173996
30300.000000 -75.229683
30350.000000 -74.906693
30400.000000 -74.934021
30450.000000 -75.391899
30500.000000 -75.356102
30550.000000 -75.504120
30600.000000 -75.862907
30650.000000 -75.457642
30700.000000 -75.064438
30750.000000 -75.871964
30800.000000 -75.752487
30850.000000 -76.655273
30900.000000 -76.103271
30950.000000 -75.831680
31000.000000 -75.978920
31050.000000 -76.672424
31100.000000 -77.170753
31150.000000 -76.140587
31200.000000 -76.714088
31250.000000 -76.721352
31300.000000 -76.842133
31350.000000 -76.828323
31400.000000 -76.676941
31450.000000 -77.610390
31500.000000 -77.484482
31550.000000 -77.186081
31600.000000 -76.645355
31650.000000 -77.070854
31700.000000 -77.258270
31750.000000 -77.906281
31800.000000 -77.104980
31850.000000 -78.052269
31900.000000 -78.106453
31950.000000 -77.768860
32000.000000 -77.738159
32050.000000 -77.083160
32100.000000 -78.682526
32150.000000 -77.934448
32200.000000 -77.740204
32250.000000 -78.369370
32300.000000 -78.152397
32350.000000 -78.550293
32400.000000 -78.395767
32450.000000 -78.324448
32500.000000 -78.598663
32550.000000 -78.913338
32600.000000 -79.641190
32650.000000 -79.236198
32700.000000 -79.231346
32750.000000 -79.603127
32800.000000 -79.928207
32850.000000 -80.305649
32900.000000 -79.311783
32950.000000 -80.110176
33000.000000 -79.687088
33050.000000 -80.423126
33100.000000 -80.275497
33150.000000 -79.783508
33200.000000 -80.614471
33250.000000 -80.576141
33300.000000 -80.576141
33350.000000 -80.423126
33400.000000 -79.854904
33450.000000 -80.110176
33500.000000 -81.625610
33550.000000 -80.908150
33600.000000 -81.270210
33650.000000 -81.148338
33700.000000 -81.124168
33750.000000 -82.989891
33800.000000 -81.231941
33850.000000 -81.514458
33900.000000 -80.588898
33950.000000 -82.135727
34000.000000 -81.492393
34050.000000 -80.961281
34100.000000 -80.604515
34150.000000 -81.609650
34200.000000 -81.121155
34250.000000 -82.317261
34300.000000 -80.852409
34350.000000 -80.414787
34400.000000 -81.821175
34450.000000 -81.830986
34500.000000 -81.923111
34550.000000 -82.391998
34600.000000 -81.233467
34650.000000 -81.689774
34700.000000 -82.054756
34750.000000 -81.725266
34800.000000 -82.865501
34850.000000 -82.481483
34900.000000 -83.269218
34950.000000 -82.448036
35000.000000 -82.437500
35050.000000 -82.876564
35100.000000 -83.100922
35150.000000 -82.357155
35200.000000 -83.670341
35250.000000 -83.759781
35300.000000 -83.960274
35350.000000 -83.943565
35400.000000 -83.702759
35450.000000 -83.423126
35500.000000 -84.088768
35550.000000 -83.995895
35600.000000 -84.236450
35650.000000 -83.874969
35700.000000 -84.557449
35750.000000 -84.305794
35800.000000 -84.448387
35850.000000 -83.498138
35900.000000 -83.735313
35950.000000 -84.078171
36000.000000 -84.086647
36050.000000 -85.290855
36100.000000 -85.433372
36150.000000 -83.658218
36200.000000 -84.384483
36250.000000 -86.169792
36300.000000 -84.419685
36350.000000 -82.967484
36400.000000 -85.600967
36450.000000 -85.430893
36500.000000 -85.102806
36550.000000 -84.832787
36600.000000 -84.895432
36650.000000 -84.073929
36700.000000 -85.425941
36750.000000 -85.548088
36800.000000 -83.472404
36850.000000 -84.759117
36900.000000 -84.695168
36950.000000 -85.398758
37000.000000 -84.984375
37050.000000 -84.939789
37100.000000 -84.439545
37150.000000 -84.129189
37200.000000 -86.427055
37250.000000 -86.075920
37300.000000 -87.763672
37350.000000 -85.288414
37400.000000 -85.126694
37450.000000 -85.833900
37500.000000 -85.833900
37550.000000 -84.090897
37600.000000 -85.215630
37650.000000 -87.303093
37700.000000 -85.782166
37750.000000 -88.114067
37800.000000 -86.360641
37850.000000 -85.568192
37900.000000 -85.568192
37950.000000 -86.253799
38000.000000 -86.555771
38050.000000 -86.669281
38100.000000 -85.349541
38150.000000 -86.253799
38200.000000 -85.948807
38250.000000 -86.564240
38300.000000 -85.961960
38350.000000 -87.867973
38400.000000 -88.820000
38450.000000 -86.944954
38500.000000 -87.380249
38550.000000 -87.383347
38600.000000 -85.167442
38650.000000 -88.168205
38700.000000 -88.151253
38750.000000 -89.159492
38800.000000 -87.111656
38850.000000 -87.663818
38900.000000 -88.087128
38950.000000 -86.807472
39000.000000 -87.361671
39050.000000 -88.875053
39100.000000 -86.801674
39150.000000 -88.367340
39200.000000 -88.900871
39250.000000 -89.351837
39300.000000 -89.224434
39350.000000 -87.364761
39400.000000 -88.040176
39450.000000 -86.992256
39500.000000 -88.908257
39550.000000 -87.920593
39600.000000 -87.187119
39650.000000 -89.449631
39700.000000 -89.604424
39750.000000 -88.010124
39800.000000 -89.189987
39850.000000 -90.520020
39900.000000 -89.725395
39950.000000 -89.993439
40000.000000 -88.181793
