0.000000 -87.881096
50.000000 -92.038040
100.000000 -86.703621
150.000000 -75.609802
200.000000 -71.080620
250.000000 -67.987480
300.000000 -65.837784
350.000000 -64.026596
400.000000 -62.532417
450.000000 -61.156055
500.000000 -60.376633
550.000000 -59.683765
600.000000 -58.540989
650.000000 -57.794933
700.000000 -56.993347
750.000000 -56.845448
800.000000 -56.360928
850.000000 -55.413364
900.000000 -55.319221
950.000000 -55.130234
1000.000000 -54.441925
1050.000000 -54.278320
1100.000000 -54.161816
1150.000000 -54.148430
1200.000000 -54.128719
1250.000000 -54.560570
1300.000000 -54.737148
1350.000000 -54.406769
1400.000000 -54.416866
1450.000000 -54.765247
1500.000000 -54.665356
1550.000000 -55.357578
1600.000000 -56.310600
1650.000000 -56.219982
1700.000000 -56.377941
1750.000000 -54.993767
1800.000000 -54.509846
1850.000000 -53.969269
1900.000000 -53.968407
1950.000000 -53.963974
2000.000000 -53.964306
2050.000000 -54.043987
2100.000000 -54.621075
2150.000000 -55.557037
2200.000000 -56.092186
2250.000000 -54.944378
2300.000000 -54.244499
2350.000000 -54.337437
2400.000000 -54.363579
2450.000000 -55.052433
2500.000000 -56.578239
2550.000000 -55.283188
2600.000000 -55.008228
2650.000000 -54.365726
2700.000000 -54.046791
2750.000000 -54.210205
2800.000000 -54.713318
2850.000000 -54.959797
2900.000000 -55.110283
2950.000000 -55.519768
3000.000000 -55.734299
3050.000000 -56.169613
3100.000000 -56.491791
3150.000000 -56.584053
3200.000000 -57.278206
3250.000000 -57.580746
3300.000000 -57.626209
3350.000000 -58.034065
3400.000000 -58.336910
3450.000000 -58.899426
3500.000000 -59.322556
3550.000000 -59.605396
3600.000000 -59.944908
3650.000000 -60.326397
3700.000000 -60.609627
3750.000000 -61.001789
3800.000000 -61.223232
3850.000000 -61.342606
3900.000000 -61.225216
3950.000000 -61.387890
4000.000000 -61.239880
4050.000000 -60.900642
4100.000000 -60.750233
4150.000000 -60.424515
4200.000000 -60.188915
4250.000000 -59.681465
4300.000000 -59.674824
4350.000000 -59.348339
4400.000000 -59.139389
4450.000000 -58.392353
4500.000000 -58.332096
4550.000000 -57.910755
4600.000000 -57.580746
4650.000000 -57.566814
4700.000000 -57.388870
4750.000000 -57.033943
4800.000000 -56.727806
4850.000000 -56.483391
4900.000000 -56.324043
4950.000000 -56.202248
5000.000000 -55.947189
5050.000000 -55.579155
5100.000000 -55.503326
5150.000000 -55.512016
5200.000000 -55.539017
5250.000000 -55.532200
5300.000000 -55.166546
5350.000000 -55.186245
5400.000000 -55.118286
5450.000000 -55.039841
5500.000000 -55.077133
5550.000000 -54.752201
5600.000000 -54.943268
5650.000000 -54.905441
5700.000000 -54.810562
5750.000000 -54.759087
5800.000000 -54.857723
5850.000000 -54.835098
5900.000000 -54.929951
5950.000000 -54.728260
6000.000000 -54.787113
6050.000000 -54.829323
6100.000000 -55.052204
6150.000000 -55.119270
6200.000000 -55.311646
6250.000000 -55.102737
6300.000000 -55.172398
6350.000000 -55.416412
6400.000000 -55.686092
6450.000000 -55.727890
6500.000000 -55.749557
6550.000000 -55.875507
6600.000000 -56.134380
6650.000000 -56.111988
6700.000000 -56.299252
6750.000000 -56.436043
6800.000000 -56.451973
6850.000000 -56.547638
6900.000000 -56.942120
6950.000000 -56.953499
7000.000000 -57.192215
7050.000000 -57.166828
7100.000000 -57.267265
7150.000000 -57.490532
7200.000000 -57.560505
7250.000000 -57.882565
7300.000000 -57.980961
7350.000000 -57.966267
7400.000000 -57.967735
7450.000000 -58.151539
7500.000000 -58.249905
7550.000000 -58.139442
7600.000000 -58.226315
7650.000000 -58.203438
7700.000000 -58.239292
7750.000000 -58.337238
7800.000000 -58.350380
7850.000000 -58.074108
7900.000000 -58.337566
7950.000000 -58.178577
8000.000000 -58.078465
8050.000000 -57.989052
8100.000000 -58.009472
8150.000000 -57.776546
8200.000000 -57.824596
8250.000000 -57.572021
8300.000000 -57.450710
8350.000000 -57.274719
8400.000000 -57.281013
8450.000000 -57.134083
8500.000000 -57.106304
8550.000000 -56.872311
8600.000000 -56.746281
8650.000000 -56.641125
8700.000000 -56.583607
8750.000000 -56.545143
8800.000000 -56.654099
8850.000000 -56.363194
8900.000000 -56.260128
8950.000000 -56.236465
9000.000000 -56.120037
9050.000000 -56.184032
9100.000000 -56.371391
9150.000000 -56.167053
9200.000000 -56.167736
9250.000000 -56.278591
9300.000000 -56.176861
9350.000000 -56.144661
9400.000000 -55.926601
9450.000000 -56.097004
9500.000000 -56.248592
9550.000000 -55.939049
9600.000000 -56.095989
9650.000000 -56.165264
9700.000000 -56.072433
9750.000000 -56.072178
9800.000000 -56.147652
9850.000000 -55.924614
9900.000000 -56.167309
9950.000000 -56.158192
10000.000000 -56.361534
10050.000000 -56.471550
10100.000000 -56.429890
10150.000000 -56.594524
10200.000000 -56.670612
10250.000000 -56.744915
10300.000000 -56.684807
10350.000000 -56.916897
10400.000000 -56.798656
10450.000000 -56.896477
10500.000000 -56.869537
10550.000000 -57.018513
10600.000000 -56.979950
10650.000000 -57.166546
10700.000000 -57.207191
10750.000000 -56.963959
10800.000000 -57.344238
10850.000000 -57.307125
10900.000000 -57.389065
10950.000000 -57.150871
11000.000000 -57.075962
11050.000000 -57.106590
11100.000000 -57.084770
11150.000000 -57.255371
11200.000000 -57.142952
11250.000000 -57.391617
11300.000000 -57.487850
11350.000000 -57.325516
11400.000000 -57.568916
11450.000000 -57.304016
11500.000000 -57.229321
11550.000000 -57.174103
11600.000000 -57.303822
11650.000000 -57.211227
11700.000000 -57.324638
11750.000000 -57.381710
11800.000000 -57.046009
11850.000000 -57.192886
11900.000000 -57.275108
11950.000000 -57.271233
12000.000000 -57.190582
12050.000000 -57.242916
12100.000000 -57.063194
12150.000000 -57.090836
12200.000000 -57.071712
12250.000000 -56.864361
12300.000000 -56.980511
12350.000000 -56.832550
12400.000000 -57.043652
12450.000000 -57.165779
12500.000000 -57.089035
12550.000000 -56.997284
12600.000000 -56.848579
12650.000000 -56.901485
12700.000000 -57.016441
12750.000000 -56.816093
12800.000000 -56.788395
12850.000000 -56.656712
12900.000000 -56.517139
12950.000000 -56.612541
13000.000000 -56.748837
13050.000000 -56.665554
13100.000000 -56.589153
13150.000000 -56.712631
13200.000000 -56.544788
13250.000000 -56.582623
13300.000000 -56.682545
13350.000000 -56.487103
13400.000000 -56.591030
13450.000000 -56.694588
13500.000000 -56.706734
13550.000000 -56.750931
13600.000000 -56.847565
13650.000000 -56.678837
13700.000000 -56.799484
13750.000000 -56.696487
13800.000000 -56.793434
13850.000000 -56.783909
13900.000000 -56.896107
13950.000000 -56.584141
14000.000000 -56.846554
14050.000000 -56.924709
14100.000000 -56.842129
14150.000000 -56.878136
14200.000000 -56.888229
14250.000000 -56.871387
14300.000000 -56.834763
14350.000000 -56.932060
14400.000000 -57.042427
14450.000000 -57.127319
14500.000000 -56.974991
14550.000000 -57.135990
14600.000000 -57.299255
14650.000000 -57.161953
14700.000000 -57.069057
14750.000000 -57.079655
14800.000000 -57.198257
14850.000000 -57.183487
14900.000000 -57.110962
14950.000000 -57.304501
15000.000000 -57.143906
15050.000000 -57.168457
15100.000000 -57.432251
15150.000000 -57.293625
15200.000000 -57.046482
15250.000000 -57.129131
15300.000000 -57.099564
15350.000000 -57.276367
15400.000000 -57.291779
15450.000000 -57.137230
15500.000000 -57.226433
15550.000000 -57.024437
15600.000000 -57.095577
15650.000000 -57.270554
15700.000000 -57.165684
15750.000000 -56.882580
15800.000000 -57.012306
15850.000000 -57.021049
15900.000000 -56.916527
15950.000000 -57.023026
16000.000000 -56.918571
16050.000000 -56.976112
16100.000000 -56.957325
16150.000000 -56.867596
16200.000000 -56.945663
16250.000000 -56.983788
16300.000000 -57.096905
16350.000000 -56.803886
16400.000000 -57.104122
16450.000000 -57.116760
16500.000000 -57.027164
16550.000000 -56.890728
16600.000000 -56.957886
16650.000000 -56.713810
16700.000000 -56.764893
16750.000000 -56.697212
16800.000000 -56.763615
16850.000000 -56.799667
16900.000000 -56.783085
16950.000000 -57.009674
17000.000000 -56.811501
17050.000000 -56.937927
17100.000000 -56.970501
17150.000000 -56.897682
17200.000000 -56.978642
17250.000000 -57.300419
17300.000000 -57.114098
17350.000000 -57.029613
17400.000000 -57.172859
17450.000000 -56.996349
17500.000000 -56.886654
17550.000000 -56.885727
17600.000000 -56.941841
17650.000000 -56.768272
17700.000000 -57.175541
17750.000000 -56.863071
17800.000000 -56.866394
17850.000000 -56.756950
17900.000000 -56.910023
17950.000000 -56.711361
18000.000000 -56.749290
18050.000000 -57.007141
18100.000000 -57.022839
18150.000000 -56.755219
18200.000000 -56.882027
18250.000000 -56.811501
18300.000000 -56.954712
18350.000000 -56.892025
18400.000000 -57.047993
18450.000000 -57.020016
18500.000000 -57.383377
18550.000000 -57.112480
18600.000000 -56.955738
18650.000000 -57.204021
18700.000000 -57.143524
18750.000000 -57.170559
18800.000000 -57.269978
18850.000000 -57.314613
18900.000000 -57.086666
18950.000000 -57.134754
19000.000000 -57.269978
19050.000000 -57.183487
19100.000000 -57.317921
19150.000000 -57.283535
19200.000000 -57.433632
19250.000000 -57.243397
19300.000000 -57.235973
19350.000000 -57.156887
19400.000000 -57.163292
19450.000000 -56.973213
19500.000000 -57.146385
19550.000000 -57.238091
19600.000000 -57.284313
19650.000000 -57.093681
19700.000000 -57.293331
19750.000000 -57.076908
19800.000000 -57.246582
19850.000000 -57.200565
19900.000000 -57.211132
19950.000000 -57.271816
20000.000000 -57.185692
20050.000000 -57.161381
20100.000000 -57.152210
20150.000000 -57.142189
20200.000000 -57.174389
20250.000000 -57.417866
20300.000000 -57.450909
20350.000000 -57.298092
20400.000000 -57.414421
20450.000000 -57.787327
20500.000000 -57.996414
20550.000000 -57.864719
20600.000000 -57.955887
20650.000000 -58.067314
20700.000000 -58.325645
20750.000000 -58.178253
20800.000000 -58.552761
20850.000000 -58.347534
20900.000000 -58.688446
20950.000000 -58.734497
21000.000000 -59.065525
21050.000000 -58.966351
21100.000000 -59.224426
21150.000000 -59.144672
21200.000000 -59.262569
21250.000000 -59.362862
21300.000000 -59.390862
21350.000000 -59.547333
21400.000000 -59.418091
21450.000000 -59.590847
21500.000000 -59.755241
21550.000000 -59.771103
21600.000000 -59.997746
21650.000000 -59.966667
21700.000000 -60.204372
21750.000000 -60.201523
21800.000000 -60.578121
21850.000000 -60.460079
21900.000000 -60.391457
21950.000000 -60.672840
22000.000000 -60.959499
22050.000000 -61.045479
22100.000000 -60.862503
22150.000000 -61.082630
22200.000000 -61.237740
22250.000000 -61.322365
22300.000000 -61.550343
22350.000000 -61.869690
22400.000000 -61.972363
22450.000000 -61.996681
22500.000000 -62.137924
22550.000000 -61.890751
22600.000000 -62.290989
22650.000000 -62.529224
22700.000000 -62.508324
22750.000000 -62.446274
22800.000000 -62.530643
22850.000000 -62.756138
22900.000000 -62.643467
22950.000000 -62.907440
23000.000000 -63.281193
23050.000000 -62.929508
23100.000000 -63.283897
23150.000000 -63.193073
23200.000000 -63.220684
23250.000000 -63.561611
23300.000000 -63.659622
23350.000000 -63.674988
23400.000000 -64.000298
23450.000000 -64.116394
23500.000000 -64.037140
23550.000000 -64.220047
23600.000000 -64.530159
23650.000000 -64.554756
23700.000000 -64.551849
23750.000000 -64.901711
23800.000000 -64.968147
23850.000000 -65.006035
23900.000000 -65.281349
23950.000000 -65.167915
24000.000000 -65.280373
24050.000000 -65.264076
24100.000000 -65.507751
24150.000000 -65.596413
24200.000000 -65.387894
24250.000000 -65.722275
24300.000000 -65.636894
24350.000000 -66.015038
24400.000000 -65.828964
24450.000000 -65.830261
24500.000000 -65.770561
24550.000000 -66.391838
24600.000000 -66.402359
24650.000000 -66.702469
24700.000000 -66.785439
24750.000000 -66.812401
24800.000000 -66.996399
24850.000000 -66.945236
24900.000000 -67.296631
24950.000000 -67.268738
25000.000000 -67.284973
25050.000000 -67.261398
25100.000000 -67.662857
25150.000000 -67.979500
25200.000000 -67.543259
25250.000000 -68.042503
25300.000000 -68.142441
25350.000000 -68.174644
25400.000000 -68.017776
25450.000000 -68.139725
25500.000000 -68.153275
25550.000000 -68.497490
25600.000000 -68.468277
25650.000000 -68.797333
25700.000000 -68.860695
25750.000000 -68.879829
25800.000000 -69.270523
25850.000000 -69.424477
25900.000000 -69.033333
25950.000000 -69.406845
26000.000000 -69.408798
26050.000000 -69.590004
26100.000000 -69.534615
26150.000000 -69.526276
26200.000000 -69.984634
26250.000000 -69.895149
26300.000000 -70.225151
26350.000000 -70.147224
26400.000000 -70.389282
26450.000000 -70.460136
26500.000000 -70.785667
26550.000000 -70.430580
26600.000000 -70.486252
26650.000000 -70.349045
26700.000000 -70.947281
26750.000000 -71.220291
26800.000000 -71.197166
26850.000000 -71.026169
26900.000000 -71.347099
26950.000000 -71.696640
27000.000000 -71.442574
27050.000000 -71.401596
27100.000000 -71.896622
27150.000000 -72.145203
27200.000000 -72.164001
27250.000000 -72.160233
27300.000000 -72.113068
27350.000000 -72.173141
27400.000000 -72.396133
27450.000000 -72.112534
27500.000000 -72.160774
27550.000000 -72.682449
27600.000000 -72.625557
27650.000000 -72.855972
27700.000000 -72.732826
27750.000000 -72.936699
27800.000000 -72.842590
27850.000000 -73.059219
27900.000000 -73.441231
27950.000000 -73.685051
28000.000000 -73.740318
28050.000000 -73.832344
28100.000000 -73.634590
28150.000000 -74.012070
28200.000000 -73.876114
28250.000000 -73.933273
28300.000000 -73.966293
28350.000000 -74.437386
28400.000000 -74.610954
28450.000000 -74.701218
28500.000000 -74.288475
28550.000000 -74.938461
28600.000000 -74.546341
28650.000000 -74.640221
28700.000000 -75.261116
28750.000000 -75.205994
28800.000000 -75.145149
28850.000000 -74.610237
28900.000000 -75.676422
28950.000000 -75.148941
29000.000000 -75.466286
29050.000000 -75.563560
29100.000000 -75.633827
29150.000000 -76.045914
29200.000000 -76.197716
29250.000000 -76.658882
29300.000000 -76.311378
29350.000000 -76.562881
29400.000000 -76.820969
29450.000000 -76.731354
29500.000000 -76.208847
29550.000000 -76.603127
29600.000000 -76.494453
29650.000000 -76.925453
29700.000000 -77.377007
29750.000000 -77.528244
29800.000000 -77.302849
29850.000000 -77.183205
29900.000000 -77.574234
29950.000000 -77.211998
30000.000000 -77.214882
30050.000000 -77.919830
30100.000000 -78.314613
30150.000000 -77.841949
30200.000000 -76.768730
30250.000000 -77.898994
30300.000000 -78.104317
30350.000000 -78.097931
30400.000000 -78.070290
30450.000000 -77.607376
30500.000000 -77.642662
30550.000000 -77.910446
30600.000000 -78.407906
30650.000000 -78.703056
30700.000000 -78.962593
30750.000000 -79.075050
30800.000000 -79.467438
30850.000000 -79.502411
30900.000000 -78.856216
30950.000000 -78.792549
31000.000000 -79.562698
31050.000000 -79.369514
31100.000000 -78.865517
31150.000000 -78.588516
31200.000000 -79.896713
31250.000000 -79.834076
31300.000000 -80.174843
31350.000000 -80.220947
31400.000000 -80.967209
31450.000000 -81.083534
31500.000000 -80.477570
31550.000000 -80.342796
31600.000000 -80.899323
31650.000000 -81.726883
31700.000000 -81.440613
31750.000000 -81.095657
31800.000000 -81.071533
31850.000000 -82.589737
31900.000000 -81.500267
31950.000000 -80.545044
32000.000000 -81.972870
32050.000000 -81.354996
32100.000000 -81.992851
32150.000000 -82.081665
32200.000000 -82.486771
32250.000000 -82.948853
32300.000000 -83.121780
32350.000000 -82.063156
32400.000000 -81.691383
32450.000000 -82.538101
32500.000000 -83.521965
32550.000000 -83.248001
32600.000000 -81.852287
32650.000000 -83.135086
32700.000000 -83.116089
32750.000000 -83.993797
32800.000000 -83.123680
32850.000000 -84.275391
32900.000000 -83.190399
32950.000000 -83.378036
33000.000000 -83.837776
33050.000000 -83.745491
33100.000000 -83.076340
33150.000000 -83.360451
33200.000000 -83.100922
33250.000000 -82.355415
33300.000000 -82.531006
33350.000000 -83.492195
33400.000000 -84.059113
33450.000000 -85.205971
33500.000000 -84.692886
33550.000000 -84.851295
33600.000000 -84.996147
33650.000000 -84.483849
33700.000000 -85.055244
33750.000000 -85.543068
33800.000000 -85.485550
33850.000000 -85.545578
33900.000000 -84.492737
33950.000000 -85.774437
34000.000000 -83.856354
34050.000000 -84.855934
34100.000000 -86.798775
34150.000000 -85.682167
34200.000000 -86.148247
34250.000000 -84.503860
34300.000000 -85.766708
34350.000000 -84.729362
34400.000000 -85.628792
34450.000000 -85.758987
34500.000000 -85.465637
34550.000000 -83.565811
34600.000000 -85.327492
34650.000000 -86.028038
34700.000000 -85.249519
34750.000000 -86.868637
34800.000000 -87.947021
34850.000000 -86.598167
34900.000000 -86.485580
34950.000000 -84.568657
35000.000000 -86.886185
35050.000000 -85.636398
35100.000000 -84.821236
35150.000000 -86.183289
35200.000000 -86.479988
35250.000000 -85.379036
35300.000000 -87.533485
35350.000000 -87.841782
35400.000000 -87.181061
35450.000000 -87.480019
35500.000000 -87.561928
35550.000000 -85.636398
35600.000000 -87.045784
35650.000000 -87.090645
35700.000000 -86.153633
35750.000000 -86.877403
35800.000000 -86.519203
35850.000000 -87.845062
35900.000000 -88.479187
35950.000000 -86.700760
36000.000000 -88.100586
36050.000000 -86.094612
36100.000000 -87.235764
36150.000000 -87.235764
36200.000000 -88.270638
36250.000000 -85.938301
36300.000000 -88.236359
36350.000000 -88.475670
36400.000000 -89.305290
36450.000000 -90.128502
36500.000000 -87.917297
36550.000000 -87.930496
36600.000000 -88.845650
36650.000000 -88.222687
36700.000000 -88.696480
36750.000000 -89.997627
36800.000000 -89.516769
36850.000000 -86.944954
36900.000000 -89.201447
36950.000000 -89.155693
37000.000000 -89.297554
37050.000000 -87.734566
37100.000000 -88.171600
37150.000000 -87.980179
37200.000000 -88.154640
37250.000000 -88.642540
37300.000000 -88.834648
37350.000000 -89.972527
37400.000000 -88.168205
37450.000000 -90.183975
37500.000000 -89.528702
37550.000000 -88.904564
37600.000000 -86.933182
37650.000000 -85.888550
37700.000000 -89.004890
37750.000000 -87.644623
37800.000000 -89.972527
37850.000000 -88.181793
37900.000000 -89.034843
37950.000000 -86.939056
38000.000000 -90.166870
38050.000000 -88.151253
38100.000000 -88.830978
38150.000000 -86.524818
38200.000000 -89.520729
38250.000000 -91.099602
38300.000000 -88.696480
38350.000000 -88.205620
38400.000000 -87.571426
38450.000000 -86.781395
38500.000000 -88.816338
38550.000000 -88.274071
38600.000000 -89.947495
38650.000000 -88.532120
38700.000000 -90.132751
38750.000000 -90.031212
38800.000000 -89.266678
38850.000000 -87.306168
38900.000000 -90.704399
38950.000000 -89.151886
39000.000000 -87.247963
39050.000000 -86.859871
39100.000000 -88.628220
39150.000000 -90.782021
39200.000000 -88.790779
39250.000000 -89.278244
39300.000000 -88.284386
39350.000000 -90.906731
39400.000000 -87.966904
39450.000000 -89.064896
39500.000000 -89.576431
39550.000000 -88.528580
39600.000000 -90.128502
39650.000000 -92.128601
39700.000000 -89.262833
39750.000000 -86.094612
39800.000000 -86.717972
39850.000000 -93.096275
39900.000000 -89.390823
39950.000000 -89.049858
40000.000000 -89.375214
