0.000000 -87.199257
50.000000 -88.560486
100.000000 -86.316650
150.000000 -87.370956
200.000000 -87.638237
250.000000 -85.160240
300.000000 -77.926094
350.000000 -71.770325
400.000000 -68.861794
450.000000 -66.816467
500.000000 -64.896355
550.000000 -63.622135
600.000000 -62.306015
650.000000 -61.133976
700.000000 -60.220669
750.000000 -59.210377
800.000000 -58.406242
850.000000 -57.982536
900.000000 -57.083633
950.000000 -56.801865
1000.000000 -56.318401
1050.000000 -55.559105
1100.000000 -55.112095
1150.000000 -54.732094
1200.000000 -54.382023
1250.000000 -54.222462
1300.000000 -53.964241
1350.000000 -53.959476
1400.000000 -53.964569
1450.000000 -55.708141
1500.000000 -55.703449
1550.000000 -54.670448
1600.000000 -53.975227
1650.000000 -54.489159
1700.000000 -54.806770
1750.000000 -56.141941
1800.000000 -55.689724
1850.000000 -55.856731
1900.000000 -55.917824
1950.000000 -56.470844
2000.000000 -58.242863
2050.000000 -57.621571
2100.000000 -58.087921
2150.000000 -57.041767
2200.000000 -56.775951
2250.000000 -55.653648
2300.000000 -54.737148
2350.000000 -54.210613
2400.000000 -53.956039
2450.000000 -53.966423
2500.000000 -53.969334
2550.000000 -53.960667
2600.000000 -53.958950
2650.000000 -53.959412
2700.000000 -53.959610
2750.000000 -53.959675
2800.000000 -54.157959
2850.000000 -54.157959
2900.000000 -54.520416
2950.000000 -54.772507
3000.000000 -55.869328
3050.000000 -57.040543
3100.000000 -58.624748
3150.000000 -60.338928
3200.000000 -61.509720
3250.000000 -62.512039
3300.000000 -63.710674
3350.000000 -64.330627
3400.000000 -62.113209
3450.000000 -61.120846
3500.000000 -59.044956
3550.000000 -57.813667
3600.000000 -56.312683
3650.000000 -54.568508
3700.000000 -55.020695
3750.000000 -55.015018
3800.000000 -54.983868
3850.000000 -54.850178
3900.000000 -55.530537
3950.000000 -55.783424
4000.000000 -56.336124
4050.000000 -57.197781
4100.000000 -57.223930
4150.000000 -56.535442
4200.000000 -55.382778
4250.000000 -55.804981
4300.000000 -55.271950
4350.000000 -55.026672
4400.000000 -55.531883
4450.000000 -54.518513
4500.000000 -54.774830
4550.000000 -55.511227
4600.000000 -56.112579
4650.000000 -56.452148
4700.000000 -56.812878
4750.000000 -56.792610
4800.000000 -57.646400
4850.000000 -56.912903
4900.000000 -56.668625
4950.000000 -56.639053
5000.000000 -56.012516
5050.000000 -55.223408
5100.000000 -54.268448
5150.000000 -53.977081
5200.000000 -55.943119
5250.000000 -54.942230
5300.000000 -55.033478
5350.000000 -55.839558
5400.000000 -56.347858
5450.000000 -56.618557
5500.000000 -58.906670
5550.000000 -58.398968
5600.000000 -57.794830
5650.000000 -57.449032
5700.000000 -56.241367
5750.000000 -56.429363
5800.000000 -55.899529
5850.000000 -56.235004
5900.000000 -56.094723
5950.000000 -56.064594
6000.000000 -53.973835
6050.000000 -54.778316
6100.000000 -55.690449
6150.000000 -56.754578
6200.000000 -57.436588
6250.000000 -58.571968
6300.000000 -58.620678
6350.000000 -59.021122
6400.000000 -58.363323
6450.000000 -58.805012
6500.000000 -57.692818
6550.000000 -56.896938
6600.000000 -56.275394
6650.000000 -55.031906
6700.000000 -54.570992
6750.000000 -56.719170
6800.000000 -54.811291
6850.000000 -55.254204
6900.000000 -55.682301
6950.000000 -55.715340
7000.000000 -56.597748
7050.000000 -57.354103
7100.000000 -56.095062
7150.000000 -56.458584
7200.000000 -55.651398
7250.000000 -55.948605
7300.000000 -55.348419
7350.000000 -54.939568
7400.000000 -54.865425
7450.000000 -58.024345
7500.000000 -54.744671
7550.000000 -55.104622
7600.000000 -56.213211
7650.000000 -56.984818
7700.000000 -58.190193
7750.000000 -59.727966
7800.000000 -60.107487
7850.000000 -62.032948
7900.000000 -62.252769
7950.000000 -64.409363
8000.000000 -62.464207
8050.000000 -61.637283
8100.000000 -60.994057
8150.000000 -58.642872
8200.000000 -57.745823
8250.000000 -56.626289
8300.000000 -55.658955
8350.000000 -55.165863
8400.000000 -54.602402
8450.000000 -54.493305
8500.000000 -55.054543
8550.000000 -54.526413
8600.000000 -54.652096
8650.000000 -54.333500
8700.000000 -54.124203
8750.000000 -53.955181
8800.000000 -53.954586
8850.000000 -53.973904
8900.000000 -53.962982
8950.000000 -54.243546
9000.000000 -54.669800
9050.000000 -54.337990
9100.000000 -54.571846
9150.000000 -54.747059
9200.000000 -55.530376
9250.000000 -56.340462
9300.000000 -57.600128
9350.000000 -58.725792
9400.000000 -59.551991
9450.000000 -60.238499
9500.000000 -63.412315
9550.000000 -63.100918
9600.000000 -62.778736
9650.000000 -63.523151
9700.000000 -63.208401
9750.000000 -62.776730
9800.000000 -61.164234
9850.000000 -59.835369
9900.000000 -59.529987
9950.000000 -58.412975
10000.000000 -57.135799
10050.000000 -56.257805
10100.000000 -55.532673
10150.000000 -54.674465
10200.000000 -54.097832
10250.000000 -53.976223
10300.000000 -53.958420
10350.000000 -54.164185
10400.000000 -53.961063
10450.000000 -53.967613
10500.000000 -53.964901
10550.000000 -53.960602
10600.000000 -53.965363
10650.000000 -53.945274
10700.000000 -53.958748
10750.000000 -54.276878
10800.000000 -53.964039
10850.000000 -53.968143
10900.000000 -54.351952
10950.000000 -55.110809
11000.000000 -55.711941
11050.000000 -56.653648
11100.000000 -57.396133
11150.000000 -57.519768
11200.000000 -58.563091
11250.000000 -58.952950
11300.000000 -59.840183
11350.000000 -60.715477
11400.000000 -58.227394
11450.000000 -58.930889
11500.000000 -60.359486
11550.000000 -58.965412
11600.000000 -58.192249
11650.000000 -57.093018
11700.000000 -57.272491
11750.000000 -56.607430
11800.000000 -56.738087
11850.000000 -56.137947
11900.000000 -55.268494
11950.000000 -54.934238
12000.000000 -54.246689
12050.000000 -53.975624
12100.000000 -53.941444
12150.000000 -53.964436
12200.000000 -53.938675
12250.000000 -53.935444
12300.000000 -53.963379
12350.000000 -53.952473
12400.000000 -53.950424
12450.000000 -53.972378
12500.000000 -53.954323
12550.000000 -53.969002
12600.000000 -53.961330
12650.000000 -53.974499
12700.000000 -54.299675
12750.000000 -55.048679
12800.000000 -55.501431
12850.000000 -56.408390
12900.000000 -57.415207
12950.000000 -58.011898
13000.000000 -57.942600
13050.000000 -58.827911
13100.000000 -58.818073
13150.000000 -59.846432
13200.000000 -61.092396
13250.000000 -60.419785
13300.000000 -60.457844
13350.000000 -59.637753
13400.000000 -59.260868
13450.000000 -58.463020
13500.000000 -57.570919
13550.000000 -57.145527
13600.000000 -56.543541
13650.000000 -55.336327
13700.000000 -54.749233
13750.000000 -54.334053
13800.000000 -53.975029
13850.000000 -53.941578
13900.000000 -53.945602
13950.000000 -54.337585
14000.000000 -53.939732
14050.000000 -53.963776
14100.000000 -53.979336
14150.000000 -53.957691
14200.000000 -53.939201
14250.000000 -53.941444
14300.000000 -53.932278
14350.000000 -53.954983
14400.000000 -53.978275
14450.000000 -54.576382
14500.000000 -55.347256
14550.000000 -56.107075
14600.000000 -56.417068
14650.000000 -57.742958
14700.000000 -58.275620
14750.000000 -58.714012
14800.000000 -60.166729
14850.000000 -61.285709
14900.000000 -60.824383
14950.000000 -62.510269
15000.000000 -61.949276
15050.000000 -59.866379
15100.000000 -59.254902
15150.000000 -59.139629
15200.000000 -58.362446
15250.000000 -57.518970
15300.000000 -56.470314
15350.000000 -55.397198
15400.000000 -55.067886
15450.000000 -54.151875
15500.000000 -53.974960
15550.000000 -53.961525
15600.000000 -53.943096
15650.000000 -53.960339
15700.000000 -53.971455
15750.000000 -53.948639
15800.000000 -53.965298
15850.000000 -53.955048
15900.000000 -53.934586
15950.000000 -53.953266
16000.000000 -53.952007
16050.000000 -53.966488
16100.000000 -53.973572
16150.000000 -54.500130
16200.000000 -54.891148
16250.000000 -55.595184
16300.000000 -56.609669
16350.000000 -57.316174
16400.000000 -58.704643
16450.000000 -59.358059
16500.000000 -60.215370
16550.000000 -60.376354
16600.000000 -59.381477
16650.000000 -59.122360
16700.000000 -60.792961
16750.000000 -60.065319
16800.000000 -59.163429
16850.000000 -58.106129
16900.000000 -57.349709
16950.000000 -56.809574
17000.000000 -56.469170
17050.000000 -55.754677
17100.000000 -54.848125
17150.000000 -54.395710
17200.000000 -53.978077
17250.000000 -53.957626
17300.000000 -53.949631
17350.000000 -54.310272
17400.000000 -54.521053
17450.000000 -53.953594
17500.000000 -53.922398
17550.000000 -53.967415
17600.000000 -53.963245
17650.000000 -54.207619
17700.000000 -53.973240
17750.000000 -53.964638
17800.000000 -53.978539
17850.000000 -54.362057
17900.000000 -55.101761
17950.000000 -55.559818
18000.000000 -56.436218
18050.000000 -56.969193
18100.000000 -57.400261
18150.000000 -58.105064
18200.000000 -58.935577
18250.000000 -59.744038
18300.000000 -58.501301
18350.000000 -61.223385
18400.000000 -60.300838
18450.000000 -58.918011
18500.000000 -58.538414
18550.000000 -58.562416
18600.000000 -58.266930
18650.000000 -57.835022
18700.000000 -56.777596
18750.000000 -56.100475
18800.000000 -55.397511
18850.000000 -54.757057
18900.000000 -54.131416
18950.000000 -53.977680
19000.000000 -53.976288
19050.000000 -53.918583
19100.000000 -53.961330
19150.000000 -53.963314
19200.000000 -53.930500
19250.000000 -53.918056
19300.000000 -53.943424
19350.000000 -53.967682
19400.000000 -53.927273
19450.000000 -53.964569
19500.000000 -53.979401
19550.000000 -53.971783
19600.000000 -54.149387
19650.000000 -54.459484
19700.000000 -55.483131
19750.000000 -56.247646
19800.000000 -56.378902
19850.000000 -57.377983
19900.000000 -57.622074
19950.000000 -57.134182
20000.000000 -59.110626
20050.000000 -59.842136
20100.000000 -59.644367
20150.000000 -58.968357
20200.000000 -57.917847
20250.000000 -57.989578
20300.000000 -58.095905
20350.000000 -56.529842
20400.000000 -55.129627
20450.000000 -54.050934
20500.000000 -53.967281
20550.000000 -53.979401
20600.000000 -53.950359
20650.000000 -53.951813
20700.000000 -53.959412
20750.000000 -53.957493
20800.000000 -53.925228
20850.000000 -53.957230
20900.000000 -53.975361
20950.000000 -54.381897
21000.000000 -55.156979
21050.000000 -55.230907
21100.000000 -55.712749
21150.000000 -55.609962
21200.000000 -55.602932
21250.000000 -55.668285
21300.000000 -55.129704
21350.000000 -54.460045
21400.000000 -54.599129
21450.000000 -53.969398
21500.000000 -53.960999
21550.000000 -53.972446
21600.000000 -53.973240
21650.000000 -53.969929
21700.000000 -53.969597
21750.000000 -53.960140
21800.000000 -53.950027
21850.000000 -53.966026
21900.000000 -54.028244
21950.000000 -53.969730
22000.000000 -54.207142
22050.000000 -54.067654
22100.000000 -54.698982
22150.000000 -55.756222
22200.000000 -57.901386
22250.000000 -55.974247
22300.000000 -54.441086
22350.000000 -54.563404
22400.000000 -54.189949
22450.000000 -54.057617
22500.000000 -54.175430
22550.000000 -54.163239
22600.000000 -54.072674
22650.000000 -54.236851
22700.000000 -54.468174
22750.000000 -54.506535
22800.000000 -54.826328
22850.000000 -54.942528
22900.000000 -54.826473
22950.000000 -55.019348
23000.000000 -55.079163
23050.000000 -55.346169
23100.000000 -55.346401
23150.000000 -55.304077
23200.000000 -55.422592
23250.000000 -55.678513
23300.000000 -55.854591
23350.000000 -55.946278
23400.000000 -56.018799
23450.000000 -56.044819
23500.000000 -56.025505
23550.000000 -56.536243
23600.000000 -56.366070
23650.000000 -56.463257
23700.000000 -56.569126
23750.000000 -56.692776
23800.000000 -56.744823
23850.000000 -56.779976
23900.000000 -56.888321
23950.000000 -57.113338
24000.000000 -57.298672
24050.000000 -57.467430
24100.000000 -57.359482
24150.000000 -57.573627
24200.000000 -57.798840
24250.000000 -57.630848
24300.000000 -57.739689
24350.000000 -57.781578
24400.000000 -58.197189
24450.000000 -57.995995
24500.000000 -58.216377
24550.000000 -58.285843
24600.000000 -58.529343
24650.000000 -58.517941
24700.000000 -58.821774
24750.000000 -58.865398
24800.000000 -58.861210
24850.000000 -58.749519
24900.000000 -58.736214
24950.000000 -59.195023
25000.000000 -59.259651
25050.000000 -59.042347
25100.000000 -59.476166
25150.000000 -59.544437
25200.000000 -59.883099
25250.000000 -60.028675
25300.000000 -60.239315
25350.000000 -60.052376
25400.000000 -60.379124
25450.000000 -60.368607
25500.000000 -60.507019
25550.000000 -60.499855
25600.000000 -60.475185
25650.000000 -60.707710
25700.000000 -60.826862
25750.000000 -60.815353
25800.000000 -60.761799
25850.000000 -61.059841
25900.000000 -61.120544
25950.000000 -61.378101
26000.000000 -61.369873
26050.000000 -61.688480
26100.000000 -61.781864
26150.000000 -61.696857
26200.000000 -61.902950
26250.000000 -62.126404
26300.000000 -62.065334
26350.000000 -62.268417
26400.000000 -62.541645
26450.000000 -62.591335
26500.000000 -62.503548
26550.000000 -62.497185
26600.000000 -62.640591
26650.000000 -62.422241
26700.000000 -62.822281
26750.000000 -62.837887
26800.000000 -63.216461
26850.000000 -63.267471
26900.000000 -63.435314
26950.000000 -63.489017
27000.000000 -63.803410
27050.000000 -63.859238
27100.000000 -63.808338
27150.000000 -64.018806
27200.000000 -64.174713
27250.000000 -63.855518
27300.000000 -64.197029
27350.000000 -64.443962
27400.000000 -64.470085
27450.000000 -64.268661
27500.000000 -64.402496
27550.000000 -64.484512
27600.000000 -65.030128
27650.000000 -65.093269
27700.000000 -65.026581
27750.000000 -65.114975
27800.000000 -65.196075
27850.000000 -65.259949
27900.000000 -65.495766
27950.000000 -65.487038
28000.000000 -65.594139
28050.000000 -65.679352
28100.000000 -65.454941
28150.000000 -65.705132
28200.000000 -65.924385
28250.000000 -66.370560
28300.000000 -66.142860
28350.000000 -66.322128
28400.000000 -66.284340
28450.000000 -66.593346
28500.000000 -66.676414
28550.000000 -67.015701
28600.000000 -67.216263
28650.000000 -66.538307
28700.000000 -66.859566
28750.000000 -67.010353
28800.000000 -66.726875
28850.000000 -67.160164
28900.000000 -67.369705
28950.000000 -67.314156
29000.000000 -67.790268
29050.000000 -67.739395
29100.000000 -67.478119
29150.000000 -68.018112
29200.000000 -68.238739
29250.000000 -68.169891
29300.000000 -68.157677
29350.000000 -68.334053
29400.000000 -68.462311
29450.000000 -68.642532
29500.000000 -68.548409
29550.000000 -68.672691
29600.000000 -68.551949
29650.000000 -68.959770
29700.000000 -68.859222
29750.000000 -69.102219
29800.000000 -69.162910
29850.000000 -69.443718
29900.000000 -69.006744
29950.000000 -69.538208
30000.000000 -69.409195
30050.000000 -69.865799
30100.000000 -69.592003
30150.000000 -70.137421
30200.000000 -69.833664
30250.000000 -69.983795
30300.000000 -70.253159
30350.000000 -70.466331
30400.000000 -70.504440
30450.000000 -70.850601
30500.000000 -70.346863
30550.000000 -70.793015
30600.000000 -70.790718
30650.000000 -71.340744
30700.000000 -70.992271
30750.000000 -71.033241
30800.000000 -71.158295
30850.000000 -71.188034
30900.000000 -71.327545
30950.000000 -71.499168
31000.000000 -71.514122
31050.000000 -71.615501
31100.000000 -71.676796
31150.000000 -71.798119
31200.000000 -72.117348
31250.000000 -72.570168
31300.000000 -72.259155
31350.000000 -72.453201
31400.000000 -72.774254
31450.000000 -72.268402
31500.000000 -73.158127
31550.000000 -73.125633
31600.000000 -72.808357
31650.000000 -72.324081
31700.000000 -73.749992
31750.000000 -72.913811
31800.000000 -73.316315
31850.000000 -73.835602
31900.000000 -73.396500
31950.000000 -73.347687
32000.000000 -74.117805
32050.000000 -73.963646
32100.000000 -74.250793
32150.000000 -73.763557
32200.000000 -74.283005
32250.000000 -74.262421
32300.000000 -75.056931
32350.000000 -74.566879
32400.000000 -75.238869
32450.000000 -74.956238
32500.000000 -74.844978
32550.000000 -74.926628
32600.000000 -75.020248
32650.000000 -75.117157
32700.000000 -74.660980
32750.000000 -75.264961
32800.000000 -75.408287
32850.000000 -75.133789
32900.000000 -75.553230
32950.000000 -75.727325
33000.000000 -75.558784
33050.000000 -76.237160
33100.000000 -76.196861
33150.000000 -76.233719
33200.000000 -76.155045
33250.000000 -75.890938
33300.000000 -76.091431
33350.000000 -76.448540
33400.000000 -76.559319
33450.000000 -76.241455
33500.000000 -77.069908
33550.000000 -77.242821
33600.000000 -76.405502
33650.000000 -76.759598
33700.000000 -76.887398
33750.000000 -76.287148
33800.000000 -77.829552
33850.000000 -77.765785
33900.000000 -77.611397
33950.000000 -77.419243
34000.000000 -78.493279
34050.000000 -77.982643
34100.000000 -78.306976
34150.000000 -77.951180
34200.000000 -77.268913
34250.000000 -78.025833
34300.000000 -78.642761
34350.000000 -77.543213
34400.000000 -78.458801
34450.000000 -78.300438
34500.000000 -78.482147
34550.000000 -78.902817
34600.000000 -79.040573
34650.000000 -78.916840
34700.000000 -78.775269
34750.000000 -79.614525
34800.000000 -80.082031
34850.000000 -79.491158
34900.000000 -80.010086
34950.000000 -80.223663
35000.000000 -79.604385
35050.000000 -79.047691
35100.000000 -79.575310
35150.000000 -80.108833
35200.000000 -80.035332
35250.000000 -80.134369
35300.000000 -80.525307
35350.000000 -79.974335
35400.000000 -79.866646
35450.000000 -80.878769
35500.000000 -80.859726
35550.000000 -79.839279
35600.000000 -80.045982
35650.000000 -80.124954
35700.000000 -80.300156
35750.000000 -81.268669
35800.000000 -81.593712
35850.000000 -81.490822
35900.000000 -81.400032
35950.000000 -80.318008
36000.000000 -80.933197
36050.000000 -81.171059
36100.000000 -81.747932
36150.000000 -80.958321
36200.000000 -82.495667
36250.000000 -81.418755
36300.000000 -81.390694
36350.000000 -80.817398
36400.000000 -81.140778
36450.000000 -80.578979
36500.000000 -80.598831
36550.000000 -81.484535
36600.000000 -80.678719
36650.000000 -81.501846
36700.000000 -81.849007
36750.000000 -82.497368
36800.000000 -83.072563
36850.000000 -81.622421
36900.000000 -82.173096
36950.000000 -82.690315
37000.000000 -81.852287
37050.000000 -83.049934
37100.000000 -83.593834
37150.000000 -82.593307
37200.000000 -81.256409
37250.000000 -82.773819
37300.000000 -82.318993
37350.000000 -82.993629
37400.000000 -82.954437
37450.000000 -82.906151
37500.000000 -82.933975
37550.000000 -83.918556
37600.000000 -84.483849
37650.000000 -83.523956
37700.000000 -83.933136
37750.000000 -84.724800
37800.000000 -84.869850
37850.000000 -84.303619
37900.000000 -83.686539
37950.000000 -84.488297
38000.000000 -83.545853
38050.000000 -84.139954
38100.000000 -82.407722
38150.000000 -84.738510
38200.000000 -83.585815
38250.000000 -83.778191
38300.000000 -84.439545
38350.000000 -84.740799
38400.000000 -84.090897
38450.000000 -85.954071
38500.000000 -84.733932
38550.000000 -83.778191
38600.000000 -85.495529
38650.000000 -86.180588
38700.000000 -84.724800
38750.000000 -85.359360
38800.000000 -84.597862
38850.000000 -87.048767
38900.000000 -83.611893
38950.000000 -84.275391
39000.000000 -85.846878
39050.000000 -85.766708
39100.000000 -85.623726
39150.000000 -85.222885
39200.000000 -85.846878
39250.000000 -85.184280
39300.000000 -84.972618
39350.000000 -85.583305
39400.000000 -86.510788
39450.000000 -85.669426
39500.000000 -83.678436
39550.000000 -84.846664
39600.000000 -84.752243
39650.000000 -85.631325
39700.000000 -85.342186
39750.000000 -84.180504
39800.000000 -85.859879
39850.000000 -85.789909
39900.000000 -86.995224
39950.000000 -86.909645
40000.000000 -87.395760
