0.000000 -80.884636
50.000000 -81.118141
100.000000 -80.126297
150.000000 -81.311729
200.000000 -81.520775
250.000000 -82.115417
300.000000 -80.833427
350.000000 -76.031631
400.000000 -71.519165
450.000000 -68.212440
500.000000 -66.370560
550.000000 -64.307312
600.000000 -62.973633
650.000000 -61.900970
700.000000 -60.598831
750.000000 -59.597675
800.000000 -58.960709
850.000000 -57.898991
900.000000 -57.301682
950.000000 -57.016911
1000.000000 -56.123260
1050.000000 -55.711536
1100.000000 -55.134773
1150.000000 -54.757999
1200.000000 -54.227165
1250.000000 -53.973042
1300.000000 -53.965164
1350.000000 -53.958881
1400.000000 -53.951283
1450.000000 -53.974434
1500.000000 -53.943756
1550.000000 -53.963047
1600.000000 -53.975227
1650.000000 -54.489159
1700.000000 -54.806770
1750.000000 -56.141941
1800.000000 -55.689724
1850.000000 -55.856731
1900.000000 -55.917824
1950.000000 -56.470844
2000.000000 -58.242863
2050.000000 -57.621571
2100.000000 -58.087921
2150.000000 -57.041767
2200.000000 -56.775951
2250.000000 -55.653648
2300.000000 -54.737148
2350.000000 -54.210613
2400.000000 -53.956039
2450.000000 -53.966423
2500.000000 -53.969334
2550.000000 -53.960667
2600.000000 -53.958950
2650.000000 -53.959412
2700.000000 -53.959610
2750.000000 -53.959675
2800.000000 -54.157959
2850.000000 -54.157959
2900.000000 -54.520416
2950.000000 -54.772507
3000.000000 -55.869328
3050.000000 -57.040543
3100.000000 -58.624748
3150.000000 -60.338928
3200.000000 -61.509720
3250.000000 -62.512039
3300.000000 -63.710674
3350.000000 -64.330627
3400.000000 -62.113209
3450.000000 -61.120846
3500.000000 -59.044956
3550.000000 -57.813667
3600.000000 -56.312683
3650.000000 -54.568508
3700.000000 -55.020695
3750.000000 -55.015018
3800.000000 -54.983868
3850.000000 -54.850178
3900.000000 -55.530537
3950.000000 -55.783424
4000.000000 -56.336124
4050.000000 -57.197781
4100.000000 -57.223930
4150.000000 -56.535442
4200.000000 -55.382778
4250.000000 -55.804981
4300.000000 -55.271950
4350.000000 -55.026672
4400.000000 -55.531883
4450.000000 -54.518513
4500.000000 -54.774830
4550.000000 -55.511227
4600.000000 -56.112579
4650.000000 -56.452148
4700.000000 -56.812878
4750.000000 -56.792610
4800.000000 -57.646400
4850.000000 -56.912903
4900.000000 -56.668625
4950.000000 -56.639053
5000.000000 -56.012516
5050.000000 -55.223408
5100.000000 -54.268448
5150.000000 -53.977081
5200.000000 -55.943119
5250.000000 -54.942230
5300.000000 -55.033478
5350.000000 -55.839558
5400.000000 -56.347858
5450.000000 -56.618557
5500.000000 -58.906670
5550.000000 -58.398968
5600.000000 -57.794830
5650.000000 -57.449032
5700.000000 -56.241367
5750.000000 -56.429363
5800.000000 -55.899529
5850.000000 -56.235004
5900.000000 -56.094723
5950.000000 -56.064594
6000.000000 -53.973835
6050.000000 -54.778316
6100.000000 -55.690449
6150.000000 -56.754578
6200.000000 -57.436588
6250.000000 -58.571968
6300.000000 -58.620678
6350.000000 -59.021122
6400.000000 -58.363323
6450.000000 -58.805012
6500.000000 -57.692818
6550.000000 -56.896938
6600.000000 -56.275394
6650.000000 -55.031906
6700.000000 -54.570992
6750.000000 -56.719170
6800.000000 -54.811291
6850.000000 -55.254204
6900.000000 -55.682301
6950.000000 -55.715340
7000.000000 -56.597748
7050.000000 -57.354103
7100.000000 -56.095062
7150.000000 -56.458584
7200.000000 -55.651398
7250.000000 -55.948605
7300.000000 -55.348419
7350.000000 -54.939568
7400.000000 -54.865425
7450.000000 -58.024345
7500.000000 -54.744671
7550.000000 -55.104622
7600.000000 -56.213211
7650.000000 -56.984818
7700.000000 -58.190193
7750.000000 -59.727966
7800.000000 -60.107487
7850.000000 -62.032948
7900.000000 -62.252769
7950.000000 -64.409363
8000.000000 -62.464207
8050.000000 -61.637283
8100.000000 -60.994057
8150.000000 -58.642872
8200.000000 -57.745823
8250.000000 -56.626289
8300.000000 -55.658955
8350.000000 -55.165863
8400.000000 -54.602402
8450.000000 -54.493305
8500.000000 -55.054543
8550.000000 -54.526413
8600.000000 -54.652096
8650.000000 -54.333500
8700.000000 -54.124203
8750.000000 -53.955181
8800.000000 -53.954586
8850.000000 -53.973904
8900.000000 -53.962982
8950.000000 -54.243546
9000.000000 -54.669800
9050.000000 -54.337990
9100.000000 -54.571846
9150.000000 -54.747059
9200.000000 -55.530376
9250.000000 -56.340462
9300.000000 -57.600128
9350.000000 -58.725792
9400.000000 -59.551991
9450.000000 -60.238499
9500.000000 -63.412315
9550.000000 -63.100918
9600.000000 -62.778736
9650.000000 -63.523151
9700.000000 -63.208401
9750.000000 -62.776730
9800.000000 -61.164234
9850.000000 -59.835369
9900.000000 -59.529987
9950.000000 -58.412975
10000.000000 -57.135799
10050.000000 -56.257805
10100.000000 -55.532673
10150.000000 -54.674465
10200.000000 -54.097832
10250.000000 -53.976223
10300.000000 -53.958420
10350.000000 -54.164185
10400.000000 -53.961063
10450.000000 -53.967613
10500.000000 -57.790100
10550.000000 -59.649456
10600.000000 -63.717381
10650.000000 -64.881226
10700.000000 -61.735779
10750.000000 -59.476166
10800.000000 -56.412949
10850.000000 -54.900944
10900.000000 -54.898438
10950.000000 -54.813480
11000.000000 -55.837585
11050.000000 -56.944172
11100.000000 -57.342384
11150.000000 -57.504738
11200.000000 -57.823151
11250.000000 -56.325256
11300.000000 -56.500381
11350.000000 -54.243614
11400.000000 -55.406178
11450.000000 -56.586201
11500.000000 -54.473991
11550.000000 -53.964836
11600.000000 -54.751404
11650.000000 -55.625408
11700.000000 -55.974579
11750.000000 -57.411270
11800.000000 -59.412388
11850.000000 -56.970783
11900.000000 -56.581013
11950.000000 -55.128643
12000.000000 -55.341518
12050.000000 -54.404472
12100.000000 -53.972710
12150.000000 -54.551647
12200.000000 -55.570717
12250.000000 -58.415737
12300.000000 -59.769299
12350.000000 -58.816338
12400.000000 -58.150040
12450.000000 -56.706188
12500.000000 -55.043285
12550.000000 -54.462425
12600.000000 -55.835701
12650.000000 -54.004223
12700.000000 -53.956039
12750.000000 -55.156372
12800.000000 -57.574928
12850.000000 -60.138134
12900.000000 -56.781528
12950.000000 -56.826668
13000.000000 -56.618900
13050.000000 -54.464600
13100.000000 -56.051292
13150.000000 -54.829033
13200.000000 -53.914307
13250.000000 -56.535442
13300.000000 -55.045158
13350.000000 -55.995029
13400.000000 -58.526546
13450.000000 -60.507721
13500.000000 -57.801414
13550.000000 -56.922195
13600.000000 -55.615883
13650.000000 -54.527260
13700.000000 -55.643692
13750.000000 -55.362705
13800.000000 -54.283051
13850.000000 -54.753944
13900.000000 -57.856018
13950.000000 -58.755833
14000.000000 -60.722820
14050.000000 -59.319859
14100.000000 -58.247627
14150.000000 -56.188820
14200.000000 -54.870934
14250.000000 -54.378208
14300.000000 -54.648876
14350.000000 -55.315201
14400.000000 -56.038769
14450.000000 -58.032799
14500.000000 -57.581749
14550.000000 -55.985008
14600.000000 -57.490135
14650.000000 -56.658428
14700.000000 -54.673962
14750.000000 -53.958618
14800.000000 -53.943230
14850.000000 -54.353264
14900.000000 -53.968407
14950.000000 -53.951813
15000.000000 -55.058506
15050.000000 -56.808197
15100.000000 -57.415993
15150.000000 -57.855808
15200.000000 -56.477379
15250.000000 -57.643974
15300.000000 -54.679996
15350.000000 -54.565174
15400.000000 -54.211769
15450.000000 -54.448078
15500.000000 -54.022514
15550.000000 -56.658607
15600.000000 -59.089237
15650.000000 -61.654423
15700.000000 -61.526073
15750.000000 -61.047421
15800.000000 -58.095367
15850.000000 -56.529842
15900.000000 -54.605679
15950.000000 -54.753071
16000.000000 -54.865868
16050.000000 -56.663120
16100.000000 -56.546032
16150.000000 -56.492855
16200.000000 -58.636524
16250.000000 -57.390930
16300.000000 -56.202847
16350.000000 -55.192951
16400.000000 -54.328808
16450.000000 -55.060154
16500.000000 -53.945934
16550.000000 -53.957756
16600.000000 -53.918777
16650.000000 -53.973637
16700.000000 -54.673462
16750.000000 -58.730373
16800.000000 -57.535622
16850.000000 -57.460205
16900.000000 -57.589478
16950.000000 -55.715340
17000.000000 -53.932278
17050.000000 -54.424118
17100.000000 -54.929432
17150.000000 -55.080517
17200.000000 -55.757278
17250.000000 -57.092354
17300.000000 -58.898140
17350.000000 -60.076546
17400.000000 -59.846302
17450.000000 -58.025509
17500.000000 -55.663857
17550.000000 -54.684593
17600.000000 -54.844975
17650.000000 -54.932835
17700.000000 -53.934853
17750.000000 -56.684444
17800.000000 -55.471947
17850.000000 -55.560772
17900.000000 -55.372036
17950.000000 -58.184383
18000.000000 -56.017292
18050.000000 -54.853474
18100.000000 -54.858604
18150.000000 -53.929909
18200.000000 -53.942963
18250.000000 -53.956108
18300.000000 -54.595642
18350.000000 -56.026848
18400.000000 -56.067207
18450.000000 -58.661594
18500.000000 -56.596760
18550.000000 -55.217903
18600.000000 -54.127438
18650.000000 -54.890633
18700.000000 -54.006947
18750.000000 -54.736931
18800.000000 -55.595425
18850.000000 -58.302834
18900.000000 -60.454071
18950.000000 -62.178371
19000.000000 -63.659019
19050.000000 -60.279049
19100.000000 -58.468357
19150.000000 -55.964249
19200.000000 -54.541458
19250.000000 -54.259480
19300.000000 -54.238628
19350.000000 -55.451515
19400.000000 -54.949192
19450.000000 -55.733646
19500.000000 -58.124157
19550.000000 -58.722134
19600.000000 -56.615772
19650.000000 -56.005653
19700.000000 -54.241699
19750.000000 -53.956966
19800.000000 -55.057602
19850.000000 -54.311440
19900.000000 -54.426350
19950.000000 -54.965584
20000.000000 -55.802368
20050.000000 -55.898785
20100.000000 -55.576847
20150.000000 -55.291042
20200.000000 -55.464714
20250.000000 -53.961857
20300.000000 -53.959015
20350.000000 -54.387371
20400.000000 -54.535381
20450.000000 -55.762241
20500.000000 -57.729374
20550.000000 -57.044971
20600.000000 -58.994225
20650.000000 -56.375057
20700.000000 -55.489040
20750.000000 -53.965759
20800.000000 -53.981525
20850.000000 -53.945011
20900.000000 -54.947937
20950.000000 -53.971649
21000.000000 -56.062740
21050.000000 -55.399384
21100.000000 -55.673759
21150.000000 -57.332436
21200.000000 -58.581757
21250.000000 -58.716644
21300.000000 -59.970543
21350.000000 -58.065411
21400.000000 -56.285759
21450.000000 -54.370380
21500.000000 -53.975029
21550.000000 -53.933929
21600.000000 -53.971783
21650.000000 -53.959412
21700.000000 -54.119286
21750.000000 -54.765324
21800.000000 -55.280422
21850.000000 -55.238949
21900.000000 -55.614040
21950.000000 -55.284264
22000.000000 -54.873135
22050.000000 -54.510548
22100.000000 -53.973309
22150.000000 -54.133038
22200.000000 -54.639004
22250.000000 -55.009418
22300.000000 -55.182590
22350.000000 -55.109074
22400.000000 -55.146057
22450.000000 -57.494999
22500.000000 -55.940376
22550.000000 -54.597347
22600.000000 -54.397587
22650.000000 -54.714905
22700.000000 -55.352844
22750.000000 -54.559437
22800.000000 -55.460781
22850.000000 -57.691395
22900.000000 -59.827183
22950.000000 -61.245079
23000.000000 -65.155426
23050.000000 -68.491501
23100.000000 -62.645981
23150.000000 -62.257755
23200.000000 -60.663109
23250.000000 -58.394558
23300.000000 -56.839550
23350.000000 -55.309406
23400.000000 -54.251953
23450.000000 -53.968803
23500.000000 -53.939072
23550.000000 -53.959610
23600.000000 -53.961525
23650.000000 -53.969070
23700.000000 -53.961594
23750.000000 -53.943359
23800.000000 -53.970592
23850.000000 -53.976818
23900.000000 -54.799122
23950.000000 -55.625408
24000.000000 -56.690422
24050.000000 -57.699223
24100.000000 -57.747150
24150.000000 -57.331852
24200.000000 -57.585663
24250.000000 -57.022556
24300.000000 -56.247044
24350.000000 -55.931580
24400.000000 -55.555370
24450.000000 -54.538280
24500.000000 -54.291084
24550.000000 -53.969334
24600.000000 -53.970791
24650.000000 -53.945999
24700.000000 -53.929382
24750.000000 -53.935379
24800.000000 -53.882465
24850.000000 -53.928131
24900.000000 -53.926483
24950.000000 -53.920357
25000.000000 -53.954388
25050.000000 -53.961395
25100.000000 -53.975822
25150.000000 -54.228256
25200.000000 -54.620720
25250.000000 -55.196609
25300.000000 -54.917759
25350.000000 -55.025326
25400.000000 -54.833561
25450.000000 -54.947346
25500.000000 -54.990715
25550.000000 -54.365795
25600.000000 -54.262009
25650.000000 -55.856651
25700.000000 -54.271667
25750.000000 -53.978207
25800.000000 -53.967216
25850.000000 -53.972710
25900.000000 -53.970196
25950.000000 -53.972710
26000.000000 -53.967415
26050.000000 -53.969799
26100.000000 -53.969135
26150.000000 -53.972511
26200.000000 -54.125687
26250.000000 -53.973572
26300.000000 -54.440735
26350.000000 -54.438148
26400.000000 -54.922340
26450.000000 -54.659119
26500.000000 -54.876736
26550.000000 -54.874458
26600.000000 -54.944675
26650.000000 -55.132652
26700.000000 -55.122822
26750.000000 -55.394936
26800.000000 -55.361694
26850.000000 -55.370869
26900.000000 -55.510201
26950.000000 -55.630775
27000.000000 -55.726433
27050.000000 -55.799423
27100.000000 -55.803265
27150.000000 -55.982670
27200.000000 -56.410580
27250.000000 -56.396389
27300.000000 -56.447483
27350.000000 -56.622238
27400.000000 -56.764164
27450.000000 -56.774761
27500.000000 -56.747925
27550.000000 -56.820503
27600.000000 -57.022274
27650.000000 -57.135036
27700.000000 -57.350880
27750.000000 -57.602238
27800.000000 -57.540810
27850.000000 -57.450615
27900.000000 -57.468124
27950.000000 -57.508022
28000.000000 -57.802341
28050.000000 -57.736111
28100.000000 -57.913052
28150.000000 -58.160542
28200.000000 -58.253590
28250.000000 -58.246330
28300.000000 -58.319637
28350.000000 -58.542782
28400.000000 -58.501862
28450.000000 -58.633015
28500.000000 -58.776875
28550.000000 -58.845646
28600.000000 -59.175716
28650.000000 -58.934994
28700.000000 -59.351658
28750.000000 -59.438316
28800.000000 -59.379379
28850.000000 -59.642078
28900.000000 -59.938984
28950.000000 -59.507294
29000.000000 -59.830303
29050.000000 -59.919395
29100.000000 -59.922680
29150.000000 -60.253494
29200.000000 -60.449326
29250.000000 -60.477982
29300.000000 -60.573875
29350.000000 -60.559021
29400.000000 -60.532345
29450.000000 -60.911823
29500.000000 -60.755867
29550.000000 -61.009079
29600.000000 -61.188972
29650.000000 -61.458618
29700.000000 -61.510509
29750.000000 -61.474155
29800.000000 -61.682690
29850.000000 -61.852280
29900.000000 -61.915501
29950.000000 -61.965382
30000.000000 -62.235439
30050.000000 -62.230297
30100.000000 -62.321754
30150.000000 -62.464912
30200.000000 -62.644726
30250.000000 -62.845242
30300.000000 -62.906326
30350.000000 -62.973633
30400.000000 -62.761600
30450.000000 -63.066326
30500.000000 -63.151634
30550.000000 -63.243374
30600.000000 -63.444569
30650.000000 -63.349331
30700.000000 -63.728573
30750.000000 -63.696465
30800.000000 -63.792530
30850.000000 -63.896313
30900.000000 -63.989174
30950.000000 -64.034821
31000.000000 -64.389961
31050.000000 -64.400513
31100.000000 -64.348755
31150.000000 -64.281456
31200.000000 -64.326920
31250.000000 -64.792641
31300.000000 -64.827461
31350.000000 -64.769661
31400.000000 -64.933929
31450.000000 -65.091835
31500.000000 -65.171997
31550.000000 -65.582787
31600.000000 -65.445015
31650.000000 -65.484047
31700.000000 -65.968803
31750.000000 -65.745613
31800.000000 -65.760780
31850.000000 -66.267960
31900.000000 -65.892982
31950.000000 -66.181389
32000.000000 -66.031212
32050.000000 -66.511620
32100.000000 -66.517227
32150.000000 -66.388794
32200.000000 -66.945534
32250.000000 -66.950546
32300.000000 -66.627098
32350.000000 -67.160774
32400.000000 -67.108635
32450.000000 -67.091232
32500.000000 -67.123970
32550.000000 -67.495384
32600.000000 -67.296944
32650.000000 -67.719391
32700.000000 -67.834908
32750.000000 -67.867958
32800.000000 -67.749420
32850.000000 -68.052544
32900.000000 -68.051872
32950.000000 -68.047523
33000.000000 -68.324020
33050.000000 -68.546631
33100.000000 -68.140404
33150.000000 -68.311592
33200.000000 -68.703690
33250.000000 -68.536003
33300.000000 -68.937866
33350.000000 -69.050217
33400.000000 -69.050217
33450.000000 -69.448830
33500.000000 -69.109406
33550.000000 -69.295990
33600.000000 -69.466156
33650.000000 -69.676384
33700.000000 -69.426048
33750.000000 -69.546532
33800.000000 -69.687294
33850.000000 -69.631279
33900.000000 -69.864967
33950.000000 -70.089439
34000.000000 -70.167709
34050.000000 -69.986725
34100.000000 -70.233330
34150.000000 -70.745850
34200.000000 -70.310738
34250.000000 -70.420898
34300.000000 -70.630615
34350.000000 -70.853378
34400.000000 -70.511551
34450.000000 -71.115295
34500.000000 -71.386345
34550.000000 -70.764595
34600.000000 -71.180832
34650.000000 -71.165955
34700.000000 -71.766731
34750.000000 -71.551620
34800.000000 -71.685440
34850.000000 -71.745697
34900.000000 -71.830139
34950.000000 -72.015793
35000.000000 -72.108261
35050.000000 -71.960464
35100.000000 -72.241234
35150.000000 -72.426003
35200.000000 -72.018967
35250.000000 -72.022675
35300.000000 -72.649406
35350.000000 -72.875206
35400.000000 -72.557777
35450.000000 -72.847824
35500.000000 -72.656235
35550.000000 -73.327988
35600.000000 -73.137054
35650.000000 -72.930824
35700.000000 -73.636497
35750.000000 -73.111237
35800.000000 -73.107033
35850.000000 -73.949104
35900.000000 -74.157631
35950.000000 -73.727432
36000.000000 -73.955711
36050.000000 -73.980858
36100.000000 -74.406006
36150.000000 -74.148834
36200.000000 -74.843513
36250.000000 -74.764091
36300.000000 -74.891228
36350.000000 -74.730789
36400.000000 -74.144104
36450.000000 -75.373207
36500.000000 -75.085487
36550.000000 -74.735123
36600.000000 -75.898376
36650.000000 -75.021744
36700.000000 -75.546875
36750.000000 -76.139732
36800.000000 -76.460876
36850.000000 -76.166115
36900.000000 -75.516762
36950.000000 -76.239738
37000.000000 -76.127846
37050.000000 -76.219986
37100.000000 -76.749565
37150.000000 -76.047600
37200.000000 -76.126999
37250.000000 -76.705009
37300.000000 -76.781532
37350.000000 -76.966484
37400.000000 -77.551208
37450.000000 -77.195671
37500.000000 -76.617485
37550.000000 -77.249580
37600.000000 -77.265045
37650.000000 -76.983322
37700.000000 -77.929222
37750.000000 -77.480515
37800.000000 -77.903160
37850.000000 -77.918785
37900.000000 -77.994209
37950.000000 -78.293900
38000.000000 -77.696381
38050.000000 -77.710625
38100.000000 -77.920876
38150.000000 -79.110870
38200.000000 -78.205055
38250.000000 -78.341949
38300.000000 -78.275406
38350.000000 -78.655235
38400.000000 -78.888809
38450.000000 -78.798317
38500.000000 -78.826057
38550.000000 -79.046501
38600.000000 -78.921524
38650.000000 -79.013321
38700.000000 -78.546936
38750.000000 -79.581619
38800.000000 -78.486595
38850.000000 -78.836487
38900.000000 -79.119247
38950.000000 -79.611992
39000.000000 -79.409050
39050.000000 -79.127632
39100.000000 -80.061996
39150.000000 -80.373177
39200.000000 -80.418953
39250.000000 -80.233192
39300.000000 -79.157654
39350.000000 -79.697327
39400.000000 -79.853600
39450.000000 -79.599327
39500.000000 -79.224068
39550.000000 -80.047318
39600.000000 -79.978294
39650.000000 -80.090065
39700.000000 -79.810699
39750.000000 -80.675850
39800.000000 -80.648674
39850.000000 -81.336426
39900.000000 -79.023972
39950.000000 -79.463699
40000.000000 -80.230469
