0.000000 -53.972645
50.000000 -53.973438
100.000000 -53.973835
150.000000 -53.960732
200.000000 -53.970524
250.000000 -53.970261
300.000000 -53.958088
350.000000 -53.968475
400.000000 -53.976883
450.000000 -53.971455
500.000000 -53.969398
550.000000 -54.175293
600.000000 -54.010204
650.000000 -54.149578
700.000000 -55.238869
750.000000 -55.887302
800.000000 -55.506878
850.000000 -55.707249
900.000000 -56.714447
950.000000 -56.966667
1000.000000 -56.667271
1050.000000 -56.377155
1100.000000 -55.618042
1150.000000 -55.690289
1200.000000 -54.625286
1250.000000 -53.974564
1300.000000 -53.978870
1350.000000 -53.971916
1400.000000 -53.974300
1450.000000 -53.971519
1500.000000 -53.973969
1550.000000 -53.973835
1600.000000 -53.974632
1650.000000 -53.966423
1700.000000 -53.976089
1750.000000 -53.965630
1800.000000 -53.977016
1850.000000 -53.969002
1900.000000 -53.969467
1950.000000 -54.087425
2000.000000 -54.360600
2050.000000 -54.565884
2100.000000 -54.411854
2150.000000 -54.574043
2200.000000 -54.993988
2250.000000 -55.092636
2300.000000 -55.740707
2350.000000 -54.792496
2400.000000 -54.511677
2450.000000 -54.429981
2500.000000 -54.581993
2550.000000 -54.281956
2600.000000 -54.370995
2650.000000 -54.528603
2700.000000 -54.639931
2750.000000 -54.604824
2800.000000 -54.591660
2850.000000 -55.334156
2900.000000 -55.745823
2950.000000 -55.921383
3000.000000 -56.159809
3050.000000 -56.495422
3100.000000 -56.222813
3150.000000 -56.728439
3200.000000 -57.464458
3250.000000 -57.236355
3300.000000 -57.618649
3350.000000 -57.641750
3400.000000 -57.727642
3450.000000 -57.859020
3500.000000 -58.522408
3550.000000 -58.615593
3600.000000 -58.844025
3650.000000 -58.880531
3700.000000 -59.165115
3750.000000 -59.518322
3800.000000 -59.015205
3850.000000 -59.221157
3900.000000 -59.830559
3950.000000 -59.806156
4000.000000 -60.269337
4050.000000 -60.464970
4100.000000 -60.518127
4150.000000 -60.841160
4200.000000 -61.173481
4250.000000 -61.420296
4300.000000 -61.390690
4350.000000 -61.560806
4400.000000 -62.161350
4450.000000 -62.121326
4500.000000 -62.417164
4550.000000 -62.573849
4600.000000 -62.999989
4650.000000 -63.293770
4700.000000 -63.513016
4750.000000 -63.796841
4800.000000 -64.137283
4850.000000 -64.064178
4900.000000 -64.659508
4950.000000 -64.561699
5000.000000 -64.777695
5050.000000 -65.109245
5100.000000 -65.315987
5150.000000 -65.667641
5200.000000 -65.321609
5250.000000 -65.363289
5300.000000 -66.221176
5350.000000 -66.274231
5400.000000 -66.565918
5450.000000 -66.523972
5500.000000 -66.970039
5550.000000 -67.057114
5600.000000 -67.385506
5650.000000 -68.146156
5700.000000 -67.855835
5750.000000 -68.560112
5800.000000 -68.688179
5850.000000 -68.889412
5900.000000 -69.429192
5950.000000 -69.646561
6000.000000 -69.717262
6050.000000 -69.819695
6100.000000 -69.919197
6150.000000 -70.117859
6200.000000 -70.257904
6250.000000 -70.203674
6300.000000 -71.021919
6350.000000 -71.182266
6400.000000 -71.198616
6450.000000 -71.379463
6500.000000 -71.741592
6550.000000 -72.017906
6600.000000 -72.116272
6650.000000 -72.228218
6700.000000 -72.048096
6750.000000 -72.632362
6800.000000 -72.657944
6850.000000 -72.691017
6900.000000 -73.140663
6950.000000 -73.751282
7000.000000 -73.634590
7050.000000 -73.947784
7100.000000 -74.004753
7150.000000 -74.190155
7200.000000 -74.276123
7250.000000 -74.891228
7300.000000 -75.206757
7350.000000 -75.515976
7400.000000 -75.422363
7450.000000 -75.807114
7500.000000 -76.379250
7550.000000 -75.970581
7600.000000 -76.117668
7650.000000 -76.923599
7700.000000 -76.877213
7750.000000 -76.897591
7800.000000 -77.009583
7850.000000 -77.744286
7900.000000 -77.661880
7950.000000 -77.925049
8000.000000 -78.001579
8050.000000 -77.543213
8100.000000 -79.551361
8150.000000 -78.635963
8200.000000 -79.313004
8250.000000 -78.486595
8300.000000 -79.565216
8350.000000 -79.248344
8400.000000 -78.957886
8450.000000 -79.134834
8500.000000 -79.410286
8550.000000 -79.729385
8600.000000 -79.779633
8650.000000 -79.753830
8700.000000 -81.606461
8750.000000 -79.830177
8800.000000 -81.256409
8850.000000 -81.011765
8900.000000 -81.032639
8950.000000 -81.131714
9000.000000 -82.397240
9050.000000 -80.705986
9100.000000 -82.779289
9150.000000 -82.893196
9200.000000 -82.681290
9250.000000 -83.379990
9300.000000 -83.282745
9350.000000 -82.997375
9400.000000 -83.302109
9450.000000 -83.411339
9500.000000 -83.642075
9550.000000 -84.063347
9600.000000 -83.877037
9650.000000 -83.767960
9700.000000 -83.114197
9750.000000 -84.065460
9800.000000 -83.282745
9850.000000 -86.333122
9900.000000 -84.916412
9950.000000 -84.506088
10000.000000 -83.874969
10050.000000 -84.731651
10100.000000 -85.256798
10150.000000 -86.856949
10200.000000 -87.114662
10250.000000 -87.552437
10300.000000 -86.761169
10350.000000 -86.137497
10400.000000 -87.464355
10450.000000 -86.572708
10500.000000 -84.851295
10550.000000 -85.826118
10600.000000 -87.667023
10650.000000 -87.641426
10700.000000 -86.921402
10750.000000 -87.689476
10800.000000 -85.616135
10850.000000 -87.973534
10900.000000 -88.986221
10950.000000 -88.696480
11000.000000 -88.229515
11050.000000 -88.192001
11100.000000 -89.717285
11150.000000 -88.878738
11200.000000 -90.291664
11250.000000 -88.496796
11300.000000 -86.781395
11350.000000 -88.812683
11400.000000 -90.031212
11450.000000 -91.028542
11500.000000 -90.814178
11550.000000 -89.274391
11600.000000 -89.827515
11650.000000 -88.949005
11700.000000 -93.024734
11750.000000 -92.112549
11800.000000 -92.883400
11850.000000 -90.014404
11900.000000 -88.416100
11950.000000 -91.277412
12000.000000 -91.553650
12050.000000 -91.200073
12100.000000 -92.456001
12150.000000 -92.989189
12200.000000 -91.870087
12250.000000 -92.860069
12300.000000 -88.560486
12350.000000 -90.222588
12400.000000 -92.118065
12450.000000 -92.198502
12500.000000 -89.437843
12550.000000 -89.414299
12600.000000 -92.573570
12650.000000 -94.329109
12700.000000 -89.790611
12750.000000 -93.072365
12800.000000 -93.813492
12850.000000 -93.425697
12900.000000 -92.924385
12950.000000 -94.030739
13000.000000 -94.097656
13050.000000 -90.031212
13100.000000 -91.669693
13150.000000 -92.395042
13200.000000 -96.005684
13250.000000 -92.155418
13300.000000 -94.426239
13350.000000 -93.525749
13400.000000 -92.478271
13450.000000 -95.839920
13500.000000 -95.856354
13550.000000 -93.192581
13600.000000 -94.581100
13650.000000 -95.047958
13700.000000 -92.551048
13750.000000 -91.109123
13800.000000 -90.795784
13850.000000 -90.587021
13900.000000 -91.859703
13950.000000 -91.629158
14000.000000 -93.228981
14050.000000 -96.320953
14100.000000 -93.633339
14150.000000 -93.326782
14200.000000 -92.630119
14250.000000 -93.216827
14300.000000 -92.613113
14350.000000 -90.888138
14400.000000 -91.619087
14450.000000 -92.802010
14500.000000 -95.848129
14550.000000 -94.517410
14600.000000 -92.977371
14650.000000 -90.981491
14700.000000 -94.724312
14750.000000 -90.841843
14800.000000 -94.921478
14850.000000 -91.568695
14900.000000 -93.904999
14950.000000 -94.253548
15000.000000 -94.077522
15050.000000 -92.967735
15100.000000 -92.825188
15150.000000 -95.025505
15200.000000 -97.410423
15250.000000 -94.419266
15300.000000 -93.761642
15350.000000 -95.629044
15400.000000 -92.214706
15450.000000 -94.638100
15500.000000 -90.600487
15550.000000 -90.035423
15600.000000 -91.880493
15650.000000 -92.790443
15700.000000 -91.439125
15750.000000 -94.767746
15800.000000 -94.294685
15850.000000 -93.977570
15900.000000 -93.911568
15950.000000 -92.641472
16000.000000 -96.260422
16050.000000 -93.703667
16100.000000 -94.510368
16150.000000 -89.600418
16200.000000 -91.019112
16250.000000 -87.715210
16300.000000 -90.383163
16350.000000 -92.528595
16400.000000 -88.585381
16450.000000 -92.372986
16500.000000 -91.483757
16550.000000 -91.267708
16600.000000 -95.130791
16650.000000 -92.658531
16700.000000 -91.797623
16750.000000 -93.800499
16800.000000 -89.881096
16850.000000 -94.489311
16900.000000 -92.080544
16950.000000 -90.060707
17000.000000 -94.260391
17050.000000 -89.947495
17100.000000 -93.977570
17150.000000 -94.602432
17200.000000 -90.851082
17250.000000 -91.870087
17300.000000 -90.953377
17350.000000 -94.869934
17400.000000 -94.084229
17450.000000 -94.833298
17500.000000 -91.434181
17550.000000 -94.825989
17600.000000 -93.060432
17650.000000 -91.152084
17700.000000 -92.773125
17750.000000 -91.818268
17800.000000 -95.322037
17850.000000 -89.500923
17900.000000 -90.837227
17950.000000 -90.823387
18000.000000 -91.629158
18050.000000 -93.957718
18100.000000 -91.014397
18150.000000 -90.073380
18200.000000 -89.632500
18250.000000 -90.713501
18300.000000 -88.353455
18350.000000 -88.246628
18400.000000 -91.287125
18450.000000 -91.746223
18500.000000 -93.438141
18550.000000 -89.672768
18600.000000 -93.419479
18650.000000 -89.790611
18700.000000 -94.825989
18750.000000 -93.326782
18800.000000 -92.784668
18850.000000 -94.151566
18900.000000 -93.388466
18950.000000 -94.171867
19000.000000 -92.545494
19050.000000 -91.844139
19100.000000 -94.818687
19150.000000 -96.811813
19200.000000 -96.416931
19250.000000 -93.833023
19300.000000 -94.280952
19350.000000 -94.496284
19400.000000 -93.563568
19450.000000 -94.454193
19500.000000 -92.444885
19550.000000 -94.315323
19600.000000 -91.548637
19650.000000 -95.581100
19700.000000 -93.710091
19750.000000 -92.865898
19800.000000 -93.891861
19850.000000 -93.588875
19900.000000 -93.126259
19950.000000 -95.815323
20000.000000 -94.010757
20050.000000 -91.901337
20100.000000 -92.456001
20150.000000 -91.033264
20200.000000 -91.523628
20250.000000 -92.318085
20300.000000 -92.032745
20350.000000 -90.453529
20400.000000 -93.126259
20450.000000 -92.220116
20500.000000 -91.316338
20550.000000 -92.450439
20600.000000 -90.188271
20650.000000 -88.834648
20700.000000 -93.924728
20750.000000 -91.624100
20800.000000 -92.080559
20850.000000 -93.607903
20900.000000 -90.555695
20950.000000 -91.720642
21000.000000 -89.947495
21050.000000 -92.522987
21100.000000 -91.137741
21150.000000 -91.019112
21200.000000 -94.233055
21250.000000 -91.185646
21300.000000 -91.019112
21350.000000 -90.205406
21400.000000 -91.404572
21450.000000 -89.504883
21500.000000 -91.180847
21550.000000 -89.004890
21600.000000 -90.814178
21650.000000 -91.004982
21700.000000 -93.550941
21750.000000 -87.492569
21800.000000 -87.343124
21850.000000 -86.764053
21900.000000 -88.871376
21950.000000 -89.604424
22000.000000 -85.475586
22050.000000 -86.936111
22100.000000 -89.042343
22150.000000 -87.401978
22200.000000 -86.649307
22250.000000 -91.056892
22300.000000 -89.556503
22350.000000 -88.013458
22400.000000 -91.695129
22450.000000 -91.147301
22500.000000 -69.610420
22550.000000 -64.159958
22600.000000 -60.659966
22650.000000 -58.690956
22700.000000 -56.555832
22750.000000 -55.204540
22800.000000 -54.538631
22850.000000 -54.192120
22900.000000 -54.479889
22950.000000 -53.978207
23000.000000 -54.477642
23050.000000 -55.114285
23100.000000 -54.612591
23150.000000 -55.491566
23200.000000 -55.831924
23250.000000 -56.010258
23300.000000 -56.396301
23350.000000 -55.839310
23400.000000 -55.927597
23450.000000 -56.167397
23500.000000 -55.998791
23550.000000 -56.100052
23600.000000 -56.043976
23650.000000 -55.714935
23700.000000 -55.451748
23750.000000 -55.698200
23800.000000 -55.311722
23850.000000 -55.002186
23900.000000 -54.714905
23950.000000 -54.944305
24000.000000 -54.380634
24050.000000 -54.718513
24100.000000 -54.756767
24150.000000 -54.904778
24200.000000 -54.384521
24250.000000 -55.065559
24300.000000 -55.943619
24350.000000 -56.098949
24400.000000 -56.434284
24450.000000 -56.846554
24500.000000 -56.728985
24550.000000 -56.714264
24600.000000 -56.678478
24650.000000 -56.210041
24700.000000 -55.612762
24750.000000 -55.609722
24800.000000 -55.124935
24850.000000 -54.965958
24900.000000 -54.577946
24950.000000 -54.892841
25000.000000 -54.874088
25050.000000 -55.171333
25100.000000 -55.599178
25150.000000 -54.591232
25200.000000 -53.979069
25250.000000 -53.976486
25300.000000 -54.393135
25350.000000 -53.976948
25400.000000 -54.252979
25450.000000 -53.976620
25500.000000 -53.966423
25550.000000 -53.959213
25600.000000 -53.973373
25650.000000 -53.965561
25700.000000 -53.926350
25750.000000 -53.961525
25800.000000 -53.956703
25850.000000 -53.965496
25900.000000 -53.964901
25950.000000 -53.969002
26000.000000 -53.962452
26050.000000 -53.968075
26100.000000 -53.971916
26150.000000 -53.972115
26200.000000 -53.972446
26250.000000 -53.978077
26300.000000 -54.642147
26350.000000 -54.492111
26400.000000 -54.558941
26450.000000 -54.338955
26500.000000 -54.540115
26550.000000 -55.063007
26600.000000 -54.381954
26650.000000 -54.304489
26700.000000 -54.340199
26750.000000 -54.470066
26800.000000 -54.162224
26850.000000 -53.967812
26900.000000 -53.964966
26950.000000 -53.966091
27000.000000 -53.965759
27050.000000 -53.964371
27100.000000 -53.962719
27150.000000 -53.961857
27200.000000 -53.964767
27250.000000 -53.972908
27300.000000 -53.961792
27350.000000 -53.965099
27400.000000 -54.821507
27450.000000 -54.674080
27500.000000 -54.009804
27550.000000 -54.701286
27600.000000 -55.557117
27650.000000 -55.078636
27700.000000 -54.390358
27750.000000 -55.628532
27800.000000 -54.574821
27850.000000 -54.995705
27900.000000 -54.236374
27950.000000 -54.373352
28000.000000 -54.408508
28050.000000 -53.975491
28100.000000 -54.080784
28150.000000 -53.977348
28200.000000 -53.973438
28250.000000 -53.975426
28300.000000 -53.969997
28350.000000 -53.975292
28400.000000 -53.960270
28450.000000 -53.968010
28500.000000 -53.974167
28550.000000 -53.973373
28600.000000 -53.976154
28650.000000 -53.971455
28700.000000 -53.976353
28750.000000 -53.992729
28800.000000 -54.010071
28850.000000 -54.534603
28900.000000 -55.668446
28950.000000 -56.611645
29000.000000 -55.937637
29050.000000 -55.919804
29100.000000 -54.680641
29150.000000 -54.964546
29200.000000 -56.774944
29250.000000 -55.308556
29300.000000 -55.411800
29350.000000 -54.393345
29400.000000 -54.778244
29450.000000 -54.207211
29500.000000 -53.969929
29550.000000 -54.185329
29600.000000 -53.972710
29650.000000 -53.958023
29700.000000 -53.959610
29750.000000 -53.965031
29800.000000 -53.965694
29850.000000 -53.963909
29900.000000 -53.977413
29950.000000 -53.970459
30000.000000 -53.969334
30050.000000 -53.975887
30100.000000 -53.968342
30150.000000 -54.418961
30200.000000 -55.322701
30250.000000 -55.339191
30300.000000 -56.155724
30350.000000 -56.022907
30400.000000 -56.007744
30450.000000 -55.284725
30500.000000 -55.950848
30550.000000 -55.611084
30600.000000 -55.863235
30650.000000 -55.331211
30700.000000 -54.259613
30750.000000 -53.978207
30800.000000 -53.970524
30850.000000 -53.971252
30900.000000 -53.972710
30950.000000 -53.975758
31000.000000 -53.962254
31050.000000 -53.972778
31100.000000 -53.971981
31150.000000 -53.970062
31200.000000 -53.962650
31250.000000 -53.966621
31300.000000 -53.966553
31350.000000 -53.979267
31400.000000 -54.681503
31450.000000 -54.969299
31500.000000 -55.361855
31550.000000 -55.328117
31600.000000 -55.387840
31650.000000 -55.809319
31700.000000 -55.134697
31750.000000 -56.056511
31800.000000 -55.173843
31850.000000 -55.140526
31900.000000 -55.303848
31950.000000 -55.503799
32000.000000 -54.316193
32050.000000 -54.651455
32100.000000 -53.975956
32150.000000 -54.094692
32200.000000 -53.969864
32250.000000 -53.976749
32300.000000 -53.954323
32350.000000 -53.964306
32400.000000 -53.965031
32450.000000 -53.964436
32500.000000 -53.971718
32550.000000 -53.968475
32600.000000 -53.963444
32650.000000 -53.976021
32700.000000 -53.973904
32750.000000 -54.137825
32800.000000 -54.114574
32850.000000 -55.202328
32900.000000 -54.354027
32950.000000 -54.308067
33000.000000 -55.029812
33050.000000 -55.715500
33100.000000 -55.634705
33150.000000 -56.067627
33200.000000 -56.741817
33250.000000 -55.621643
33300.000000 -54.017654
33350.000000 -54.111614
33400.000000 -53.972115
33450.000000 -53.973309
33500.000000 -53.973175
33550.000000 -53.968605
33600.000000 -53.968208
33650.000000 -53.965298
33700.000000 -53.964901
33750.000000 -53.966621
33800.000000 -53.969070
33850.000000 -53.973175
33900.000000 -53.973770
33950.000000 -53.970394
34000.000000 -54.930248
34050.000000 -55.001293
34100.000000 -55.286652
34150.000000 -55.216835
34200.000000 -54.856846
34250.000000 -55.144165
34300.000000 -55.264801
34350.000000 -55.580353
34400.000000 -54.454235
34450.000000 -54.838535
34500.000000 -57.468220
34550.000000 -55.357037
34600.000000 -57.099281
34650.000000 -54.394665
34700.000000 -54.228870
34750.000000 -54.417564
34800.000000 -53.973175
34850.000000 -53.968605
34900.000000 -54.105156
34950.000000 -53.961922
35000.000000 -53.966820
35050.000000 -53.955116
35100.000000 -53.971584
35150.000000 -53.960999
35200.000000 -53.974564
35250.000000 -53.976883
35300.000000 -53.972710
35350.000000 -53.968605
35400.000000 -54.198845
35450.000000 -54.144920
35500.000000 -54.143700
35550.000000 -55.489437
35600.000000 -55.347878
35650.000000 -54.900059
35700.000000 -55.776897
35750.000000 -55.671345
35800.000000 -56.006992
35850.000000 -55.526653
35900.000000 -55.176735
35950.000000 -54.107311
36000.000000 -54.054607
36050.000000 -54.184113
36100.000000 -54.198574
36150.000000 -53.973705
36200.000000 -53.968540
36250.000000 -53.968674
36300.000000 -53.969200
36350.000000 -53.954849
36400.000000 -53.967613
36450.000000 -53.963577
36500.000000 -53.963974
36550.000000 -53.975822
36600.000000 -53.978607
36650.000000 -54.591660
36700.000000 -53.975758
36750.000000 -54.003689
36800.000000 -54.367321
36850.000000 -55.369469
36900.000000 -54.870197
36950.000000 -54.650806
37000.000000 -54.875046
37050.000000 -55.608444
37100.000000 -56.527618
37150.000000 -55.784237
37200.000000 -55.300220
37250.000000 -54.999279
37300.000000 -53.978607
37350.000000 -53.983311
37400.000000 -53.973904
37450.000000 -53.972778
37500.000000 -53.975956
37550.000000 -53.975094
37600.000000 -53.975163
37650.000000 -53.973106
37700.000000 -53.961990
37750.000000 -53.968605
37800.000000 -53.970196
37850.000000 -53.966488
37900.000000 -53.975559
37950.000000 -53.978275
38000.000000 -53.975689
38050.000000 -53.978870
38100.000000 -54.106365
38150.000000 -54.287651
38200.000000 -54.491058
38250.000000 -55.779915
38300.000000 -55.705231
38350.000000 -56.054321
38400.000000 -55.476513
38450.000000 -54.973087
38500.000000 -54.821362
38550.000000 -54.896008
38600.000000 -54.803345
38650.000000 -53.978008
38700.000000 -53.975822
38750.000000 -53.978474
38800.000000 -53.973175
38850.000000 -53.972115
38900.000000 -53.971455
38950.000000 -53.972511
39000.000000 -53.969334
39050.000000 -53.968075
39100.000000 -53.969864
39150.000000 -53.970196
39200.000000 -53.967945
39250.000000 -53.974564
39300.000000 -53.969532
39350.000000 -53.978607
39400.000000 -55.530933
39450.000000 -55.150303
39500.000000 -54.690849
39550.000000 -54.762058
39600.000000 -54.733532
39650.000000 -59.030018
39700.000000 -55.100246
39750.000000 -54.824135
39800.000000 -55.077732
39850.000000 -56.493832
39900.000000 -55.115040
39950.000000 -54.723782
40000.000000 -54.259003
