0.000000 -60.792961
50.000000 -58.805359
100.000000 -59.758335
150.000000 -58.041573
200.000000 -56.438152
250.000000 -56.103352
300.000000 -55.208740
350.000000 -54.266117
400.000000 -53.971851
450.000000 -53.942963
500.000000 -53.956898
550.000000 -53.951019
600.000000 -53.976353
650.000000 -53.956238
700.000000 -53.956436
750.000000 -54.159176
800.000000 -53.944550
850.000000 -53.977348
900.000000 -54.249165
950.000000 -55.255127
1000.000000 -56.350994
1050.000000 -57.150871
1100.000000 -57.666435
1150.000000 -58.743553
1200.000000 -59.572529
1250.000000 -60.372894
1300.000000 -59.864029
1350.000000 -60.557747
1400.000000 -59.361259
1450.000000 -59.175716
1500.000000 -58.205486
1550.000000 -56.947247
1600.000000 -55.840542
1650.000000 -54.786312
1700.000000 -54.124607
1750.000000 -53.970127
1800.000000 -53.943031
1850.000000 -53.946461
1900.000000 -53.973373
1950.000000 -53.979401
2000.000000 -53.979202
2050.000000 -53.938015
2100.000000 -53.971386
2150.000000 -53.972843
2200.000000 -53.978207
2250.000000 -54.546974
2300.000000 -55.697716
2350.000000 -56.604916
2400.000000 -57.372890
2450.000000 -58.759048
2500.000000 -60.063850
2550.000000 -59.972610
2600.000000 -57.820366
2650.000000 -58.014217
2700.000000 -56.758320
2750.000000 -56.249279
2800.000000 -56.257977
2850.000000 -54.999577
2900.000000 -54.712887
2950.000000 -54.528603
3000.000000 -53.975822
3050.000000 -53.974434
3100.000000 -53.958618
3150.000000 -53.948837
3200.000000 -53.949566
3250.000000 -53.938873
3300.000000 -53.959942
3350.000000 -53.958683
3400.000000 -53.965630
3450.000000 -53.970127
3500.000000 -53.969997
3550.000000 -53.964436
3600.000000 -53.973240
3650.000000 -53.977478
3700.000000 -54.097832
3750.000000 -54.602119
3800.000000 -54.697109
3850.000000 -55.007629
3900.000000 -55.015690
3950.000000 -55.148254
4000.000000 -55.232056
4050.000000 -55.557594
4100.000000 -55.874847
4150.000000 -56.255825
4200.000000 -56.193092
4250.000000 -56.512348
4300.000000 -56.753483
4350.000000 -57.138947
4400.000000 -56.997662
4450.000000 -57.290714
4500.000000 -57.863892
4550.000000 -58.326519
4600.000000 -58.092602
4650.000000 -58.206562
4700.000000 -58.457916
4750.000000 -58.694832
4800.000000 -58.396538
4850.000000 -58.407459
4900.000000 -58.742405
4950.000000 -59.569378
5000.000000 -59.984642
5050.000000 -60.532627
5100.000000 -59.872643
5150.000000 -60.405052
5200.000000 -61.008186
5250.000000 -60.604084
5300.000000 -61.076027
5350.000000 -61.635048
5400.000000 -61.443584
5450.000000 -61.534515
5500.000000 -61.852116
5550.000000 -62.033283
5600.000000 -62.112194
5650.000000 -62.518059
5700.000000 -62.574387
5750.000000 -62.631077
5800.000000 -62.812935
5850.000000 -63.135456
5900.000000 -63.357521
5950.000000 -63.917717
6000.000000 -63.871647
6050.000000 -64.011864
6100.000000 -64.373062
6150.000000 -64.569550
6200.000000 -64.698112
6250.000000 -64.702217
6300.000000 -65.170074
6350.000000 -65.719971
6400.000000 -65.596161
6450.000000 -65.923599
6500.000000 -66.442329
6550.000000 -66.373047
6600.000000 -66.767220
6650.000000 -66.955269
6700.000000 -67.144165
6750.000000 -67.942383
6800.000000 -67.933792
6850.000000 -68.128235
6900.000000 -68.609261
6950.000000 -69.014603
7000.000000 -69.105621
7050.000000 -69.268593
7100.000000 -68.967209
7150.000000 -69.576027
7200.000000 -69.608421
7250.000000 -69.243202
7300.000000 -70.406830
7350.000000 -70.451744
7400.000000 -70.630615
7450.000000 -71.159248
7500.000000 -71.409485
7550.000000 -71.582748
7600.000000 -71.425270
7650.000000 -71.630653
7700.000000 -72.162926
7750.000000 -72.335045
7800.000000 -72.398338
7850.000000 -72.373520
7900.000000 -72.493874
7950.000000 -73.147293
8000.000000 -72.630661
8050.000000 -73.366188
8100.000000 -73.732582
8150.000000 -73.784912
8200.000000 -73.810219
8250.000000 -74.452766
8300.000000 -74.306351
8350.000000 -74.768440
8400.000000 -75.235046
8450.000000 -75.026970
8500.000000 -74.847176
8550.000000 -74.801888
8600.000000 -75.790771
8650.000000 -76.284554
8700.000000 -76.276779
8750.000000 -76.302719
8800.000000 -76.232002
8850.000000 -76.556641
8900.000000 -77.184166
8950.000000 -76.813614
9000.000000 -77.117332
9050.000000 -77.562210
9100.000000 -77.692314
9150.000000 -78.272148
9200.000000 -78.346329
9250.000000 -78.824921
9300.000000 -78.264549
9350.000000 -79.468689
9400.000000 -78.766068
9450.000000 -79.511177
9500.000000 -79.613258
9550.000000 -79.169693
9600.000000 -79.739670
9650.000000 -79.773178
9700.000000 -79.522461
9750.000000 -80.501411
9800.000000 -80.377327
9850.000000 -79.083397
9900.000000 -80.398132
9950.000000 -81.195358
10000.000000 -81.034126
10050.000000 -81.017723
10100.000000 -80.890511
10150.000000 -82.262054
10200.000000 -81.790176
10250.000000 -82.108650
10300.000000 -81.493973
10350.000000 -83.350716
10400.000000 -82.684898
10450.000000 -82.991760
10500.000000 -82.761063
10550.000000 -84.144127
10600.000000 -84.930435
10650.000000 -84.645248
10700.000000 -85.325043
10750.000000 -86.049286
10800.000000 -84.217041
10850.000000 -83.856354
10900.000000 -85.264084
10950.000000 -84.171928
11000.000000 -84.654297
11050.000000 -86.692215
11100.000000 -84.944473
11150.000000 -85.312813
11200.000000 -85.031555
11250.000000 -86.324883
11300.000000 -87.275490
11350.000000 -87.679848
11400.000000 -86.022728
11450.000000 -86.735229
11500.000000 -87.257126
11550.000000 -87.809151
11600.000000 -88.147865
11650.000000 -87.275490
11700.000000 -88.581818
11750.000000 -86.909645
11800.000000 -87.877815
11850.000000 -87.278549
11900.000000 -87.511429
11950.000000 -89.129112
12000.000000 -89.042343
12050.000000 -87.956955
12100.000000 -91.267708
12150.000000 -90.981491
12200.000000 -89.697021
12250.000000 -90.713501
12300.000000 -90.818787
12350.000000 -90.137009
12400.000000 -89.592415
12450.000000 -89.544563
12500.000000 -90.098778
12550.000000 -90.356918
12600.000000 -88.226105
12650.000000 -92.075218
12700.000000 -93.444366
12750.000000 -90.976799
12800.000000 -93.626968
12850.000000 -89.684883
12900.000000 -89.285965
12950.000000 -91.498688
13000.000000 -90.897430
13050.000000 -93.710091
13100.000000 -92.900940
13150.000000 -94.315323
13200.000000 -95.709541
13250.000000 -92.959671
13300.000000 -96.399399
13350.000000 -94.111099
13400.000000 -96.005684
13450.000000 -93.259422
13500.000000 -93.253326
13550.000000 -93.469330
13600.000000 -90.930023
13650.000000 -93.114250
13700.000000 -91.870087
13750.000000 -90.493362
13800.000000 -92.209305
13850.000000 -91.937950
13900.000000 -91.751350
13950.000000 -94.566902
14000.000000 -93.684433
14050.000000 -92.144684
14100.000000 -91.974678
14150.000000 -92.930260
14200.000000 -92.144684
14250.000000 -92.171547
14300.000000 -94.287819
14350.000000 -91.730865
14400.000000 -94.545662
14450.000000 -93.997467
14500.000000 -93.729385
14550.000000 -94.433220
14600.000000 -91.434181
14650.000000 -93.488091
14700.000000 -91.478790
14750.000000 -94.426239
14800.000000 -92.830986
14850.000000 -92.220116
14900.000000 -92.767357
14950.000000 -92.032745
15000.000000 -98.095840
15050.000000 -94.044159
15100.000000 -93.241142
15150.000000 -92.096535
15200.000000 -95.368568
15250.000000 -91.258011
15300.000000 -93.639709
15350.000000 -94.602432
15400.000000 -91.548637
15450.000000 -91.200073
15500.000000 -90.356918
15550.000000 -91.659546
15600.000000 -93.703667
15650.000000 -92.618774
15700.000000 -93.937912
15750.000000 -91.023827
15800.000000 -89.705116
15850.000000 -94.818687
15900.000000 -92.652840
15950.000000 -93.400864
16000.000000 -91.375061
16050.000000 -91.166451
16100.000000 -93.018799
16150.000000 -93.742271
16200.000000 -91.690041
16250.000000 -92.556679
16300.000000 -90.560158
16350.000000 -91.690041
16400.000000 -94.158325
16450.000000 -89.469322
16500.000000 -93.665237
16550.000000 -95.454529
16600.000000 -93.563568
16650.000000 -95.963943
16700.000000 -90.515572
16750.000000 -93.820000
16800.000000 -91.613998
16850.000000 -92.439331
16900.000000 -94.496284
16950.000000 -91.243492
17000.000000 -91.473824
17050.000000 -96.217445
17100.000000 -96.174675
17150.000000 -93.277740
17200.000000 -96.811813
17250.000000 -97.916740
17300.000000 -91.995750
17350.000000 -90.690781
17400.000000 -92.755836
17450.000000 -90.777435
17500.000000 -89.989250
17550.000000 -89.328529
17600.000000 -93.885307
17650.000000 -95.509674
17700.000000 -89.612434
17750.000000 -90.818787
17800.000000 -89.121536
17850.000000 -91.838959
17900.000000 -91.156868
17950.000000 -90.010910
18000.000000 -88.897171
18050.000000 -88.772568
18100.000000 -92.721367
18150.000000 -92.069893
18200.000000 -90.035423
18250.000000 -89.968346
18300.000000 -92.528595
18350.000000 -94.377541
18400.000000 -90.128502
18450.000000 -92.274406
18500.000000 -88.889793
18550.000000 -91.624123
18600.000000 -91.104362
18650.000000 -92.977371
18700.000000 -89.608429
18750.000000 -89.680847
18800.000000 -90.920700
18850.000000 -92.263519
18900.000000 -91.508652
18950.000000 -93.977570
19000.000000 -95.032982
19050.000000 -95.782639
19100.000000 -92.590492
19150.000000 -93.690842
19200.000000 -92.038040
19250.000000 -92.340004
19300.000000 -89.375214
19350.000000 -89.125320
19400.000000 -90.209694
19450.000000 -87.667023
19500.000000 -92.854248
19550.000000 -93.369919
19600.000000 -92.664223
19650.000000 -93.114250
19700.000000 -94.695480
19750.000000 -94.205811
19800.000000 -91.634216
19850.000000 -91.113884
19900.000000 -92.813591
19950.000000 -90.183975
20000.000000 -93.001022
20050.000000 -94.356750
20100.000000 -91.943169
20150.000000 -93.060432
20200.000000 -92.773125
20250.000000 -95.415352
20300.000000 -91.922226
20350.000000 -92.721367
20400.000000 -93.283859
20450.000000 -91.424301
20500.000000 -94.840614
20550.000000 -90.466789
20600.000000 -93.582542
20650.000000 -93.180489
20700.000000 -96.338326
20750.000000 -93.228981
20800.000000 -95.758240
20850.000000 -92.107208
20900.000000 -95.701462
20950.000000 -90.736275
21000.000000 -94.638100
21050.000000 -92.995102
21100.000000 -93.162369
21150.000000 -92.709908
21200.000000 -95.573135
21250.000000 -92.367477
21300.000000 -90.981491
21350.000000 -94.370605
21400.000000 -95.070473
21450.000000 -93.394661
21500.000000 -92.819382
21550.000000 -91.075851
21600.000000 -92.819382
21650.000000 -95.322037
21700.000000 -94.405334
21750.000000 -92.624443
21800.000000 -93.748726
21850.000000 -93.277740
21900.000000 -96.140617
21950.000000 -93.072365
22000.000000 -94.090942
22050.000000 -94.377541
22100.000000 -93.878754
22150.000000 -96.030823
22200.000000 -94.995659
22250.000000 -93.898430
22300.000000 -95.206779
22350.000000 -93.550941
22400.000000 -95.541344
22450.000000 -95.815323
22500.000000 -93.357567
22550.000000 -87.884384
22600.000000 -69.967079
22650.000000 -63.994629
22700.000000 -60.952991
22750.000000 -58.712299
22800.000000 -56.162109
22850.000000 -55.533958
22900.000000 -54.438431
22950.000000 -54.929138
23000.000000 -54.571274
23050.000000 -55.493065
23100.000000 -55.967079
23150.000000 -57.082779
23200.000000 -58.360691
23250.000000 -57.985687
23300.000000 -59.683384
23350.000000 -63.357716
23400.000000 -64.920609
23450.000000 -65.187401
23500.000000 -67.705544
23550.000000 -64.131096
23600.000000 -66.112267
23650.000000 -61.997013
23700.000000 -61.285248
23750.000000 -60.153099
23800.000000 -58.778141
23850.000000 -58.940742
23900.000000 -58.177395
23950.000000 -58.338112
24000.000000 -57.498573
24050.000000 -57.687431
24100.000000 -57.228359
24150.000000 -56.476498
24200.000000 -55.718334
24250.000000 -54.315712
24300.000000 -54.304626
24350.000000 -55.368458
24400.000000 -55.346401
24450.000000 -56.009083
24500.000000 -55.553940
24550.000000 -56.705280
24600.000000 -53.951744
24650.000000 -54.200409
24700.000000 -53.960537
24750.000000 -53.945671
24800.000000 -53.936565
24850.000000 -53.955776
24900.000000 -53.960934
24950.000000 -53.958420
25000.000000 -53.942371
25050.000000 -53.978008
25100.000000 -54.398697
25150.000000 -54.886147
25200.000000 -55.265034
25250.000000 -55.775677
25300.000000 -56.102844
25350.000000 -56.651031
25400.000000 -56.560650
25450.000000 -56.304966
25500.000000 -55.877403
25550.000000 -55.129021
25600.000000 -54.434097
25650.000000 -54.243954
25700.000000 -53.976749
25750.000000 -53.947388
25800.000000 -53.948048
25850.000000 -53.929447
25900.000000 -53.922268
25950.000000 -53.921940
26000.000000 -53.945076
26050.000000 -53.979401
26100.000000 -53.974831
26150.000000 -54.104282
26200.000000 -54.987213
26250.000000 -55.481476
26300.000000 -56.376019
26350.000000 -57.193653
26400.000000 -57.482792
26450.000000 -58.341839
26500.000000 -58.367935
26550.000000 -58.812061
26600.000000 -58.801781
26650.000000 -56.957233
26700.000000 -56.895641
26750.000000 -56.508801
26800.000000 -55.767368
26850.000000 -54.990864
26900.000000 -54.218372
26950.000000 -54.008873
27000.000000 -53.956966
27050.000000 -53.930172
27100.000000 -53.945934
27150.000000 -53.957363
27200.000000 -53.974960
27250.000000 -53.972313
27300.000000 -53.975689
27350.000000 -54.171230
27400.000000 -53.962982
27450.000000 -53.951744
27500.000000 -53.973572
27550.000000 -54.505970
27600.000000 -55.205612
27650.000000 -56.302109
27700.000000 -56.627899
27750.000000 -58.063072
27800.000000 -59.553753
27850.000000 -60.088184
27900.000000 -59.858162
27950.000000 -60.995396
28000.000000 -60.159168
28050.000000 -59.247124
28100.000000 -59.649837
28150.000000 -58.053429
28200.000000 -57.558403
28250.000000 -56.668446
28300.000000 -55.438492
28350.000000 -54.721760
28400.000000 -53.977547
28450.000000 -53.966290
28500.000000 -53.961525
28550.000000 -53.944813
28600.000000 -53.968937
28650.000000 -53.954586
28700.000000 -53.944679
28750.000000 -53.921543
28800.000000 -53.969467
28850.000000 -53.978737
28900.000000 -54.355618
28950.000000 -55.308094
29000.000000 -56.388165
29050.000000 -56.936157
29100.000000 -57.336628
29150.000000 -57.720707
29200.000000 -57.990643
29250.000000 -57.890774
29300.000000 -58.035336
29350.000000 -57.710720
29400.000000 -57.488346
29450.000000 -55.735271
29500.000000 -56.747742
29550.000000 -55.878639
29600.000000 -54.769096
29650.000000 -54.117130
29700.000000 -53.961525
29750.000000 -53.939930
29800.000000 -53.959873
29850.000000 -53.951878
29900.000000 -53.962189
29950.000000 -53.937752
30000.000000 -53.973770
30050.000000 -53.944481
30100.000000 -53.956436
30150.000000 -53.977612
30200.000000 -54.169872
30250.000000 -55.139771
30300.000000 -55.836769
30350.000000 -56.726166
30400.000000 -58.447712
30450.000000 -58.503201
30500.000000 -59.966141
30550.000000 -61.093449
30600.000000 -60.669403
30650.000000 -61.191402
30700.000000 -60.587193
30750.000000 -59.796963
30800.000000 -58.143829
30850.000000 -57.541611
30900.000000 -56.348557
30950.000000 -55.694321
31000.000000 -54.531780
31050.000000 -53.977146
31100.000000 -53.939335
31150.000000 -53.943558
31200.000000 -53.941116
31250.000000 -53.954254
31300.000000 -53.971916
31350.000000 -53.972313
31400.000000 -53.944614
31450.000000 -53.973507
31500.000000 -53.977280
31550.000000 -54.054005
31600.000000 -54.844830
31650.000000 -55.365658
31700.000000 -56.042381
31750.000000 -57.569317
31800.000000 -57.013245
31850.000000 -57.638618
31900.000000 -59.933983
31950.000000 -59.864029
32000.000000 -59.405582
32050.000000 -58.833157
32100.000000 -58.754456
32150.000000 -57.494900
32200.000000 -57.163864
32250.000000 -55.848427
32300.000000 -55.089172
32350.000000 -54.044788
32400.000000 -53.974365
32450.000000 -53.943558
32500.000000 -53.940655
32550.000000 -53.976685
32600.000000 -53.920490
32650.000000 -53.964836
32700.000000 -53.941578
32750.000000 -53.942303
32800.000000 -53.938545
32850.000000 -53.977879
32900.000000 -54.522251
32950.000000 -55.380207
33000.000000 -56.496307
33050.000000 -57.409603
33100.000000 -57.768856
33150.000000 -59.989010
33200.000000 -60.822052
33250.000000 -60.499577
33300.000000 -60.733631
33350.000000 -60.918449
33400.000000 -59.517818
33450.000000 -59.091148
33500.000000 -57.587067
33550.000000 -57.253922
33600.000000 -56.131832
33650.000000 -55.235729
33700.000000 -54.273724
33750.000000 -53.978142
33800.000000 -53.935642
33850.000000 -53.936104
33900.000000 -53.959610
33950.000000 -53.979336
34000.000000 -53.979401
34050.000000 -53.962322
34100.000000 -53.948639
34150.000000 -53.960667
34200.000000 -53.978737
34250.000000 -54.477783
34300.000000 -55.303383
34350.000000 -56.358311
34400.000000 -57.077099
34450.000000 -58.435085
34500.000000 -59.855549
34550.000000 -60.246948
34600.000000 -61.397850
34650.000000 -60.913883
34700.000000 -59.246635
34750.000000 -60.397003
34800.000000 -58.687195
34850.000000 -57.860783
34900.000000 -57.039974
34950.000000 -55.728867
35000.000000 -54.940235
35050.000000 -54.125889
35100.000000 -53.959015
35150.000000 -53.939667
35200.000000 -53.956303
35250.000000 -53.974960
35300.000000 -53.973969
35350.000000 -53.977146
35400.000000 -53.938808
35450.000000 -53.940392
35500.000000 -53.947922
35550.000000 -53.978939
35600.000000 -54.834366
35650.000000 -55.737297
35700.000000 -56.614872
35750.000000 -57.845879
35800.000000 -58.235397
35850.000000 -59.479412
35900.000000 -59.807842
35950.000000 -60.656387
36000.000000 -60.032265
36050.000000 -60.885658
36100.000000 -60.040386
36150.000000 -58.588402
36200.000000 -57.947933
36250.000000 -57.123058
36300.000000 -55.675613
36350.000000 -54.716564
36400.000000 -53.987289
36450.000000 -53.957958
36500.000000 -53.922729
36550.000000 -53.963181
36600.000000 -53.976288
36650.000000 -53.978607
36700.000000 -53.958553
36750.000000 -53.964901
36800.000000 -53.945736
36850.000000 -53.969334
36900.000000 -53.978737
36950.000000 -54.474625
37000.000000 -55.248375
37050.000000 -56.383446
37100.000000 -56.841301
37150.000000 -57.914719
37200.000000 -58.768131
37250.000000 -59.917034
37300.000000 -59.118526
37350.000000 -60.206272
37400.000000 -59.870167
37450.000000 -59.627335
37500.000000 -58.739883
37550.000000 -57.444191
37600.000000 -56.246700
37650.000000 -55.675449
37700.000000 -54.815231
37750.000000 -53.979137
37800.000000 -53.952206
37850.000000 -53.948376
37900.000000 -53.959278
37950.000000 -53.979336
38000.000000 -53.979401
38050.000000 -53.947254
38100.000000 -53.973240
38150.000000 -53.952141
38200.000000 -53.977215
38250.000000 -54.182007
38300.000000 -55.048904
38350.000000 -55.889778
38400.000000 -56.647518
38450.000000 -57.735195
38500.000000 -59.193691
38550.000000 -58.334942
38600.000000 -59.226608
38650.000000 -59.647163
38700.000000 -59.971947
38750.000000 -59.023968
38800.000000 -58.723160
38850.000000 -58.183952
38900.000000 -56.593002
38950.000000 -56.251949
39000.000000 -54.962540
39050.000000 -54.400158
39100.000000 -53.977146
39150.000000 -53.948971
39200.000000 -53.947983
39250.000000 -53.968739
39300.000000 -53.974236
39350.000000 -53.963379
39400.000000 -53.952007
39450.000000 -53.923386
39500.000000 -53.959145
39550.000000 -53.978474
39600.000000 -54.293213
39650.000000 -54.949268
39700.000000 -55.965660
39750.000000 -56.686440
39800.000000 -58.453918
39850.000000 -59.012367
39900.000000 -58.533482
39950.000000 -59.554760
40000.000000 -61.050564
