0.000000 -53.941643
50.000000 -53.958618
100.000000 -53.963512
150.000000 -53.956833
200.000000 -54.053738
250.000000 -54.530792
300.000000 -54.562340
350.000000 -54.848125
400.000000 -55.138710
450.000000 -55.356724
500.000000 -55.475571
550.000000 -55.330750
600.000000 -55.354008
650.000000 -54.659977
700.000000 -54.548817
750.000000 -54.325085
800.000000 -53.978340
850.000000 -53.969334
900.000000 -53.973438
950.000000 -53.947254
1000.000000 -53.936432
1050.000000 -53.926220
1100.000000 -53.952274
1150.000000 -53.979401
1200.000000 -53.955643
1250.000000 -53.967945
1300.000000 -53.960800
1350.000000 -53.973835
1400.000000 -53.959743
1450.000000 -53.974766
1500.000000 -53.971386
1550.000000 -54.369747
1600.000000 -54.827862
1650.000000 -54.273449
1700.000000 -54.680428
1750.000000 -55.064583
1800.000000 -55.533150
1850.000000 -54.642078
1900.000000 -54.702507
1950.000000 -55.205608
2000.000000 -55.623806
2050.000000 -54.399395
2100.000000 -54.337231
2150.000000 -54.665138
2200.000000 -54.366421
2250.000000 -54.107914
2300.000000 -53.968475
2350.000000 -53.969002
2400.000000 -53.931358
2450.000000 -53.952404
2500.000000 -53.939137
2550.000000 -53.949631
2600.000000 -53.959015
2650.000000 -54.218647
2700.000000 -53.960732
2750.000000 -54.228325
2800.000000 -54.228119
2850.000000 -54.264065
2900.000000 -55.049355
2950.000000 -55.285572
3000.000000 -54.427677
3050.000000 -55.175751
3100.000000 -54.567657
3150.000000 -54.611450
3200.000000 -54.798756
3250.000000 -55.067814
3300.000000 -55.146969
3350.000000 -55.046059
3400.000000 -55.153641
3450.000000 -55.721653
3500.000000 -55.320301
3550.000000 -56.308952
3600.000000 -56.096077
3650.000000 -56.644463
3700.000000 -57.254406
3750.000000 -57.180233
3800.000000 -57.662384
3850.000000 -57.603146
3900.000000 -58.092178
3950.000000 -58.497849
4000.000000 -58.667622
4050.000000 -58.789547
4100.000000 -59.109196
4150.000000 -59.304188
4200.000000 -59.733494
4250.000000 -59.850731
4300.000000 -60.371376
4350.000000 -60.426601
4400.000000 -60.625710
4450.000000 -60.894470
4500.000000 -60.898731
4550.000000 -60.950771
4600.000000 -61.323444
4650.000000 -61.521240
4700.000000 -61.383072
4750.000000 -62.219166
4800.000000 -62.418743
4850.000000 -62.441181
4900.000000 -62.426624
4950.000000 -62.761417
5000.000000 -63.066891
5050.000000 -63.506664
5100.000000 -63.566006
5150.000000 -63.875168
5200.000000 -64.182861
5250.000000 -64.098534
5300.000000 -64.395020
5350.000000 -64.360352
5400.000000 -64.596275
5450.000000 -64.507416
5500.000000 -64.523911
5550.000000 -65.396278
5600.000000 -65.442039
5650.000000 -65.332375
5700.000000 -66.008148
5750.000000 -66.371117
5800.000000 -66.158195
5850.000000 -66.884712
5900.000000 -67.201370
5950.000000 -67.559700
6000.000000 -67.643013
6050.000000 -67.570152
6100.000000 -68.098549
6150.000000 -67.432785
6200.000000 -67.833923
6250.000000 -68.389931
6300.000000 -69.240517
6350.000000 -69.361557
6400.000000 -69.180046
6450.000000 -69.888519
6500.000000 -69.876945
6550.000000 -69.904266
6600.000000 -70.161728
6650.000000 -70.240654
6700.000000 -70.567299
6750.000000 -70.857536
6800.000000 -71.100060
6850.000000 -70.685318
6900.000000 -71.186592
6950.000000 -71.680862
7000.000000 -71.159248
7050.000000 -71.388802
7100.000000 -71.325592
7150.000000 -72.364227
7200.000000 -72.120018
7250.000000 -72.951996
7300.000000 -73.300980
7350.000000 -73.506882
7400.000000 -73.765495
7450.000000 -73.766144
7500.000000 -74.105698
7550.000000 -74.642365
7600.000000 -74.445068
7650.000000 -75.219742
7700.000000 -75.162598
7750.000000 -74.588890
7800.000000 -75.345238
7850.000000 -74.324951
7900.000000 -75.145912
7950.000000 -75.631424
8000.000000 -76.372269
8050.000000 -76.164413
8100.000000 -75.529427
8150.000000 -76.496223
8200.000000 -77.087898
8250.000000 -76.700478
8300.000000 -76.648064
8350.000000 -77.661880
8400.000000 -77.177460
8450.000000 -77.034988
8500.000000 -78.031113
8550.000000 -77.453781
8600.000000 -79.075050
8650.000000 -78.611076
8700.000000 -78.388062
8750.000000 -79.430122
8800.000000 -79.662834
8850.000000 -79.457474
8900.000000 -79.963768
8950.000000 -79.133636
9000.000000 -78.335381
9050.000000 -79.450005
9100.000000 -80.737671
9150.000000 -80.651535
9200.000000 -80.396729
9250.000000 -80.366264
9300.000000 -79.895401
9350.000000 -80.467781
9400.000000 -80.466377
9450.000000 -81.213631
9500.000000 -81.056557
9550.000000 -80.921402
9600.000000 -82.419968
9650.000000 -82.312073
9700.000000 -82.788422
9750.000000 -82.773819
9800.000000 -83.374123
9850.000000 -82.915413
9900.000000 -82.999245
9950.000000 -82.808540
10000.000000 -83.670341
10050.000000 -83.427055
10100.000000 -85.371742
10150.000000 -83.941475
10200.000000 -85.162636
10250.000000 -84.526802
10300.000000 -84.371315
10350.000000 -86.213051
10400.000000 -86.695023
10450.000000 -86.207634
10500.000000 -85.191505
10550.000000 -86.552956
10600.000000 -85.102806
10650.000000 -87.757286
10700.000000 -88.700089
10750.000000 -90.205406
10800.000000 -88.093849
10850.000000 -88.339600
10900.000000 -89.688927
10950.000000 -89.394730
11000.000000 -86.726593
11050.000000 -89.839851
11100.000000 -88.904564
11150.000000 -92.022156
11200.000000 -90.405090
11250.000000 -90.145531
11300.000000 -92.959671
11350.000000 -91.190453
11400.000000 -91.047432
11450.000000 -91.624100
11500.000000 -94.877281
11550.000000 -92.912659
11600.000000 -92.900940
11650.000000 -95.018036
11700.000000 -95.605042
11750.000000 -92.027451
11800.000000 -89.390823
11850.000000 -91.200073
11900.000000 -91.061630
11950.000000 -92.755836
12000.000000 -92.107208
12050.000000 -91.370155
12100.000000 -91.751350
12150.000000 -92.417160
12200.000000 -94.602432
12250.000000 -92.698463
12300.000000 -92.032745
12350.000000 -94.638100
12400.000000 -93.162369
12450.000000 -95.541344
12500.000000 -93.937912
12550.000000 -90.613968
12600.000000 -94.178642
12650.000000 -92.807793
12700.000000 -95.605042
12750.000000 -91.147301
12800.000000 -94.468201
12850.000000 -93.271629
12900.000000 -92.279854
12950.000000 -92.225533
13000.000000 -95.914154
13050.000000 -94.267242
13100.000000 -93.964333
13150.000000 -92.456001
13200.000000 -92.461563
13250.000000 -93.450600
13300.000000 -95.486000
13350.000000 -91.802780
13400.000000 -93.588875
13450.000000 -91.948410
13500.000000 -93.475578
13550.000000 -92.596146
13600.000000 -94.077522
13650.000000 -95.047958
13700.000000 -92.551048
13750.000000 -91.109123
13800.000000 -90.795784
13850.000000 -90.587021
13900.000000 -91.859703
13950.000000 -91.629158
14000.000000 -93.228981
14050.000000 -96.320953
14100.000000 -93.633339
14150.000000 -93.326782
14200.000000 -92.144684
14250.000000 -92.171547
14300.000000 -94.287819
14350.000000 -91.730865
14400.000000 -94.545662
14450.000000 -93.997467
14500.000000 -93.729385
14550.000000 -94.433220
14600.000000 -91.434181
14650.000000 -93.488091
14700.000000 -91.478790
14750.000000 -94.426239
14800.000000 -92.830986
14850.000000 -92.220116
14900.000000 -92.767357
14950.000000 -92.032745
15000.000000 -98.095840
15050.000000 -94.044159
15100.000000 -93.241142
15150.000000 -92.096535
15200.000000 -95.368568
15250.000000 -91.258011
15300.000000 -93.639709
15350.000000 -94.602432
15400.000000 -91.548637
15450.000000 -91.200073
15500.000000 -90.356918
15550.000000 -91.659546
15600.000000 -93.703667
15650.000000 -92.618774
15700.000000 -93.937912
15750.000000 -91.023827
15800.000000 -89.705116
15850.000000 -94.818687
15900.000000 -92.652840
15950.000000 -92.590492
16000.000000 -94.489258
16050.000000 -90.967422
16100.000000 -94.124565
16150.000000 -88.510910
16200.000000 -90.990883
16250.000000 -89.493011
16300.000000 -89.132904
16350.000000 -91.922226
16400.000000 -91.365250
16450.000000 -90.141273
16500.000000 -88.374290
16550.000000 -89.612434
16600.000000 -88.433578
16650.000000 -86.677856
16700.000000 -87.263245
16750.000000 -91.588806
16800.000000 -90.166870
16850.000000 -89.943329
16900.000000 -91.090096
16950.000000 -89.943329
17000.000000 -91.901337
17050.000000 -88.849319
17100.000000 -91.593834
17150.000000 -93.210762
17200.000000 -93.265526
17250.000000 -94.030739
17300.000000 -93.806999
17350.000000 -90.763695
17400.000000 -93.363739
17450.000000 -94.144806
17500.000000 -91.014397
17550.000000 -89.031097
17600.000000 -92.635796
17650.000000 -90.878860
17700.000000 -94.616684
17750.000000 -91.539070
17800.000000 -90.502235
17850.000000 -90.809578
17900.000000 -91.335869
17950.000000 -92.936134
18000.000000 -94.090942
18050.000000 -92.318085
18100.000000 -94.274124
18150.000000 -92.198502
18200.000000 -94.760490
18250.000000 -91.075851
18300.000000 -90.330757
18350.000000 -95.314301
18400.000000 -92.790443
18450.000000 -94.426239
18500.000000 -91.389801
18550.000000 -94.138054
18600.000000 -91.802780
18650.000000 -94.084229
18700.000000 -94.070824
18750.000000 -93.984200
18800.000000 -93.646080
18850.000000 -92.085869
18900.000000 -93.488091
18950.000000 -92.345490
19000.000000 -90.027008
19050.000000 -91.901337
19100.000000 -94.419266
19150.000000 -93.665237
19200.000000 -94.559814
19250.000000 -94.090942
19300.000000 -93.235062
19350.000000 -93.314491
19400.000000 -94.673920
19450.000000 -95.314301
19500.000000 -94.391426
19550.000000 -95.345268
19600.000000 -91.578743
19650.000000 -96.030823
19700.000000 -94.877281
19750.000000 -94.468201
19800.000000 -95.153519
19850.000000 -92.053955
19900.000000 -94.652412
19950.000000 -94.253548
20000.000000 -92.411629
20050.000000 -91.508652
20100.000000 -91.705322
20150.000000 -94.349831
20200.000000 -93.332932
20250.000000 -92.080544
20300.000000 -91.399643
20350.000000 -92.983276
20400.000000 -90.014404
20450.000000 -92.596146
20500.000000 -90.976799
20550.000000 -94.151566
20600.000000 -89.660667
20650.000000 -92.123253
20700.000000 -89.930847
20750.000000 -91.911774
20800.000000 -94.280952
20850.000000 -93.595215
20900.000000 -95.597054
20950.000000 -92.495010
21000.000000 -93.735825
21050.000000 -92.439331
21100.000000 -90.356918
21150.000000 -92.053955
21200.000000 -92.350983
21250.000000 -96.460907
21300.000000 -91.639275
21350.000000 -91.690041
21400.000000 -93.419479
21450.000000 -95.905846
21500.000000 -92.687035
21550.000000 -93.820000
21600.000000 -89.197624
21650.000000 -92.865898
21700.000000 -93.357567
21750.000000 -94.336014
21800.000000 -97.293175
21850.000000 -96.478561
21900.000000 -91.345650
21950.000000 -92.166168
22000.000000 -96.702538
22050.000000 -90.832611
22100.000000 -91.583771
22150.000000 -95.725731
22200.000000 -93.852592
22250.000000 -92.187706
22300.000000 -93.990829
22350.000000 -92.744331
22400.000000 -92.607452
22450.000000 -92.247223
22500.000000 -93.859123
22550.000000 -70.198524
22600.000000 -64.327576
22650.000000 -60.744164
22700.000000 -58.085690
22750.000000 -56.644005
22800.000000 -55.246689
22850.000000 -53.977215
22900.000000 -53.968143
22950.000000 -53.948376
23000.000000 -53.938084
23050.000000 -53.957493
23100.000000 -53.968674
23150.000000 -53.951153
23200.000000 -53.940983
23250.000000 -53.952473
23300.000000 -54.068790
23350.000000 -53.976223
23400.000000 -53.956371
23450.000000 -53.961330
23500.000000 -53.968475
23550.000000 -53.961990
23600.000000 -53.953461
23650.000000 -54.155323
23700.000000 -53.973637
23750.000000 -53.957363
23800.000000 -53.943230
23850.000000 -54.002827
23900.000000 -53.945602
23950.000000 -53.968208
24000.000000 -53.972843
24050.000000 -53.968937
24100.000000 -53.972645
24150.000000 -53.969002
24200.000000 -53.958485
24250.000000 -53.971123
24300.000000 -53.974300
24350.000000 -54.194836
24400.000000 -54.455845
24450.000000 -54.810707
24500.000000 -55.215157
24550.000000 -55.378105
24600.000000 -56.221954
24650.000000 -55.963913
24700.000000 -55.945942
24750.000000 -55.749966
24800.000000 -54.906986
24850.000000 -55.146439
24900.000000 -54.961430
24950.000000 -55.201870
25000.000000 -54.913921
25050.000000 -55.261806
25100.000000 -54.908684
25150.000000 -53.962521
25200.000000 -53.962124
25250.000000 -53.973373
25300.000000 -53.968739
25350.000000 -54.129665
25400.000000 -54.491478
25450.000000 -55.110508
25500.000000 -54.545135
25550.000000 -55.154400
25600.000000 -54.454235
25650.000000 -55.210648
25700.000000 -54.878941
25750.000000 -54.887543
25800.000000 -55.369003
25850.000000 -55.347721
25900.000000 -55.292355
25950.000000 -55.209579
26000.000000 -54.586540
26050.000000 -54.707047
26100.000000 -54.260025
26150.000000 -53.971519
26200.000000 -53.975227
26250.000000 -53.979401
26300.000000 -53.979401
26350.000000 -53.938412
26400.000000 -53.921082
26450.000000 -53.961594
26500.000000 -53.971123
26550.000000 -53.927734
26600.000000 -53.927536
26650.000000 -53.979401
26700.000000 -53.979401
26750.000000 -53.979401
26800.000000 -53.976486
26850.000000 -54.264679
26900.000000 -54.721905
26950.000000 -55.576050
27000.000000 -56.373573
27050.000000 -56.684715
27100.000000 -56.500561
27150.000000 -57.582249
27200.000000 -57.729988
27250.000000 -57.148010
27300.000000 -57.129990
27350.000000 -56.982010
27400.000000 -56.203617
27450.000000 -55.531883
27500.000000 -55.310795
27550.000000 -54.467613
27600.000000 -54.056080
27650.000000 -53.977348
27700.000000 -53.957363
27750.000000 -53.944748
27800.000000 -53.944351
27850.000000 -53.963646
27900.000000 -53.961658
27950.000000 -53.931423
28000.000000 -53.944878
28050.000000 -53.956039
28100.000000 -53.979401
28150.000000 -53.971123
28200.000000 -54.072811
28250.000000 -54.646870
28300.000000 -55.310566
28350.000000 -55.402664
28400.000000 -55.801224
28450.000000 -56.037846
28500.000000 -56.135143
28550.000000 -55.792072
28600.000000 -55.786930
28650.000000 -55.708546
28700.000000 -55.244923
28750.000000 -55.725216
28800.000000 -54.348286
28850.000000 -54.339165
28900.000000 -53.973507
28950.000000 -53.977745
29000.000000 -53.968674
29050.000000 -53.931755
29100.000000 -53.932083
29150.000000 -53.946793
29200.000000 -53.951546
29250.000000 -53.936565
29300.000000 -53.955841
29350.000000 -53.920620
29400.000000 -53.979401
29450.000000 -53.972378
29500.000000 -53.978275
29550.000000 -54.452206
29600.000000 -54.681000
29650.000000 -55.162750
29700.000000 -55.505379
29750.000000 -55.694645
29800.000000 -56.671337
29850.000000 -57.183792
29900.000000 -56.716084
29950.000000 -56.735264
30000.000000 -56.744640
30050.000000 -56.180447
30100.000000 -54.888279
30150.000000 -55.003380
30200.000000 -54.515553
30250.000000 -54.043518
30300.000000 -53.973175
30350.000000 -53.979401
30400.000000 -53.942764
30450.000000 -53.920357
30500.000000 -53.948246
30550.000000 -53.940918
30600.000000 -53.940918
30650.000000 -53.924572
30700.000000 -53.979401
30750.000000 -53.979401
30800.000000 -53.975559
30850.000000 -53.972778
30900.000000 -54.225529
30950.000000 -54.596138
31000.000000 -54.874973
31050.000000 -55.384106
31100.000000 -55.372501
31150.000000 -55.611660
31200.000000 -55.394081
31250.000000 -55.894405
31300.000000 -55.462902
31350.000000 -55.313885
31400.000000 -54.953640
31450.000000 -54.921673
31500.000000 -54.379803
31550.000000 -53.976021
31600.000000 -53.976089
31650.000000 -53.952934
31700.000000 -53.948509
31750.000000 -53.943623
31800.000000 -53.950954
31850.000000 -53.900570
31900.000000 -53.861454
31950.000000 -53.928589
32000.000000 -53.959808
32050.000000 -53.960602
32100.000000 -53.950886
32150.000000 -53.970592
32200.000000 -54.224846
32250.000000 -54.237400
32300.000000 -54.597561
32350.000000 -55.286114
32400.000000 -55.038044
32450.000000 -56.355171
32500.000000 -56.280750
32550.000000 -56.916988
32600.000000 -56.463081
32650.000000 -56.389915
32700.000000 -55.735432
32750.000000 -55.561249
32800.000000 -54.925442
32850.000000 -54.496681
32900.000000 -53.975163
32950.000000 -53.973637
33000.000000 -53.979401
33050.000000 -53.967682
33100.000000 -53.975559
33150.000000 -53.934719
33200.000000 -53.864460
33250.000000 -53.944878
33300.000000 -53.947716
33350.000000 -53.942833
33400.000000 -53.953331
33450.000000 -53.972778
33500.000000 -53.975029
33550.000000 -53.977478
33600.000000 -54.403984
33650.000000 -55.042461
33700.000000 -55.412739
33750.000000 -55.678837
33800.000000 -55.505062
33850.000000 -55.389870
33900.000000 -55.338028
33950.000000 -55.752563
34000.000000 -55.242474
34050.000000 -55.820206
34100.000000 -55.134850
34150.000000 -54.650879
34200.000000 -54.253799
34250.000000 -53.978539
34300.000000 -53.977348
34350.000000 -53.949368
34400.000000 -53.952671
34450.000000 -53.949303
34500.000000 -53.923386
34550.000000 -53.901096
34600.000000 -53.928196
34650.000000 -53.937092
34700.000000 -53.958618
34750.000000 -53.970524
34800.000000 -53.975094
34850.000000 -53.974102
34900.000000 -54.000698
34950.000000 -54.470417
35000.000000 -55.002857
35050.000000 -56.109276
35100.000000 -55.242626
35150.000000 -55.712101
35200.000000 -55.637672
35250.000000 -55.785297
35300.000000 -55.162521
35350.000000 -55.551636
35400.000000 -55.269032
35450.000000 -54.641361
35500.000000 -54.144035
35550.000000 -53.974167
35600.000000 -53.968143
35650.000000 -53.948048
35700.000000 -53.949497
35750.000000 -53.952206
35800.000000 -53.933205
35850.000000 -53.932873
35900.000000 -53.922928
35950.000000 -53.938278
36000.000000 -53.921280
36050.000000 -53.958683
36100.000000 -53.963512
36150.000000 -53.969334
36200.000000 -53.974300
36250.000000 -53.970261
36300.000000 -54.565884
36350.000000 -55.476593
36400.000000 -55.026749
36450.000000 -55.844482
36500.000000 -56.259010
36550.000000 -55.744198
36600.000000 -56.006824
36650.000000 -55.752239
36700.000000 -54.794025
36750.000000 -55.170650
36800.000000 -54.690777
36850.000000 -54.356724
36900.000000 -54.062767
36950.000000 -53.956833
37000.000000 -53.974300
37050.000000 -53.938084
37100.000000 -53.936962
37150.000000 -53.943954
37200.000000 -53.939007
37250.000000 -53.906021
37300.000000 -53.920952
37350.000000 -53.939598
37400.000000 -53.951347
37450.000000 -54.129257
37500.000000 -53.973969
37550.000000 -53.971455
37600.000000 -54.150192
37650.000000 -54.512100
37700.000000 -55.052803
37750.000000 -55.293278
37800.000000 -56.001804
37850.000000 -55.020546
37900.000000 -55.925858
37950.000000 -55.595825
38000.000000 -56.359531
38050.000000 -54.872841
38100.000000 -54.650379
38150.000000 -54.521263
38200.000000 -54.291771
38250.000000 -53.975887
38300.000000 -53.970856
38350.000000 -53.942963
38400.000000 -53.930172
38450.000000 -53.927208
38500.000000 -53.946198
38550.000000 -53.964172
38600.000000 -53.948639
38650.000000 -53.944153
38700.000000 -53.943031
38750.000000 -53.932674
38800.000000 -53.958748
38850.000000 -53.969597
38900.000000 -53.974167
38950.000000 -54.168385
39000.000000 -54.668583
39050.000000 -54.768372
39100.000000 -55.199657
39150.000000 -55.576210
39200.000000 -55.526337
39250.000000 -55.943699
39300.000000 -55.499535
39350.000000 -55.375614
39400.000000 -54.500904
39450.000000 -54.720318
39500.000000 -54.337505
39550.000000 -53.976551
39600.000000 -53.969666
39650.000000 -53.940853
39700.000000 -53.945869
39750.000000 -53.948574
39800.000000 -53.936039
39850.000000 -53.942104
39900.000000 -53.948311
39950.000000 -53.931755
40000.000000 -53.936104
