0.000000 -58.188255
50.000000 -56.869999
100.000000 -59.886631
150.000000 -61.282791
200.000000 -58.870167
250.000000 -60.306740
300.000000 -58.245247
350.000000 -56.750294
400.000000 -55.352222
450.000000 -54.620792
500.000000 -54.818951
550.000000 -55.127964
600.000000 -54.525143
650.000000 -54.541813
700.000000 -55.405785
750.000000 -55.703045
800.000000 -57.757484
850.000000 -55.586967
900.000000 -54.962765
950.000000 -55.305389
1000.000000 -54.362473
1050.000000 -54.712887
1100.000000 -54.621506
1150.000000 -54.538631
1200.000000 -54.457455
1250.000000 -54.336540
1300.000000 -54.980595
1350.000000 -56.949299
1400.000000 -58.867954
1450.000000 -58.061481
1500.000000 -58.733696
1550.000000 -58.701008
1600.000000 -56.870461
1650.000000 -57.438072
1700.000000 -56.644276
1750.000000 -54.366348
1800.000000 -54.707191
1850.000000 -54.413246
1900.000000 -55.029591
1950.000000 -55.189064
2000.000000 -56.304966
2050.000000 -56.586288
2100.000000 -55.668045
2150.000000 -56.984257
2200.000000 -57.617538
2250.000000 -57.272396
2300.000000 -55.984341
2350.000000 -54.537857
2400.000000 -54.677849
2450.000000 -54.177734
2500.000000 -54.583839
2550.000000 -53.976421
2600.000000 -53.931885
2650.000000 -53.939667
2700.000000 -53.962254
2750.000000 -53.948509
2800.000000 -53.942238
2850.000000 -53.952007
2900.000000 -53.968342
2950.000000 -53.968739
3000.000000 -53.970592
3050.000000 -53.927338
3100.000000 -53.949036
3150.000000 -53.921082
3200.000000 -53.947914
3250.000000 -53.953861
3300.000000 -53.979401
3350.000000 -53.967747
3400.000000 -53.946461
3450.000000 -53.965363
3500.000000 -53.979401
3550.000000 -53.974697
3600.000000 -53.969597
3650.000000 -53.963711
3700.000000 -53.966354
3750.000000 -53.976021
3800.000000 -53.992466
3850.000000 -53.976948
3900.000000 -54.165470
3950.000000 -54.422447
4000.000000 -53.978737
4050.000000 -53.976421
4100.000000 -54.315849
4150.000000 -53.978207
4200.000000 -54.266872
4250.000000 -54.839779
4300.000000 -54.559223
4350.000000 -54.702293
4400.000000 -54.804073
4450.000000 -54.452763
4500.000000 -55.442883
4550.000000 -55.577801
4600.000000 -54.727825
4650.000000 -55.194397
4700.000000 -56.159725
4750.000000 -55.646259
4800.000000 -55.927181
4850.000000 -56.232517
4900.000000 -56.800213
4950.000000 -56.437363
5000.000000 -57.087044
5050.000000 -57.942387
5100.000000 -57.486362
5150.000000 -57.760864
5200.000000 -58.171383
5250.000000 -58.683323
5300.000000 -58.873192
5350.000000 -59.416481
5400.000000 -59.148876
5450.000000 -59.473301
5500.000000 -60.120914
5550.000000 -60.053310
5600.000000 -59.867290
5650.000000 -60.644817
5700.000000 -60.800514
5750.000000 -60.912704
5800.000000 -61.398315
5850.000000 -61.477295
5900.000000 -61.886303
5950.000000 -61.840149
6000.000000 -62.029774
6050.000000 -61.799618
6100.000000 -62.455589
6150.000000 -62.958527
6200.000000 -62.965984
6250.000000 -63.201504
6300.000000 -63.709454
6350.000000 -63.694839
6400.000000 -64.002609
6450.000000 -64.272995
6500.000000 -64.336304
6550.000000 -64.598526
6600.000000 -64.691513
6650.000000 -65.018074
6700.000000 -65.457672
6750.000000 -64.898216
6800.000000 -65.542557
6850.000000 -65.980934
6900.000000 -66.080711
6950.000000 -66.376083
7000.000000 -66.591927
7050.000000 -67.090027
7100.000000 -66.925217
7150.000000 -67.533821
7200.000000 -66.765778
7250.000000 -67.541054
7300.000000 -67.752335
7350.000000 -68.387146
7400.000000 -68.146500
7450.000000 -68.684570
7500.000000 -68.137360
7550.000000 -69.035957
7600.000000 -69.827911
7650.000000 -69.450798
7700.000000 -70.096214
7750.000000 -70.225586
7800.000000 -70.501778
7850.000000 -70.672630
7900.000000 -70.874207
7950.000000 -70.827057
8000.000000 -70.914627
8050.000000 -71.219330
8100.000000 -71.862274
8150.000000 -72.020020
8200.000000 -71.726242
8250.000000 -72.018448
8300.000000 -72.628395
8350.000000 -72.634636
8400.000000 -73.483688
8450.000000 -73.003960
8500.000000 -73.429405
8550.000000 -73.212120
8600.000000 -72.844917
8650.000000 -74.201027
8700.000000 -74.564751
8750.000000 -74.669586
8800.000000 -75.004578
8850.000000 -75.420013
8900.000000 -75.812019
8950.000000 -75.158043
9000.000000 -75.607407
9050.000000 -75.937309
9100.000000 -76.016541
9150.000000 -75.731377
9200.000000 -76.112595
9250.000000 -76.441498
9300.000000 -76.509514
9350.000000 -77.187042
9400.000000 -76.824646
9450.000000 -77.350594
9500.000000 -77.898994
9550.000000 -77.631561
9600.000000 -77.139236
9650.000000 -77.058571
9700.000000 -77.638626
9750.000000 -78.308067
9800.000000 -78.069229
9850.000000 -77.701462
9900.000000 -78.631432
9950.000000 -79.518700
10000.000000 -79.589203
10050.000000 -79.671768
10100.000000 -79.815895
10150.000000 -79.518700
10200.000000 -80.196510
10250.000000 -80.604515
10300.000000 -80.731903
10350.000000 -81.367393
10400.000000 -81.933037
10450.000000 -80.799942
10500.000000 -81.267143
10550.000000 -82.190132
10600.000000 -81.612839
10650.000000 -81.919800
10700.000000 -82.412971
10750.000000 -82.064835
10800.000000 -82.737411
10850.000000 -83.269218
10900.000000 -82.773819
10950.000000 -83.399574
11000.000000 -83.061241
11050.000000 -83.668320
11100.000000 -83.167473
11150.000000 -84.713387
11200.000000 -82.887650
11250.000000 -83.603859
11300.000000 -83.966553
11350.000000 -83.891548
11400.000000 -84.904747
11450.000000 -83.945656
11500.000000 -83.290482
11550.000000 -85.797653
11600.000000 -83.843964
11650.000000 -86.965614
11700.000000 -85.237404
11750.000000 -85.510513
11800.000000 -85.162636
11850.000000 -86.947906
11900.000000 -87.423759
11950.000000 -88.656898
12000.000000 -85.730743
12050.000000 -87.492569
12100.000000 -86.164406
12150.000000 -86.612511
12200.000000 -87.920593
12250.000000 -89.520729
12300.000000 -88.886108
12350.000000 -89.167107
12400.000000 -88.174995
12450.000000 -89.729462
12500.000000 -89.860451
12550.000000 -86.784286
12600.000000 -92.171547
12650.000000 -93.222900
12700.000000 -90.613968
12750.000000 -91.360359
12800.000000 -90.972107
12850.000000 -88.915649
12900.000000 -91.147301
12950.000000 -90.128502
13000.000000 -89.893509
13050.000000 -90.231194
13100.000000 -90.137009
13150.000000 -91.321220
13200.000000 -90.631981
13250.000000 -91.152084
13300.000000 -90.902077
13350.000000 -92.664223
13400.000000 -88.624641
13450.000000 -89.901794
13500.000000 -90.818893
13550.000000 -91.473824
13600.000000 -89.770180
13650.000000 -89.770180
13700.000000 -91.797623
13750.000000 -92.085869
13800.000000 -92.059265
13850.000000 -95.161140
13900.000000 -93.697250
13950.000000 -93.506905
14000.000000 -90.086067
14050.000000 -90.192543
14100.000000 -92.601822
14150.000000 -91.132965
14200.000000 -90.111504
14250.000000 -91.434181
14300.000000 -95.123230
14350.000000 -89.733521
14400.000000 -89.046097
14450.000000 -90.892784
14500.000000 -89.305290
14550.000000 -89.993439
14600.000000 -89.989250
14650.000000 -90.356918
14700.000000 -91.644333
14750.000000 -90.749977
14800.000000 -91.593834
14850.000000 -93.150314
14900.000000 -93.108253
14950.000000 -96.200310
15000.000000 -92.889244
15050.000000 -92.755836
15100.000000 -91.085342
15150.000000 -93.168404
15200.000000 -94.419266
15250.000000 -94.267242
15300.000000 -92.613113
15350.000000 -93.633339
15400.000000 -94.914101
15450.000000 -94.638100
15500.000000 -98.498894
15550.000000 -96.839401
15600.000000 -93.787529
15650.000000 -94.503326
15700.000000 -92.350983
15750.000000 -94.178642
15800.000000 -90.823387
15850.000000 -90.823387
15900.000000 -92.936134
15950.000000 -92.176933
16000.000000 -95.229713
16050.000000 -93.781052
16100.000000 -91.449028
16150.000000 -92.400566
16200.000000 -92.506195
16250.000000 -89.620453
16300.000000 -93.684433
16350.000000 -95.077988
16400.000000 -91.118652
16450.000000 -90.925362
16500.000000 -90.851082
16550.000000 -93.846062
16600.000000 -94.709885
16650.000000 -90.934692
16700.000000 -93.944504
16750.000000 -94.246712
16800.000000 -93.658844
16850.000000 -94.205811
16900.000000 -91.156868
16950.000000 -95.955620
17000.000000 -94.482231
17050.000000 -93.283859
17100.000000 -94.847931
17150.000000 -94.377541
17200.000000 -95.010567
17250.000000 -91.553650
17300.000000 -97.916817
17350.000000 -90.948700
17400.000000 -93.735825
17450.000000 -95.384132
17500.000000 -94.482262
17550.000000 -92.361977
17600.000000 -96.657104
17650.000000 -94.280952
17700.000000 -95.010567
17750.000000 -96.286308
17800.000000 -95.260376
17850.000000 -92.924385
17900.000000 -95.168701
17950.000000 -93.878754
18000.000000 -94.988213
18050.000000 -91.746223
18100.000000 -91.538628
18150.000000 -94.695480
18200.000000 -94.084229
18250.000000 -92.489449
18300.000000 -90.462364
18350.000000 -91.568695
18400.000000 -93.885307
18450.000000 -96.639084
18500.000000 -98.454407
18550.000000 -91.782173
18600.000000 -93.024734
18650.000000 -93.042564
18700.000000 -94.789543
18750.000000 -95.070473
18800.000000 -93.438141
18850.000000 -93.289978
18900.000000 -92.112549
18950.000000 -94.724312
19000.000000 -92.681328
19050.000000 -93.684433
19100.000000 -94.652412
19150.000000 -94.869934
19200.000000 -97.380966
19250.000000 -91.974678
19300.000000 -92.912659
19350.000000 -90.708946
19400.000000 -94.995659
19450.000000 -91.238655
19500.000000 -93.024734
19550.000000 -93.150314
19600.000000 -93.911568
19650.000000 -90.704399
19700.000000 -93.174446
19750.000000 -92.329056
19800.000000 -91.771881
19850.000000 -95.972275
19900.000000 -91.943169
19950.000000 -93.639709
20000.000000 -93.607903
20050.000000 -93.247231
20100.000000 -95.108124
20150.000000 -87.973534
20200.000000 -95.229713
20250.000000 -94.552734
20300.000000 -94.877281
20350.000000 -91.468857
20400.000000 -93.042564
20450.000000 -90.111504
20500.000000 -94.185425
20550.000000 -91.061630
20600.000000 -93.852592
20650.000000 -93.419479
20700.000000 -97.469643
20750.000000 -95.501778
20800.000000 -96.064461
20850.000000 -94.767746
20900.000000 -91.463898
20950.000000 -92.959671
21000.000000 -92.830986
21050.000000 -94.862595
21100.000000 -95.070473
21150.000000 -92.096535
21200.000000 -95.629044
21250.000000 -94.280952
21300.000000 -94.151566
21350.000000 -93.665237
21400.000000 -93.216827
21450.000000 -95.268059
21500.000000 -92.709908
21550.000000 -94.545662
21600.000000 -96.425705
21650.000000 -95.685318
21700.000000 -92.230949
21750.000000 -96.648094
21800.000000 -92.483849
21850.000000 -92.323555
21900.000000 -93.394661
21950.000000 -93.781052
22000.000000 -91.833817
22050.000000 -90.986183
22100.000000 -94.226234
22150.000000 -95.003105
22200.000000 -93.054474
22250.000000 -90.681709
22300.000000 -92.819382
22350.000000 -93.314491
22400.000000 -92.647156
22450.000000 -92.871727
22500.000000 -91.042709
22550.000000 -91.901337
22600.000000 -92.285301
22650.000000 -90.911385
22700.000000 -69.740067
22750.000000 -63.963642
22800.000000 -60.403805
22850.000000 -58.142864
22900.000000 -56.535355
22950.000000 -54.968853
23000.000000 -54.669727
23050.000000 -54.756115
23100.000000 -54.459133
23150.000000 -55.303310
23200.000000 -55.665710
23250.000000 -56.441231
23300.000000 -58.153252
23350.000000 -60.900642
23400.000000 -61.647049
23450.000000 -63.434921
23500.000000 -63.688759
23550.000000 -68.073334
23600.000000 -62.805241
23650.000000 -62.550350
23700.000000 -60.656387
23750.000000 -59.647293
23800.000000 -57.965218
23850.000000 -56.577080
23900.000000 -56.606888
23950.000000 -55.235653
24000.000000 -53.973770
24050.000000 -53.969070
24100.000000 -53.970592
24150.000000 -54.432076
24200.000000 -54.178551
24250.000000 -54.612732
24300.000000 -54.551365
24350.000000 -54.964622
24400.000000 -55.019650
24450.000000 -55.331909
24500.000000 -55.264034
24550.000000 -55.467308
24600.000000 -57.400162
24650.000000 -54.007011
24700.000000 -53.948772
24750.000000 -53.945736
24800.000000 -55.175747
24850.000000 -53.969929
24900.000000 -54.986397
24950.000000 -55.698441
25000.000000 -55.219585
25050.000000 -56.434196
25100.000000 -55.709190
25150.000000 -54.249901
25200.000000 -55.020245
25250.000000 -54.914291
25300.000000 -56.175926
25350.000000 -57.321621
25400.000000 -60.284801
25450.000000 -61.507355
25500.000000 -61.417019
25550.000000 -61.528664
25600.000000 -61.651703
25650.000000 -59.248947
25700.000000 -60.783237
25750.000000 -58.791164
25800.000000 -57.269878
25850.000000 -55.705391
25900.000000 -54.756844
25950.000000 -53.978142
26000.000000 -53.937885
26050.000000 -53.926876
26100.000000 -53.927471
26150.000000 -53.929974
26200.000000 -53.943096
26250.000000 -53.928986
26300.000000 -53.971054
26350.000000 -53.977680
26400.000000 -54.860950
26450.000000 -55.661606
26500.000000 -56.710724
26550.000000 -58.473686
26600.000000 -59.030720
26650.000000 -59.059456
26700.000000 -61.446243
26750.000000 -60.970314
26800.000000 -60.112991
26850.000000 -59.321697
26900.000000 -57.195091
26950.000000 -56.584679
27000.000000 -55.622845
27050.000000 -54.634003
27100.000000 -53.975887
27150.000000 -53.954056
27200.000000 -54.278465
27250.000000 -53.970592
27300.000000 -53.951813
27350.000000 -53.970062
27400.000000 -53.953728
27450.000000 -53.969334
27500.000000 -53.974831
27550.000000 -54.225529
27600.000000 -54.302013
27650.000000 -54.658615
27700.000000 -55.717121
27750.000000 -56.998985
27800.000000 -57.843704
27850.000000 -60.013397
27900.000000 -62.145897
27950.000000 -64.026176
28000.000000 -66.378296
28050.000000 -68.027122
28100.000000 -65.948013
28150.000000 -64.121292
28200.000000 -60.783237
28250.000000 -59.056599
28300.000000 -58.059784
28350.000000 -56.297955
28400.000000 -55.734947
28450.000000 -54.634071
28500.000000 -55.441784
28550.000000 -56.231915
28600.000000 -56.068386
28650.000000 -53.939995
28700.000000 -53.946594
28750.000000 -53.966820
28800.000000 -53.961857
28850.000000 -53.955578
28900.000000 -54.756332
28950.000000 -56.647247
29000.000000 -55.278336
29050.000000 -54.713245
29100.000000 -54.952381
29150.000000 -55.700947
29200.000000 -57.525349
29250.000000 -59.476540
29300.000000 -61.197639
29350.000000 -63.315872
29400.000000 -67.161980
29450.000000 -67.278847
29500.000000 -66.790070
29550.000000 -63.976810
29600.000000 -61.255642
29650.000000 -59.245930
29700.000000 -57.314320
29750.000000 -56.113342
29800.000000 -55.008682
29850.000000 -54.399879
29900.000000 -54.235081
29950.000000 -53.972977
30000.000000 -53.971851
30050.000000 -53.960468
30100.000000 -53.973106
30150.000000 -53.978405
30200.000000 -53.973904
30250.000000 -53.963379
30300.000000 -54.223690
30350.000000 -54.012997
30400.000000 -54.624146
30450.000000 -55.979416
30500.000000 -56.824734
30550.000000 -58.870983
30600.000000 -60.473644
30650.000000 -62.786774
30700.000000 -64.154160
30750.000000 -65.535034
30800.000000 -63.776344
30850.000000 -61.200226
30900.000000 -61.417645
30950.000000 -59.532875
31000.000000 -58.059475
31050.000000 -56.097599
31100.000000 -55.229069
31150.000000 -54.550655
31200.000000 -54.144306
31250.000000 -54.157215
31300.000000 -54.348698
31350.000000 -54.783260
31400.000000 -55.108997
31450.000000 -54.876587
31500.000000 -54.414570
31550.000000 -54.611378
31600.000000 -53.973507
31650.000000 -55.027203
31700.000000 -54.705967
31750.000000 -55.219357
31800.000000 -56.043560
31850.000000 -57.024250
31900.000000 -58.083458
31950.000000 -60.671265
32000.000000 -62.015717
32050.000000 -61.923271
32100.000000 -63.636227
32150.000000 -63.344070
32200.000000 -60.719364
32250.000000 -59.787388
32300.000000 -58.776646
32350.000000 -57.513493
32400.000000 -55.793053
32450.000000 -54.932835
32500.000000 -54.842487
32550.000000 -54.915104
32600.000000 -55.004272
32650.000000 -54.084740
32700.000000 -54.330326
32750.000000 -55.282265
32800.000000 -55.464634
32850.000000 -54.832172
32900.000000 -54.589741
32950.000000 -54.689842
33000.000000 -54.214626
33050.000000 -54.412060
33100.000000 -54.576950
33150.000000 -55.671345
33200.000000 -56.535889
33250.000000 -58.230747
33300.000000 -60.410610
33350.000000 -62.209076
33400.000000 -62.424694
33450.000000 -63.852833
33500.000000 -61.162113
33550.000000 -62.367241
33600.000000 -60.562695
33650.000000 -58.373539
33700.000000 -56.648060
33750.000000 -55.668453
33800.000000 -54.362263
33850.000000 -54.636501
33900.000000 -54.710289
33950.000000 -54.667576
34000.000000 -54.853840
34050.000000 -55.088646
34100.000000 -55.657425
34150.000000 -55.732513
34200.000000 -55.351833
34250.000000 -55.184040
34300.000000 -54.126495
34350.000000 -54.027046
34400.000000 -54.420006
34450.000000 -54.556389
34500.000000 -55.450180
34550.000000 -57.263008
34600.000000 -57.701866
34650.000000 -58.178577
34700.000000 -59.857639
34750.000000 -61.142891
34800.000000 -60.617737
34850.000000 -61.296474
34900.000000 -61.458149
34950.000000 -59.041630
35000.000000 -57.867416
35050.000000 -56.595058
35100.000000 -54.602474
35150.000000 -55.261269
35200.000000 -55.474232
35250.000000 -55.055954
35300.000000 -53.966885
35350.000000 -55.461174
35400.000000 -53.969864
35450.000000 -55.132351
35500.000000 -54.863445
35550.000000 -54.666142
35600.000000 -55.616444
35650.000000 -55.044258
35700.000000 -54.304970
35750.000000 -54.886070
35800.000000 -55.192036
35850.000000 -54.273861
35900.000000 -55.727890
35950.000000 -56.766445
36000.000000 -58.218105
36050.000000 -59.609322
36100.000000 -59.119244
36150.000000 -61.996346
36200.000000 -61.505779
36250.000000 -59.495529
36300.000000 -59.927544
36350.000000 -58.079311
36400.000000 -56.658695
36450.000000 -55.433083
36500.000000 -55.344074
36550.000000 -55.122669
36600.000000 -54.363579
36650.000000 -54.818443
36700.000000 -56.055332
36750.000000 -56.097176
36800.000000 -56.184032
36850.000000 -54.701572
36900.000000 -55.545609
36950.000000 -55.688351
37000.000000 -54.626572
37050.000000 -54.444370
37100.000000 -54.537926
37150.000000 -54.817711
37200.000000 -55.674564
37250.000000 -56.903152
37300.000000 -57.426434
37350.000000 -57.852600
37400.000000 -59.332985
37450.000000 -59.367416
37500.000000 -59.770977
37550.000000 -61.034424
37600.000000 -59.510921
37650.000000 -58.966824
37700.000000 -56.247902
37750.000000 -55.794277
37800.000000 -55.390961
37850.000000 -54.856186
37900.000000 -55.172321
37950.000000 -55.118061
38000.000000 -55.903744
38050.000000 -55.374058
38100.000000 -55.442253
38150.000000 -56.379181
38200.000000 -56.982944
38250.000000 -56.823906
38300.000000 -55.600933
38350.000000 -54.306072
38400.000000 -55.439117
38450.000000 -54.974499
38500.000000 -54.571842
38550.000000 -54.424259
38600.000000 -55.076458
38650.000000 -57.575531
38700.000000 -57.913261
38750.000000 -58.952717
38800.000000 -59.505417
38850.000000 -61.260246
38900.000000 -59.676739
38950.000000 -57.760761
39000.000000 -55.910206
39050.000000 -55.835209
39100.000000 -55.304234
39150.000000 -54.297821
39200.000000 -54.660263
39250.000000 -55.149014
39300.000000 -55.327267
39350.000000 -54.200817
39400.000000 -54.967590
39450.000000 -55.117077
39500.000000 -55.258121
39550.000000 -56.506672
39600.000000 -55.923866
39650.000000 -54.623360
39700.000000 -55.058128
39750.000000 -54.936165
39800.000000 -54.700565
39850.000000 -54.270298
39900.000000 -55.273029
39950.000000 -55.613964
40000.000000 -57.197014
