0.000000 -53.997776
50.000000 -53.961262
100.000000 -53.943424
150.000000 -53.973770
200.000000 -54.383202
250.000000 -54.816544
300.000000 -53.947586
350.000000 -53.973507
400.000000 -54.708775
450.000000 -55.650917
500.000000 -56.902969
550.000000 -58.352028
600.000000 -59.502285
650.000000 -61.707497
700.000000 -62.205494
750.000000 -64.695152
800.000000 -63.890709
850.000000 -63.442036
900.000000 -62.343601
950.000000 -59.625175
1000.000000 -58.578377
1050.000000 -57.446461
1100.000000 -55.955589
1150.000000 -55.015839
1200.000000 -54.358177
1250.000000 -54.113430
1300.000000 -54.317089
1350.000000 -53.953594
1400.000000 -53.950424
1450.000000 -53.966755
1500.000000 -53.969864
1550.000000 -53.978008
1600.000000 -54.297611
1650.000000 -53.958221
1700.000000 -53.978405
1750.000000 -54.832539
1800.000000 -55.911854
1850.000000 -57.149822
1900.000000 -58.384869
1950.000000 -59.219700
2000.000000 -60.952103
2050.000000 -62.074753
2100.000000 -61.095551
2150.000000 -65.782677
2200.000000 -61.287861
2250.000000 -61.467873
2300.000000 -59.298687
2350.000000 -58.537964
2400.000000 -56.617657
2450.000000 -55.830120
2500.000000 -54.933353
2550.000000 -53.978672
2600.000000 -54.013195
2650.000000 -54.260162
2700.000000 -54.495415
2750.000000 -54.650162
2800.000000 -54.768730
2850.000000 -54.924114
2900.000000 -55.045082
2950.000000 -54.882690
3000.000000 -55.130005
3050.000000 -55.093765
3100.000000 -54.804951
3150.000000 -55.170803
3200.000000 -54.926846
3250.000000 -54.774105
3300.000000 -54.747204
3350.000000 -54.320465
3400.000000 -54.323498
3450.000000 -54.616581
3500.000000 -54.333569
3550.000000 -54.451225
3600.000000 -55.176884
3650.000000 -55.049953
3700.000000 -55.043209
3750.000000 -55.115944
3800.000000 -55.380287
3850.000000 -55.714207
3900.000000 -55.716309
3950.000000 -54.508156
4000.000000 -54.722408
4050.000000 -54.934834
4100.000000 -55.043961
4150.000000 -55.148560
4200.000000 -55.424782
4250.000000 -55.293125
4300.000000 -55.834225
4350.000000 -56.187538
4400.000000 -56.597389
4450.000000 -56.961342
4500.000000 -56.787022
4550.000000 -57.354015
4600.000000 -57.343849
4650.000000 -57.681644
4700.000000 -57.950653
4750.000000 -58.150360
4800.000000 -57.999676
4850.000000 -58.560623
4900.000000 -58.142651
4950.000000 -58.598206
5000.000000 -59.086502
5050.000000 -58.706360
5100.000000 -59.644493
5150.000000 -59.686325
5200.000000 -59.781830
5250.000000 -60.278091
5300.000000 -60.548424
5350.000000 -60.758038
5400.000000 -60.866016
5450.000000 -61.271584
5500.000000 -61.610439
5550.000000 -61.466778
5600.000000 -61.841949
5650.000000 -61.872314
5700.000000 -62.063656
5750.000000 -62.456291
5800.000000 -62.904663
5850.000000 -62.918930
5900.000000 -63.180450
5950.000000 -63.518402
6000.000000 -63.409962
6050.000000 -63.820881
6100.000000 -63.662048
6150.000000 -63.852215
6200.000000 -64.490730
6250.000000 -64.617905
6300.000000 -64.689468
6350.000000 -65.211998
6400.000000 -65.094696
6450.000000 -65.384201
6500.000000 -65.816788
6550.000000 -65.783447
6600.000000 -66.206268
6650.000000 -66.334480
6700.000000 -66.532120
6750.000000 -66.326515
6800.000000 -66.851395
6850.000000 -66.588814
6900.000000 -66.345482
6950.000000 -66.614037
7000.000000 -67.438087
7050.000000 -67.424370
7100.000000 -67.660606
7150.000000 -67.888969
7200.000000 -68.269249
7250.000000 -68.196411
7300.000000 -68.366982
7350.000000 -69.158340
7400.000000 -69.904678
7450.000000 -69.596809
7500.000000 -70.232468
7550.000000 -70.350357
7600.000000 -70.631065
7650.000000 -71.057823
7700.000000 -71.368660
7750.000000 -71.197166
7800.000000 -71.648880
7850.000000 -71.988876
7900.000000 -72.033783
7950.000000 -71.626610
8000.000000 -72.291283
8050.000000 -72.824585
8100.000000 -72.887474
8150.000000 -72.113068
8200.000000 -72.717339
8250.000000 -73.236259
8300.000000 -73.435005
8350.000000 -73.986168
8400.000000 -73.799179
8450.000000 -74.352577
8500.000000 -74.521622
8550.000000 -74.963661
8600.000000 -74.821587
8650.000000 -75.769569
8700.000000 -75.436455
8750.000000 -75.693359
8800.000000 -76.041710
8850.000000 -76.692322
8900.000000 -76.673325
8950.000000 -77.043465
9000.000000 -76.784279
9050.000000 -77.017105
9100.000000 -76.506851
9150.000000 -77.431068
9200.000000 -78.193207
9250.000000 -78.240700
9300.000000 -77.559212
9350.000000 -77.608383
9400.000000 -78.010002
9450.000000 -78.147041
9500.000000 -78.486595
9550.000000 -78.372665
9600.000000 -78.323357
9650.000000 -78.060745
9700.000000 -79.557655
9750.000000 -80.508430
9800.000000 -80.030006
9850.000000 -79.823677
9900.000000 -80.896385
9950.000000 -80.032669
10000.000000 -80.958321
10050.000000 -80.739120
10100.000000 -81.407822
10150.000000 -80.953880
10200.000000 -82.675880
10250.000000 -81.273277
10300.000000 -82.483246
10350.000000 -81.731735
10400.000000 -81.704277
10450.000000 -81.728500
10500.000000 -82.098518
10550.000000 -83.304047
10600.000000 -83.571808
10650.000000 -82.251747
10700.000000 -82.078293
10750.000000 -83.613899
10800.000000 -82.386765
10850.000000 -82.011208
10900.000000 -82.539879
10950.000000 -82.568329
11000.000000 -83.327339
11050.000000 -83.599846
11100.000000 -83.298233
11150.000000 -83.731224
11200.000000 -84.353798
11250.000000 -83.792542
11300.000000 -84.366936
11350.000000 -83.300171
11400.000000 -84.073929
11450.000000 -83.808960
11500.000000 -83.987503
11550.000000 -84.152672
11600.000000 -83.916473
11650.000000 -84.242928
11700.000000 -86.443733
11750.000000 -85.148239
11800.000000 -84.963226
11850.000000 -85.631325
11900.000000 -86.513588
11950.000000 -85.266518
12000.000000 -85.784744
12050.000000 -85.938301
12100.000000 -87.367859
12150.000000 -85.795074
12200.000000 -86.830727
12250.000000 -86.410400
12300.000000 -84.559692
12350.000000 -86.150940
12400.000000 -86.477196
12450.000000 -86.132126
12500.000000 -86.883263
12550.000000 -86.900841
12600.000000 -83.573807
12650.000000 -86.944954
12700.000000 -87.021950
12750.000000 -87.848320
12800.000000 -88.952721
12850.000000 -87.676636
12900.000000 -88.532150
12950.000000 -86.267418
13000.000000 -86.868637
13050.000000 -86.848198
13100.000000 -88.451088
13150.000000 -89.072426
13200.000000 -88.897171
13250.000000 -87.165924
13300.000000 -88.127571
13350.000000 -88.381241
13400.000000 -88.479187
13450.000000 -88.642540
13500.000000 -91.075851
13550.000000 -88.521507
13600.000000 -90.022804
13650.000000 -91.394722
13700.000000 -87.590462
13750.000000 -90.645515
13800.000000 -89.309158
13850.000000 -88.060265
13900.000000 -88.120819
13950.000000 -88.287827
14000.000000 -89.725418
14050.000000 -87.571426
14100.000000 -88.171600
14150.000000 -89.121536
14200.000000 -89.243607
14250.000000 -88.050209
14300.000000 -89.019852
14350.000000 -88.765289
14400.000000 -89.774261
14450.000000 -90.967422
14500.000000 -87.670227
14550.000000 -91.538628
14600.000000 -88.878738
14650.000000 -90.573578
14700.000000 -90.640999
14750.000000 -89.117744
14800.000000 -88.301605
14850.000000 -88.993683
14900.000000 -90.497803
14950.000000 -90.098778
15000.000000 -90.967422
15050.000000 -91.080597
15100.000000 -89.564468
15150.000000 -92.241814
15200.000000 -91.449028
15250.000000 -95.693382
15300.000000 -92.059265
15350.000000 -96.364449
15400.000000 -93.806999
15450.000000 -91.478790
15500.000000 -91.080597
15550.000000 -95.298859
15600.000000 -93.308357
15650.000000 -94.958488
15700.000000 -95.214417
15750.000000 -91.419365
15800.000000 -90.027008
15850.000000 -96.234612
15900.000000 -95.462387
15950.000000 -93.400864
16000.000000 -91.375061
16050.000000 -91.166451
16100.000000 -93.018799
16150.000000 -93.742271
16200.000000 -91.690041
16250.000000 -92.556679
16300.000000 -90.560158
16350.000000 -91.690041
16400.000000 -94.158325
16450.000000 -89.469322
16500.000000 -93.665237
16550.000000 -95.454529
16600.000000 -93.563568
16650.000000 -95.963943
16700.000000 -90.515572
16750.000000 -93.820000
16800.000000 -91.613998
16850.000000 -92.439331
16900.000000 -94.496284
16950.000000 -91.243492
17000.000000 -91.473824
17050.000000 -96.217445
17100.000000 -96.174675
17150.000000 -93.265526
17200.000000 -90.681709
17250.000000 -92.971466
17300.000000 -92.528595
17350.000000 -91.009689
17400.000000 -94.192215
17450.000000 -93.030678
17500.000000 -92.139320
17550.000000 -90.569107
17600.000000 -91.746223
17650.000000 -89.889366
17700.000000 -93.678024
17750.000000 -92.607452
17800.000000 -92.318085
17850.000000 -92.942009
17900.000000 -94.138054
17950.000000 -93.369919
18000.000000 -92.562302
18050.000000 -92.461563
18100.000000 -91.598877
18150.000000 -94.602432
18200.000000 -91.434181
18250.000000 -91.911774
18300.000000 -93.576210
18350.000000 -89.914230
18400.000000 -91.209702
18450.000000 -92.038040
18500.000000 -92.830986
18550.000000 -93.394661
18600.000000 -96.226021
18650.000000 -92.819382
18700.000000 -92.819382
18750.000000 -95.955620
18800.000000 -94.090942
18850.000000 -90.213989
18900.000000 -93.444366
18950.000000 -92.006302
19000.000000 -94.884628
19050.000000 -90.782021
19100.000000 -93.210762
19150.000000 -93.357567
19200.000000 -95.605042
19250.000000 -94.090942
19300.000000 -95.314301
19350.000000 -94.510368
19400.000000 -94.804100
19450.000000 -90.640999
19500.000000 -92.675621
19550.000000 -95.183914
19600.000000 -94.384483
19650.000000 -91.849319
19700.000000 -91.439125
19750.000000 -95.872818
19800.000000 -94.862595
19850.000000 -91.080597
19900.000000 -94.936295
19950.000000 -93.006943
20000.000000 -92.802010
20050.000000 -94.391426
20100.000000 -93.192581
20150.000000 -93.918144
20200.000000 -92.727104
20250.000000 -95.123230
20300.000000 -92.658531
20350.000000 -93.990829
20400.000000 -94.840614
20450.000000 -92.395042
20500.000000 -92.433784
20550.000000 -93.582542
20600.000000 -91.424301
20650.000000 -90.962738
20700.000000 -92.635796
20750.000000 -92.652840
20800.000000 -94.192215
20850.000000 -94.630959
20900.000000 -91.513641
20950.000000 -91.142517
21000.000000 -91.365250
21050.000000 -93.781052
21100.000000 -93.951111
21150.000000 -92.579208
21200.000000 -92.489426
21250.000000 -94.988213
21300.000000 -91.345650
21350.000000 -91.964165
21400.000000 -93.807022
21450.000000 -91.444077
21500.000000 -92.534203
21550.000000 -91.483757
21600.000000 -90.391930
21650.000000 -89.212921
21700.000000 -92.906799
21750.000000 -89.106392
21800.000000 -93.216827
21850.000000 -91.548637
21900.000000 -93.271629
21950.000000 -92.048645
22000.000000 -91.326096
22050.000000 -92.450439
22100.000000 -90.043839
22150.000000 -93.048515
22200.000000 -92.721367
22250.000000 -96.408157
22300.000000 -95.493881
22350.000000 -95.161110
22400.000000 -91.301720
22450.000000 -92.285301
22500.000000 -93.761642
22550.000000 -91.953659
22600.000000 -91.735985
22650.000000 -70.965065
22700.000000 -64.247238
22750.000000 -60.583508
22800.000000 -58.098991
22850.000000 -56.107754
22900.000000 -55.050629
22950.000000 -53.975029
23000.000000 -53.971188
23050.000000 -53.939201
23100.000000 -53.932674
23150.000000 -53.958023
23200.000000 -53.966885
23250.000000 -53.939796
23300.000000 -53.944878
23350.000000 -53.970127
23400.000000 -53.976749
23450.000000 -53.975426
23500.000000 -53.979004
23550.000000 -54.706543
23600.000000 -54.869537
23650.000000 -55.122368
23700.000000 -56.568146
23750.000000 -55.996704
23800.000000 -55.633102
23850.000000 -55.639519
23900.000000 -55.811035
23950.000000 -55.595985
24000.000000 -54.795479
24050.000000 -55.198971
24100.000000 -54.669659
24150.000000 -54.320396
24200.000000 -54.334675
24250.000000 -53.975292
24300.000000 -54.158501
24350.000000 -54.597775
24400.000000 -55.125996
24450.000000 -55.977165
24500.000000 -56.379513
24550.000000 -56.319183
24600.000000 -57.402225
24650.000000 -58.815990
24700.000000 -59.744553
24750.000000 -61.891575
24800.000000 -62.876747
24850.000000 -62.797009
24900.000000 -65.107811
24950.000000 -63.711487
25000.000000 -61.694923
25050.000000 -60.195831
25100.000000 -58.405914
25150.000000 -56.964985
25200.000000 -55.729515
25250.000000 -54.658257
25300.000000 -53.975822
25350.000000 -53.959412
25400.000000 -53.943295
25450.000000 -53.949368
25500.000000 -53.945011
25550.000000 -53.942501
25600.000000 -53.929249
25650.000000 -53.975491
25700.000000 -53.978806
25750.000000 -54.446400
25800.000000 -55.042389
25850.000000 -55.754353
25900.000000 -56.503040
25950.000000 -56.774395
26000.000000 -56.233028
26050.000000 -56.717445
26100.000000 -56.534111
26150.000000 -55.703369
26200.000000 -55.436295
26250.000000 -55.211182
26300.000000 -54.483330
26350.000000 -53.975559
26400.000000 -53.974831
26450.000000 -53.942104
26500.000000 -53.913055
26550.000000 -53.951218
26600.000000 -53.960934
26650.000000 -53.945011
26700.000000 -53.938015
26750.000000 -53.930172
26800.000000 -53.978737
26850.000000 -54.142551
26900.000000 -54.935276
26950.000000 -56.003643
27000.000000 -57.050350
27050.000000 -57.449131
27100.000000 -59.069332
27150.000000 -60.296448
27200.000000 -61.779263
27250.000000 -62.816048
27300.000000 -62.573135
27350.000000 -63.748138
27400.000000 -60.421455
27450.000000 -58.667732
27500.000000 -59.372719
27550.000000 -58.329472
27600.000000 -56.657982
27650.000000 -56.014111
27700.000000 -54.847908
27750.000000 -54.142349
27800.000000 -53.971649
27850.000000 -54.053337
27900.000000 -53.970196
27950.000000 -53.963181
28000.000000 -53.969135
28050.000000 -53.954918
28100.000000 -53.967018
28150.000000 -53.974434
28200.000000 -54.392719
28250.000000 -53.967083
28300.000000 -54.073681
28350.000000 -54.899544
28400.000000 -55.889202
28450.000000 -56.638962
28500.000000 -58.226963
28550.000000 -59.318756
28600.000000 -58.850986
28650.000000 -62.291508
28700.000000 -62.125050
28750.000000 -62.418564
28800.000000 -61.978519
28850.000000 -60.963795
28900.000000 -59.159943
28950.000000 -58.514030
29000.000000 -57.004795
29050.000000 -55.621964
29100.000000 -54.871300
29150.000000 -53.977280
29200.000000 -53.943756
29250.000000 -53.916935
29300.000000 -53.938873
29350.000000 -53.969532
29400.000000 -53.973175
29450.000000 -53.965164
29500.000000 -53.940392
29550.000000 -53.947849
29600.000000 -53.977612
29650.000000 -54.311028
29700.000000 -55.261883
29750.000000 -56.525486
29800.000000 -57.851357
29850.000000 -58.459023
29900.000000 -59.982525
29950.000000 -61.283405
30000.000000 -62.137756
30050.000000 -62.408241
30100.000000 -62.141655
30150.000000 -61.040695
30200.000000 -59.816532
30250.000000 -58.364204
30300.000000 -57.194134
30350.000000 -56.134380
30400.000000 -55.086014
30450.000000 -54.190624
30500.000000 -53.963116
30550.000000 -55.918976
30600.000000 -53.961857
30650.000000 -53.970524
30700.000000 -53.973373
30750.000000 -53.972645
30800.000000 -53.976685
30850.000000 -54.859852
30900.000000 -53.972908
30950.000000 -53.972248
31000.000000 -54.659405
31050.000000 -55.654854
31100.000000 -56.798656
31150.000000 -57.853741
31200.000000 -58.968002
31250.000000 -61.009228
31300.000000 -62.428375
31350.000000 -62.353153
31400.000000 -62.909660
31450.000000 -63.169182
31500.000000 -61.525822
31550.000000 -59.857117
31600.000000 -58.911930
31650.000000 -57.557606
31700.000000 -56.401642
31750.000000 -55.240250
31800.000000 -54.290123
31850.000000 -53.962322
31900.000000 -54.025314
31950.000000 -53.944550
32000.000000 -53.966091
32050.000000 -53.975689
32100.000000 -53.965031
32150.000000 -53.957756
32200.000000 -53.968342
32250.000000 -53.965298
32300.000000 -53.969269
32350.000000 -54.606747
32400.000000 -55.623646
32450.000000 -56.725349
32500.000000 -57.857883
32550.000000 -59.423176
32600.000000 -61.085938
32650.000000 -61.906254
32700.000000 -63.265926
32750.000000 -62.852783
32800.000000 -61.739178
32850.000000 -59.736580
32900.000000 -59.085541
32950.000000 -55.863728
33000.000000 -55.748665
33050.000000 -55.731457
33100.000000 -54.875340
33150.000000 -54.338680
33200.000000 -53.952076
33250.000000 -53.943821
33300.000000 -54.729053
33350.000000 -53.962982
33400.000000 -53.948048
33450.000000 -53.941051
33500.000000 -53.954453
33550.000000 -53.973770
33600.000000 -53.955841
33650.000000 -53.972179
33700.000000 -54.558304
33750.000000 -55.438412
33800.000000 -56.336376
33850.000000 -56.669983
33900.000000 -58.840313
33950.000000 -58.629955
34000.000000 -59.725273
34050.000000 -61.881691
34100.000000 -63.098648
34150.000000 -60.895206
34200.000000 -59.596096
34250.000000 -59.306389
34300.000000 -58.896622
34350.000000 -56.947060
34400.000000 -56.221012
34450.000000 -54.936901
34500.000000 -54.083534
34550.000000 -53.965759
34600.000000 -53.974236
34650.000000 -53.964767
34700.000000 -53.970856
34750.000000 -53.957561
34800.000000 -53.969666
34850.000000 -53.960667
34900.000000 -53.965298
34950.000000 -53.949169
35000.000000 -53.983112
35050.000000 -54.728477
35100.000000 -55.897461
35150.000000 -56.973774
35200.000000 -58.339428
35250.000000 -59.983185
35300.000000 -60.324471
35350.000000 -61.922607
35400.000000 -63.498730
35450.000000 -65.356895
35500.000000 -63.681061
35550.000000 -61.325912
35600.000000 -59.231220
35650.000000 -58.624298
35700.000000 -57.275494
35750.000000 -56.060890
35800.000000 -54.904408
35850.000000 -54.073547
35900.000000 -53.958683
35950.000000 -53.956501
36000.000000 -53.963646
36050.000000 -53.971584
36100.000000 -53.970791
36150.000000 -53.969597
36200.000000 -53.975163
36250.000000 -53.949303
36300.000000 -53.965759
36350.000000 -54.089100
36400.000000 -54.616940
36450.000000 -55.680447
36500.000000 -56.902504
36550.000000 -58.224804
36600.000000 -60.106415
36650.000000 -60.951363
36700.000000 -63.167843
36750.000000 -63.549835
36800.000000 -64.321259
36850.000000 -60.551674
36900.000000 -60.955803
36950.000000 -60.212109
37000.000000 -58.561401
37050.000000 -57.305862
37100.000000 -55.845963
37150.000000 -55.064281
37200.000000 -54.149914
37250.000000 -53.964436
37300.000000 -53.973969
37350.000000 -53.976685
37400.000000 -53.959476
37450.000000 -53.960865
37500.000000 -53.969269
37550.000000 -53.963314
37600.000000 -53.964901
37650.000000 -54.010002
37700.000000 -54.017258
37750.000000 -54.751041
37800.000000 -55.894653
37850.000000 -57.130657
37900.000000 -58.555454
37950.000000 -60.198673
38000.000000 -61.636642
38050.000000 -63.346409
38100.000000 -62.405094
38150.000000 -63.433544
38200.000000 -64.791954
38250.000000 -62.457169
38300.000000 -59.762199
38350.000000 -58.315289
38400.000000 -57.172478
38450.000000 -55.769321
38500.000000 -54.886734
38550.000000 -53.978870
38600.000000 -53.963840
38650.000000 -53.970062
38700.000000 -53.964504
38750.000000 -53.964039
38800.000000 -53.958748
38850.000000 -53.950226
38900.000000 -53.974697
38950.000000 -53.970524
39000.000000 -53.974365
39050.000000 -54.081120
39100.000000 -54.988331
39150.000000 -55.998711
39200.000000 -56.892860
39250.000000 -58.758820
39300.000000 -59.304920
39350.000000 -61.199978
39400.000000 -63.284672
39450.000000 -64.386673
39500.000000 -63.331032
39550.000000 -61.844738
39600.000000 -60.350235
39650.000000 -60.022568
39700.000000 -58.150791
39750.000000 -57.014843
39800.000000 -55.829628
39850.000000 -54.783478
39900.000000 -54.248535
39950.000000 -54.209930
40000.000000 -55.148636
