0.000000 -55.725136
50.000000 -54.326534
100.000000 -53.969799
150.000000 -54.017056
200.000000 -53.941776
250.000000 -53.957096
300.000000 -53.963245
350.000000 -54.036713
400.000000 -55.999378
450.000000 -56.198738
500.000000 -57.107067
550.000000 -57.228550
600.000000 -54.625500
650.000000 -53.965031
700.000000 -53.931686
750.000000 -53.922928
800.000000 -53.962917
850.000000 -53.967350
900.000000 -54.262283
950.000000 -54.694660
1000.000000 -56.152744
1050.000000 -56.246872
1100.000000 -53.975822
1150.000000 -53.910820
1200.000000 -53.937359
1250.000000 -54.450733
1300.000000 -53.967480
1350.000000 -53.919373
1400.000000 -55.178028
1450.000000 -63.297260
1500.000000 -57.155933
1550.000000 -54.381397
1600.000000 -54.269543
1650.000000 -57.811813
1700.000000 -59.245060
1750.000000 -55.676182
1800.000000 -54.637932
1850.000000 -55.709919
1900.000000 -55.914669
1950.000000 -54.501747
2000.000000 -54.210609
2050.000000 -58.346546
2100.000000 -65.331245
2150.000000 -60.505333
2200.000000 -55.815704
2250.000000 -53.970394
2300.000000 -53.969135
2350.000000 -53.930763
2400.000000 -53.974697
2450.000000 -55.181984
2500.000000 -58.035015
2550.000000 -58.839729
2600.000000 -56.716537
2650.000000 -54.057617
2700.000000 -53.977280
2750.000000 -53.940193
2800.000000 -53.931290
2850.000000 -53.978870
2900.000000 -54.458855
2950.000000 -55.055729
3000.000000 -55.246613
3050.000000 -54.220688
3100.000000 -53.953068
3150.000000 -53.949104
3200.000000 -53.973770
3250.000000 -53.967350
3300.000000 -53.971321
3350.000000 -53.977547
3400.000000 -54.242657
3450.000000 -54.228462
3500.000000 -54.516186
3550.000000 -54.706112
3600.000000 -55.024208
3650.000000 -55.177418
3700.000000 -55.431206
3750.000000 -55.717201
3800.000000 -55.948689
3850.000000 -56.197369
3900.000000 -56.307392
3950.000000 -56.637524
4000.000000 -56.807003
4050.000000 -57.036583
4100.000000 -57.320450
4150.000000 -57.461689
4200.000000 -57.669983
4250.000000 -57.912323
4300.000000 -58.193310
4350.000000 -58.596851
4400.000000 -58.619999
4450.000000 -58.912045
4500.000000 -59.158855
4550.000000 -59.512051
4600.000000 -59.705902
4650.000000 -59.906670
4700.000000 -60.130867
4750.000000 -60.446255
4800.000000 -60.691910
4850.000000 -60.555347
4900.000000 -61.025471
4950.000000 -61.343685
5000.000000 -61.469757
5050.000000 -61.683010
5100.000000 -61.898994
5150.000000 -62.280300
5200.000000 -62.348289
5250.000000 -62.759048
5300.000000 -62.861992
5350.000000 -63.088047
5400.000000 -63.251270
5450.000000 -63.417618
5500.000000 -63.853245
5550.000000 -63.930420
5600.000000 -64.238167
5650.000000 -64.448601
5700.000000 -64.684921
5750.000000 -64.726387
5800.000000 -65.000847
5850.000000 -65.282806
5900.000000 -65.677826
5950.000000 -65.714592
6000.000000 -65.927269
6050.000000 -66.381607
6100.000000 -66.457092
6150.000000 -66.452080
6200.000000 -67.047264
6250.000000 -67.108337
6300.000000 -67.281296
6350.000000 -67.296944
6400.000000 -67.709724
6450.000000 -67.901138
6500.000000 -68.233612
6550.000000 -68.211067
6600.000000 -68.511955
6650.000000 -68.752197
6700.000000 -69.189590
6750.000000 -69.079193
6800.000000 -69.624458
6850.000000 -70.005157
6900.000000 -69.845596
6950.000000 -70.376579
7000.000000 -70.012711
7050.000000 -70.679878
7100.000000 -70.704842
7150.000000 -70.975372
7200.000000 -71.452477
7250.000000 -71.591301
7300.000000 -71.497673
7350.000000 -71.902359
7400.000000 -72.543167
7450.000000 -72.409393
7500.000000 -72.654526
7550.000000 -72.919670
7600.000000 -73.090866
7650.000000 -73.146080
7700.000000 -73.323685
7750.000000 -73.931953
7800.000000 -74.140053
7850.000000 -73.894463
7900.000000 -74.297409
7950.000000 -74.546341
8000.000000 -74.553421
8050.000000 -74.798981
8100.000000 -75.206757
8150.000000 -75.664345
8200.000000 -75.724892
8250.000000 -75.981422
8300.000000 -76.238014
8350.000000 -76.031631
8400.000000 -76.391495
8450.000000 -76.996445
8500.000000 -76.765991
8550.000000 -77.180328
8600.000000 -77.817177
8650.000000 -78.014221
8700.000000 -77.771935
8750.000000 -78.584007
8800.000000 -78.764915
8850.000000 -78.391365
8900.000000 -78.603172
8950.000000 -78.358391
9000.000000 -78.758018
9050.000000 -79.384323
9100.000000 -78.994408
9150.000000 -79.232552
9200.000000 -79.778343
9250.000000 -80.055313
9300.000000 -79.995499
9350.000000 -80.762238
9400.000000 -81.267143
9450.000000 -79.843178
9500.000000 -80.567650
9550.000000 -81.522354
9600.000000 -80.760788
9650.000000 -81.407822
9700.000000 -81.320976
9750.000000 -81.376709
9800.000000 -82.958160
9850.000000 -82.836060
9900.000000 -82.874725
9950.000000 -82.917267
10000.000000 -81.870346
10050.000000 -81.842445
10100.000000 -82.963753
10150.000000 -83.686539
10200.000000 -83.480316
10250.000000 -83.198059
10300.000000 -83.276947
10350.000000 -82.353683
10400.000000 -81.573036
10450.000000 -83.949829
10500.000000 -84.754532
10550.000000 -85.052872
10600.000000 -83.648125
10650.000000 -83.790489
10700.000000 -83.800743
10750.000000 -85.533035
10800.000000 -84.946815
10850.000000 -84.002197
10900.000000 -82.701164
10950.000000 -83.615913
11000.000000 -83.850159
11050.000000 -84.351608
11100.000000 -84.080284
11150.000000 -87.555603
11200.000000 -84.182648
11250.000000 -85.528023
11300.000000 -84.016914
11350.000000 -86.020081
11400.000000 -86.313904
11450.000000 -87.072670
11500.000000 -88.315399
11550.000000 -87.343124
11600.000000 -86.804573
11650.000000 -86.482788
11700.000000 -86.674995
11750.000000 -88.188599
11800.000000 -88.070328
11850.000000 -90.537834
11900.000000 -90.001823
11950.000000 -89.371307
12000.000000 -87.956955
12050.000000 -88.346527
12100.000000 -87.907410
12150.000000 -89.186165
12200.000000 -89.989250
12250.000000 -88.461617
12300.000000 -87.596817
12350.000000 -88.202217
12400.000000 -91.518631
12450.000000 -89.876961
12500.000000 -89.729462
12550.000000 -91.558662
12600.000000 -89.968346
12650.000000 -90.149796
12700.000000 -91.458939
12750.000000 -94.454193
12800.000000 -91.439125
12850.000000 -90.370033
12900.000000 -91.335869
12950.000000 -89.947495
13000.000000 -92.947914
13050.000000 -92.596146
13100.000000 -91.751350
13150.000000 -91.365250
13200.000000 -90.039627
13250.000000 -89.255135
13300.000000 -89.572449
13350.000000 -91.404572
13400.000000 -91.023827
13450.000000 -89.544563
13500.000000 -90.645515
13550.000000 -89.449631
13600.000000 -89.976700
13650.000000 -90.542297
13700.000000 -90.533379
13750.000000 -90.948700
13800.000000 -92.422699
13850.000000 -89.004890
13900.000000 -88.202217
13950.000000 -89.102615
14000.000000 -88.454597
14050.000000 -93.024734
14100.000000 -91.523628
14150.000000 -90.972107
14200.000000 -94.246712
14250.000000 -91.389801
14300.000000 -89.688927
14350.000000 -92.478271
14400.000000 -89.046097
14450.000000 -92.511787
14500.000000 -90.103020
14550.000000 -92.842613
14600.000000 -96.820999
14650.000000 -95.153519
14700.000000 -89.344063
14750.000000 -92.038040
14800.000000 -90.431480
14850.000000 -90.339470
14900.000000 -91.684952
14950.000000 -91.578743
15000.000000 -91.911774
15050.000000 -95.391922
15100.000000 -91.513641
15150.000000 -92.395042
15200.000000 -95.462387
15250.000000 -92.171547
15300.000000 -89.672768
15350.000000 -91.190453
15400.000000 -92.080544
15450.000000 -93.001022
15500.000000 -93.768105
15550.000000 -93.036621
15600.000000 -89.608429
15650.000000 -93.351402
15700.000000 -90.295998
15750.000000 -94.178719
15800.000000 -90.677177
15850.000000 -94.260391
15900.000000 -90.841843
15950.000000 -91.171249
16000.000000 -93.283859
16050.000000 -90.396309
16100.000000 -92.285301
16150.000000 -93.846062
16200.000000 -94.731537
16250.000000 -92.989189
16300.000000 -92.241791
16350.000000 -92.478271
16400.000000 -92.022156
16450.000000 -93.363739
16500.000000 -93.198639
16550.000000 -92.193100
16600.000000 -93.519463
16650.000000 -92.860069
16700.000000 -90.791191
16750.000000 -92.773125
16800.000000 -91.990479
16850.000000 -91.644333
16900.000000 -89.481163
16950.000000 -90.916039
17000.000000 -91.037979
17050.000000 -92.461563
17100.000000 -94.185425
17150.000000 -93.326782
17200.000000 -90.718048
17250.000000 -92.187706
17300.000000 -92.681328
17350.000000 -91.399643
17400.000000 -93.024734
17450.000000 -92.953781
17500.000000 -90.618469
17550.000000 -92.064575
17600.000000 -91.854507
17650.000000 -91.453979
17700.000000 -91.943169
17750.000000 -90.809578
17800.000000 -90.348190
17850.000000 -91.399643
17900.000000 -91.629158
17950.000000 -90.391930
18000.000000 -94.044083
18050.000000 -90.564629
18100.000000 -91.033264
18150.000000 -92.715637
18200.000000 -94.308441
18250.000000 -92.738586
18300.000000 -91.797623
18350.000000 -91.224167
18400.000000 -94.384483
18450.000000 -89.802895
18500.000000 -92.400566
18550.000000 -91.019112
18600.000000 -92.340027
18650.000000 -94.595314
18700.000000 -94.024071
18750.000000 -91.156868
18800.000000 -95.275749
18850.000000 -90.800377
18900.000000 -90.014404
18950.000000 -92.517387
19000.000000 -92.361977
19050.000000 -91.190453
19100.000000 -92.027451
19150.000000 -94.588203
19200.000000 -95.306580
19250.000000 -95.807144
19300.000000 -96.089767
19350.000000 -93.658897
19400.000000 -92.836800
19450.000000 -93.964333
19500.000000 -94.405334
19550.000000 -92.263519
19600.000000 -93.108253
19650.000000 -92.995102
19700.000000 -93.296097
19750.000000 -89.481163
19800.000000 -92.263519
19850.000000 -93.456841
19900.000000 -92.596146
19950.000000 -88.567612
20000.000000 -88.114067
20050.000000 -95.391922
20100.000000 -94.356750
20150.000000 -92.048645
20200.000000 -95.199158
20250.000000 -91.118652
20300.000000 -92.522987
20350.000000 -94.037407
20400.000000 -91.219345
20450.000000 -92.296219
20500.000000 -93.924728
20550.000000 -92.461563
20600.000000 -91.563675
20650.000000 -92.230949
20700.000000 -93.931396
20750.000000 -91.813103
20800.000000 -95.509674
20850.000000 -96.286308
20900.000000 -96.747772
20950.000000 -92.567932
21000.000000 -91.746223
21050.000000 -93.620613
21100.000000 -60.479286
21150.000000 -54.242863
21200.000000 -54.660625
21250.000000 -54.426144
21300.000000 -54.585262
21350.000000 -56.162197
21400.000000 -55.861919
21450.000000 -55.087139
21500.000000 -56.871109
21550.000000 -65.154945
21600.000000 -59.330406
21650.000000 -55.386517
21700.000000 -53.978008
21750.000000 -53.963181
21800.000000 -53.938148
21850.000000 -53.924110
21900.000000 -53.953594
21950.000000 -56.651573
22000.000000 -62.106789
22050.000000 -57.530941
22100.000000 -54.601406
22150.000000 -55.117756
22200.000000 -59.491669
22250.000000 -56.578064
22300.000000 -54.503223
22350.000000 -56.266682
22400.000000 -63.481895
22450.000000 -55.413052
22500.000000 -54.423492
22550.000000 -56.198570
22600.000000 -56.237926
22650.000000 -53.973042
22700.000000 -53.947254
22750.000000 -53.948509
22800.000000 -53.963909
22850.000000 -53.975292
22900.000000 -54.335640
22950.000000 -55.310875
23000.000000 -54.984463
23050.000000 -54.854057
23100.000000 -54.456825
23150.000000 -53.963314
23200.000000 -55.000843
23250.000000 -53.939400
23300.000000 -53.955513
23350.000000 -53.965298
23400.000000 -54.953197
23450.000000 -55.340897
23500.000000 -53.977680
23550.000000 -53.945339
23600.000000 -53.978077
23650.000000 -55.444214
23700.000000 -54.170143
23750.000000 -53.974102
23800.000000 -53.956108
23850.000000 -53.955444
23900.000000 -55.031910
23950.000000 -54.822823
24000.000000 -54.436543
24050.000000 -53.975491
24100.000000 -53.967350
24150.000000 -53.958618
24200.000000 -53.935841
24250.000000 -53.887707
24300.000000 -53.937027
24350.000000 -53.933861
24400.000000 -53.971252
24450.000000 -54.499638
24500.000000 -55.455124
24550.000000 -56.410141
24600.000000 -56.066788
24650.000000 -54.563049
24700.000000 -53.967812
24750.000000 -53.923386
24800.000000 -53.953793
24850.000000 -55.212708
24900.000000 -55.419697
24950.000000 -55.260040
25000.000000 -53.969070
25050.000000 -53.934059
25100.000000 -53.939201
25150.000000 -53.978806
25200.000000 -55.085258
25250.000000 -54.755680
25300.000000 -53.968674
25350.000000 -54.718948
25400.000000 -53.972050
25450.000000 -53.948708
25500.000000 -53.915489
25550.000000 -53.930634
25600.000000 -54.332535
25650.000000 -55.830776
25700.000000 -56.668900
25750.000000 -56.347599
25800.000000 -55.219738
25850.000000 -54.039917
25900.000000 -53.969864
25950.000000 -53.956703
26000.000000 -54.465580
26050.000000 -55.930252
26100.000000 -59.618198
26150.000000 -56.716717
26200.000000 -55.115593
26250.000000 -53.972179
26300.000000 -53.942699
26350.000000 -53.966820
26400.000000 -53.976948
26450.000000 -54.483608
26500.000000 -54.476311
26550.000000 -54.012932
26600.000000 -54.010136
26650.000000 -53.972378
26700.000000 -53.971649
26750.000000 -53.963047
26800.000000 -54.953716
26850.000000 -55.241398
26900.000000 -55.252670
26950.000000 -57.923061
27000.000000 -56.134552
27050.000000 -53.971783
27100.000000 -53.975887
27150.000000 -53.978207
27200.000000 -55.377483
27250.000000 -57.619453
27300.000000 -57.545509
27350.000000 -57.819027
27400.000000 -56.754215
27450.000000 -54.010738
27500.000000 -53.962650
27550.000000 -53.945011
27600.000000 -53.964767
27650.000000 -55.066311
27700.000000 -54.566807
27750.000000 -54.362473
27800.000000 -54.600906
27850.000000 -55.019348
27900.000000 -54.487053
27950.000000 -54.095680
28000.000000 -54.995106
28050.000000 -54.930321
28100.000000 -56.156235
28150.000000 -55.149090
28200.000000 -54.255558
28250.000000 -53.972378
28300.000000 -53.969334
28350.000000 -53.978340
28400.000000 -55.420734
28450.000000 -56.933086
28500.000000 -62.337006
28550.000000 -59.375942
28600.000000 -56.741180
28650.000000 -55.432770
28700.000000 -53.942238
28750.000000 -53.967945
28800.000000 -53.963646
28850.000000 -54.229553
28900.000000 -54.979626
28950.000000 -54.494431
29000.000000 -54.505196
29050.000000 -54.624714
29100.000000 -54.796280
29150.000000 -54.462074
29200.000000 -53.974167
29250.000000 -54.470417
29300.000000 -55.245308
29350.000000 -54.932278
29400.000000 -53.967548
29450.000000 -53.959808
29500.000000 -53.963577
29550.000000 -53.974895
29600.000000 -56.498787
29650.000000 -58.931595
29700.000000 -58.636864
29750.000000 -58.664436
29800.000000 -56.097511
29850.000000 -55.173313
29900.000000 -53.969929
29950.000000 -53.973572
30000.000000 -53.959476
30050.000000 -54.259682
30100.000000 -54.603329
30150.000000 -54.690422
30200.000000 -54.380913
30250.000000 -54.760754
30300.000000 -55.432377
30350.000000 -55.029739
30400.000000 -54.531921
30450.000000 -54.527756
30500.000000 -55.249908
30550.000000 -54.450455
30600.000000 -54.053539
30650.000000 -53.958157
30700.000000 -53.956173
30750.000000 -53.978870
30800.000000 -55.011360
30850.000000 -58.514698
30900.000000 -59.801624
30950.000000 -59.734005
31000.000000 -57.256241
31050.000000 -54.842274
31100.000000 -53.962650
31150.000000 -53.952869
31200.000000 -53.969200
31250.000000 -54.835609
31300.000000 -54.891148
31350.000000 -54.692215
31400.000000 -54.316814
31450.000000 -54.705173
31500.000000 -55.496693
31550.000000 -54.987289
31600.000000 -54.275028
31650.000000 -54.815010
31700.000000 -54.844391
31750.000000 -54.849369
31800.000000 -54.176853
31850.000000 -53.960537
31900.000000 -53.954189
31950.000000 -53.975227
32000.000000 -55.617405
32050.000000 -56.860207
32100.000000 -57.269009
32150.000000 -57.259235
32200.000000 -57.105927
32250.000000 -54.744961
32300.000000 -53.963116
32350.000000 -53.973042
32400.000000 -53.978607
32450.000000 -54.277222
32500.000000 -54.834366
32550.000000 -56.032639
32600.000000 -54.460815
32650.000000 -54.950527
32700.000000 -55.458424
32750.000000 -55.419228
32800.000000 -54.780861
32850.000000 -54.645226
32900.000000 -55.121914
32950.000000 -54.888794
33000.000000 -53.971851
33050.000000 -53.965759
33100.000000 -53.967480
33150.000000 -53.967216
33200.000000 -54.629215
33250.000000 -58.003258
33300.000000 -58.187504
33350.000000 -57.471687
33400.000000 -56.663933
33450.000000 -55.564510
33500.000000 -53.963909
33550.000000 -53.944878
33600.000000 -53.966091
33650.000000 -53.973175
33700.000000 -54.535454
33750.000000 -55.306934
33800.000000 -54.496471
33850.000000 -54.913555
33900.000000 -55.616043
33950.000000 -55.578678
34000.000000 -55.039539
34050.000000 -54.246212
34100.000000 -54.459625
34150.000000 -54.529095
34200.000000 -53.959476
34250.000000 -53.973240
34300.000000 -53.950554
34350.000000 -53.955181
34400.000000 -54.493870
34450.000000 -56.197559
34500.000000 -58.369804
34550.000000 -57.652668
34600.000000 -56.301243
34650.000000 -55.152351
34700.000000 -53.977280
34750.000000 -53.953728
34800.000000 -53.969597
34850.000000 -53.975361
34900.000000 -54.558372
34950.000000 -56.571449
35000.000000 -54.347870
35050.000000 -55.532436
35100.000000 -56.086781
35150.000000 -56.114613
35200.000000 -55.564510
35250.000000 -54.420631
35300.000000 -56.274544
35350.000000 -55.157131
35400.000000 -53.995918
35450.000000 -53.971981
35500.000000 -53.932411
35550.000000 -53.978474
35600.000000 -54.895355
35650.000000 -56.658066
35700.000000 -57.556805
35750.000000 -58.513805
35800.000000 -56.716717
35850.000000 -55.184494
35900.000000 -53.973507
35950.000000 -53.935642
36000.000000 -53.962387
36050.000000 -54.020782
36100.000000 -54.258724
36150.000000 -54.288681
36200.000000 -54.741848
36250.000000 -55.476593
36300.000000 -56.474552
36350.000000 -56.723438
36400.000000 -55.649872
36450.000000 -54.317295
36500.000000 -54.321018
36550.000000 -54.436054
36600.000000 -53.977810
36650.000000 -53.964638
36700.000000 -53.918320
36750.000000 -53.951679
36800.000000 -54.783260
36850.000000 -55.604530
36900.000000 -56.344727
36950.000000 -57.155933
37000.000000 -56.398930
37050.000000 -54.617367
37100.000000 -53.974895
37150.000000 -53.952869
37200.000000 -53.960667
37250.000000 -53.964504
37300.000000 -55.305931
37350.000000 -54.536228
37400.000000 -54.572411
37450.000000 -55.433395
37500.000000 -56.602856
37550.000000 -57.025753
37600.000000 -56.012096
37650.000000 -55.238869
37700.000000 -54.316883
37750.000000 -54.329914
37800.000000 -54.030376
37850.000000 -53.965496
37900.000000 -53.923191
37950.000000 -53.975163
38000.000000 -53.972977
38050.000000 -55.078945
38100.000000 -56.280750
38150.000000 -59.360889
38200.000000 -57.880695
38250.000000 -54.115585
38300.000000 -53.974167
38350.000000 -53.957756
38400.000000 -53.954388
38450.000000 -54.191780
38500.000000 -53.978737
38550.000000 -54.457245
38600.000000 -54.769749
38650.000000 -55.644894
38700.000000 -56.673595
38750.000000 -56.775036
38800.000000 -55.911694
38850.000000 -55.343765
38900.000000 -54.482979
38950.000000 -53.969997
39000.000000 -53.975094
39050.000000 -53.966755
39100.000000 -53.941051
39150.000000 -53.951546
39200.000000 -53.975094
39250.000000 -56.531528
39300.000000 -58.382557
39350.000000 -55.936394
39400.000000 -55.408833
39450.000000 -54.785511
39500.000000 -53.979069
39550.000000 -53.936829
39600.000000 -53.945210
39650.000000 -53.971584
39700.000000 -53.960934
39750.000000 -54.023914
39800.000000 -54.797226
39850.000000 -56.247818
39900.000000 -57.520863
39950.000000 -57.604954
40000.000000 -56.472878
