0.000000 -53.978207
50.000000 -56.144661
100.000000 -58.638226
150.000000 -61.139870
200.000000 -57.195667
250.000000 -55.960167
300.000000 -54.765541
350.000000 -53.973637
400.000000 -56.063164
450.000000 -59.647293
500.000000 -61.406261
550.000000 -58.619095
600.000000 -56.078426
650.000000 -54.079643
700.000000 -53.976948
750.000000 -55.150455
800.000000 -59.357075
850.000000 -63.458176
900.000000 -62.860332
950.000000 -58.778034
1000.000000 -55.407661
1050.000000 -53.977280
1100.000000 -53.945934
1150.000000 -54.596565
1200.000000 -60.019241
1250.000000 -54.852669
1300.000000 -54.100922
1350.000000 -57.270748
1400.000000 -59.744167
1450.000000 -54.544216
1500.000000 -53.953529
1550.000000 -53.953266
1600.000000 -54.504635
1650.000000 -56.363018
1700.000000 -61.264221
1750.000000 -59.337036
1800.000000 -55.627171
1850.000000 -53.975689
1900.000000 -53.952473
1950.000000 -53.977879
2000.000000 -55.722137
2050.000000 -57.620663
2100.000000 -56.771835
2150.000000 -54.913185
2200.000000 -54.058151
2250.000000 -54.372452
2300.000000 -55.269646
2350.000000 -56.270733
2400.000000 -54.715916
2450.000000 -54.370853
2500.000000 -54.466278
2550.000000 -56.150105
2600.000000 -59.107399
2650.000000 -63.514210
2700.000000 -64.106819
2750.000000 -60.877007
2800.000000 -57.232121
2850.000000 -55.370872
2900.000000 -53.977943
2950.000000 -53.937950
3000.000000 -53.941841
3050.000000 -53.910095
3100.000000 -53.979401
3150.000000 -53.977810
3200.000000 -54.529308
3250.000000 -55.402428
3300.000000 -56.396740
3350.000000 -56.564396
3400.000000 -55.062107
3450.000000 -54.898071
3500.000000 -53.981056
3550.000000 -53.947586
3600.000000 -53.972446
3650.000000 -53.979401
3700.000000 -53.979401
3750.000000 -53.976223
3800.000000 -53.972710
3850.000000 -53.976749
3900.000000 -54.084270
3950.000000 -54.309238
4000.000000 -54.539833
4050.000000 -54.773670
4100.000000 -55.013672
4150.000000 -55.166698
4200.000000 -55.391426
4250.000000 -55.623165
4300.000000 -55.880123
4350.000000 -56.275997
4400.000000 -56.359531
4450.000000 -56.666279
4500.000000 -56.878510
4550.000000 -57.044029
4600.000000 -57.219212
4650.000000 -57.546906
4700.000000 -57.788559
4750.000000 -57.983376
4800.000000 -58.147896
4850.000000 -58.371120
4900.000000 -58.669891
4950.000000 -58.851917
5000.000000 -59.174992
5050.000000 -59.446644
5100.000000 -59.695404
5150.000000 -59.834198
5200.000000 -59.992847
5250.000000 -60.381893
5300.000000 -60.458122
5350.000000 -60.724838
5400.000000 -60.921101
5450.000000 -61.190033
5500.000000 -61.547966
5550.000000 -61.743065
5600.000000 -61.951763
5650.000000 -62.161011
5700.000000 -62.303596
5750.000000 -62.680561
5800.000000 -63.031498
5850.000000 -63.216267
5900.000000 -63.598038
5950.000000 -63.568207
6000.000000 -63.773682
6050.000000 -64.193810
6100.000000 -64.319290
6150.000000 -64.432472
6200.000000 -64.857086
6250.000000 -65.002029
6300.000000 -65.183548
6350.000000 -65.451714
6400.000000 -65.839859
6450.000000 -65.693893
6500.000000 -66.143127
6550.000000 -66.102898
6600.000000 -66.423988
6650.000000 -66.841782
6700.000000 -66.841782
6750.000000 -67.226913
6800.000000 -67.529060
6850.000000 -67.801979
6900.000000 -68.088120
6950.000000 -68.287125
7000.000000 -68.196754
7050.000000 -68.817055
7100.000000 -68.847107
7150.000000 -69.187302
7200.000000 -69.464973
7250.000000 -69.825859
7300.000000 -69.655418
7350.000000 -70.118286
7400.000000 -70.363457
7450.000000 -70.371765
7500.000000 -70.515999
7550.000000 -70.749954
7600.000000 -70.800827
7650.000000 -71.316322
7700.000000 -71.853455
7750.000000 -71.889847
7800.000000 -71.922729
7850.000000 -72.383987
7900.000000 -72.863541
7950.000000 -72.636337
8000.000000 -72.838524
8050.000000 -72.627258
8100.000000 -73.027687
8150.000000 -73.564812
8200.000000 -73.829086
8250.000000 -74.347046
8300.000000 -74.018059
8350.000000 -74.242592
8400.000000 -74.922935
8450.000000 -74.971825
8500.000000 -75.250374
8550.000000 -74.815010
8600.000000 -75.560379
8650.000000 -75.948936
8700.000000 -75.504906
8750.000000 -76.405502
8800.000000 -76.913368
8850.000000 -76.288010
8900.000000 -76.413391
8950.000000 -76.997383
9000.000000 -77.574234
9050.000000 -77.386810
9100.000000 -77.255379
9150.000000 -77.502357
9200.000000 -77.539223
9250.000000 -78.201820
9300.000000 -77.607376
9350.000000 -78.017387
9400.000000 -78.413422
9450.000000 -78.729347
9500.000000 -78.218002
9550.000000 -78.255867
9600.000000 -78.498856
9650.000000 -79.739670
9700.000000 -79.208328
9750.000000 -79.761566
9800.000000 -78.900482
9850.000000 -80.333145
9900.000000 -79.810699
9950.000000 -81.029655
10000.000000 -80.729019
10050.000000 -81.047577
10100.000000 -81.523933
10150.000000 -82.520370
10200.000000 -82.078293
10250.000000 -83.275009
10300.000000 -83.870827
10350.000000 -83.215317
10400.000000 -82.532776
10450.000000 -83.102821
10500.000000 -82.407722
10550.000000 -83.331230
10600.000000 -84.618134
10650.000000 -83.595840
10700.000000 -83.650146
10750.000000 -84.358177
10800.000000 -82.570114
10850.000000 -82.416473
10900.000000 -82.836060
10950.000000 -84.435127
11000.000000 -83.150307
11050.000000 -83.148407
11100.000000 -83.269218
11150.000000 -84.044319
11200.000000 -83.846031
11250.000000 -83.589821
11300.000000 -83.508057
11350.000000 -84.828163
11400.000000 -85.317703
11450.000000 -84.174072
11500.000000 -85.500519
11550.000000 -86.862793
11600.000000 -84.993790
11650.000000 -85.725616
11700.000000 -86.124069
11750.000000 -86.959709
11800.000000 -85.636398
11850.000000 -86.909645
11900.000000 -86.424271
11950.000000 -86.150940
12000.000000 -88.986221
12050.000000 -88.301605
12100.000000 -86.766937
12150.000000 -87.383347
12200.000000 -86.555771
12250.000000 -85.687263
12300.000000 -88.370811
12350.000000 -86.787186
12400.000000 -87.495705
12450.000000 -85.826118
12500.000000 -87.495705
12550.000000 -88.860336
12600.000000 -87.451843
12650.000000 -88.646126
12700.000000 -89.786552
12750.000000 -88.040176
12800.000000 -87.724884
12850.000000 -87.603180
12900.000000 -88.486229
12950.000000 -88.664078
13000.000000 -87.296951
13050.000000 -89.839851
13100.000000 -89.955826
13150.000000 -87.386452
13200.000000 -88.787132
13250.000000 -89.835732
13300.000000 -91.603912
13350.000000 -91.214523
13400.000000 -89.737587
13450.000000 -90.659065
13500.000000 -88.956444
13550.000000 -88.053558
13600.000000 -91.365250
13650.000000 -89.684883
13700.000000 -89.072426
13750.000000 -91.890907
13800.000000 -89.806999
13850.000000 -90.043839
13900.000000 -88.674866
13950.000000 -93.108253
14000.000000 -90.727158
14050.000000 -94.111099
14100.000000 -90.546761
14150.000000 -92.596146
14200.000000 -90.782021
14250.000000 -90.841843
14300.000000 -92.545433
14350.000000 -93.859123
14400.000000 -90.560158
14450.000000 -92.744331
14500.000000 -93.665237
14550.000000 -92.813591
14600.000000 -92.406097
14650.000000 -92.417160
14700.000000 -91.684952
14750.000000 -94.869934
14800.000000 -92.166168
14850.000000 -91.384888
14900.000000 -90.718048
14950.000000 -91.823433
15000.000000 -89.968346
15050.000000 -91.424301
15100.000000 -91.272560
15150.000000 -94.037407
15200.000000 -92.732841
15250.000000 -92.848427
15300.000000 -95.353027
15350.000000 -97.690315
15400.000000 -90.578056
15450.000000 -90.555695
15500.000000 -91.355446
15550.000000 -91.771881
15600.000000 -94.024071
15650.000000 -91.766747
15700.000000 -92.307144
15750.000000 -91.180847
15800.000000 -93.066391
15850.000000 -93.781052
15900.000000 -93.924728
15950.000000 -90.400703
16000.000000 -92.652840
16050.000000 -94.767746
16100.000000 -91.629158
16150.000000 -91.649399
16200.000000 -93.314491
16250.000000 -94.117828
16300.000000 -93.296097
16350.000000 -91.233826
16400.000000 -91.075851
16450.000000 -91.009689
16500.000000 -89.697021
16550.000000 -90.604980
16600.000000 -89.556503
16650.000000 -91.603912
16700.000000 -94.131310
16750.000000 -93.525749
16800.000000 -93.806999
16850.000000 -92.312607
16900.000000 -93.006943
16950.000000 -93.345238
17000.000000 -94.988213
17050.000000 -94.044083
17100.000000 -93.198639
17150.000000 -92.417160
17200.000000 -94.928871
17250.000000 -90.795784
17300.000000 -93.425697
17350.000000 -91.807938
17400.000000 -95.848129
17450.000000 -94.936264
17500.000000 -92.995102
17550.000000 -92.562302
17600.000000 -95.914124
17650.000000 -89.741653
17700.000000 -92.854248
17750.000000 -92.761597
17800.000000 -95.407532
17850.000000 -89.964172
17900.000000 -94.097656
17950.000000 -92.669922
18000.000000 -92.059265
18050.000000 -90.027008
18100.000000 -98.828415
18150.000000 -93.078331
18200.000000 -93.084312
18250.000000 -91.444077
18300.000000 -92.444885
18350.000000 -92.692749
18400.000000 -92.977371
18450.000000 -91.953659
18500.000000 -90.930023
18550.000000 -90.582542
18600.000000 -89.461441
18650.000000 -91.870087
18700.000000 -91.644333
18750.000000 -92.467125
18800.000000 -92.630119
18850.000000 -93.001022
18900.000000 -93.990829
18950.000000 -91.109123
19000.000000 -92.356476
19050.000000 -91.598877
19100.000000 -90.686241
19150.000000 -92.802010
19200.000000 -96.381905
19250.000000 -93.126259
19300.000000 -92.942009
19350.000000 -90.573578
19400.000000 -94.545662
19450.000000 -93.569885
19500.000000 -91.033264
19550.000000 -91.813103
19600.000000 -91.326096
19650.000000 -92.517387
19700.000000 -92.995239
19750.000000 -93.658844
19800.000000 -94.090942
19850.000000 -90.497803
19900.000000 -94.165092
19950.000000 -91.161659
20000.000000 -92.389526
20050.000000 -89.212921
20100.000000 -95.183914
20150.000000 -91.463898
20200.000000 -91.301720
20250.000000 -95.963943
20300.000000 -93.557251
20350.000000 -88.678467
20400.000000 -93.382278
20450.000000 -93.394684
20500.000000 -92.433784
20550.000000 -92.230949
20600.000000 -92.214706
20650.000000 -94.391426
20700.000000 -93.357567
20750.000000 -94.253548
20800.000000 -90.604980
20850.000000 -94.951073
20900.000000 -92.428238
20950.000000 -92.285301
21000.000000 -93.684830
21050.000000 -90.795784
21100.000000 -91.056892
21150.000000 -60.523621
21200.000000 -54.857140
21250.000000 -57.337215
21300.000000 -55.173843
21350.000000 -54.879601
21400.000000 -59.962044
21450.000000 -54.158772
21500.000000 -53.973904
21550.000000 -53.975689
21600.000000 -54.442554
21650.000000 -56.138031
21700.000000 -55.327419
21750.000000 -54.609169
21800.000000 -53.951416
21850.000000 -53.974697
21900.000000 -53.947849
21950.000000 -53.961594
22000.000000 -54.464108
22050.000000 -56.415932
22100.000000 -55.689964
22150.000000 -53.962254
22200.000000 -53.952999
22250.000000 -53.962982
22300.000000 -55.681919
22350.000000 -60.776134
22400.000000 -55.377953
22450.000000 -53.977413
22500.000000 -54.970486
22550.000000 -53.975956
22600.000000 -53.972843
22650.000000 -53.955379
22700.000000 -56.453117
22750.000000 -62.549641
22800.000000 -54.794460
22850.000000 -53.961990
22900.000000 -54.605110
22950.000000 -54.220963
23000.000000 -53.977478
23050.000000 -53.960732
23100.000000 -53.973770
23150.000000 -53.977081
23200.000000 -55.268494
23250.000000 -57.943226
23300.000000 -59.665768
23350.000000 -60.554920
23400.000000 -61.951431
23450.000000 -61.722675
23500.000000 -68.299179
23550.000000 -62.448910
23600.000000 -58.726254
23650.000000 -55.947689
23700.000000 -54.370373
23750.000000 -53.930500
23800.000000 -53.934654
23850.000000 -53.926613
23900.000000 -55.584339
23950.000000 -59.302353
24000.000000 -60.469772
24050.000000 -55.897629
24100.000000 -54.113766
24150.000000 -53.953793
24200.000000 -53.972511
24250.000000 -55.120781
24300.000000 -57.141521
24350.000000 -54.213333
24400.000000 -54.523735
24450.000000 -54.955574
24500.000000 -58.356743
24550.000000 -58.569157
24600.000000 -56.366943
24650.000000 -53.977081
24700.000000 -53.954849
24750.000000 -53.965363
24800.000000 -53.965431
24850.000000 -54.479538
24900.000000 -53.972843
24950.000000 -54.523735
25000.000000 -55.616283
25050.000000 -55.976162
25100.000000 -56.196770
25150.000000 -55.836601
25200.000000 -55.376549
25250.000000 -54.657898
25300.000000 -54.878719
25350.000000 -54.961205
25400.000000 -54.283394
25450.000000 -53.971054
25500.000000 -54.369678
25550.000000 -58.298264
25600.000000 -65.265778
25650.000000 -60.545460
25700.000000 -55.738842
25750.000000 -54.183704
25800.000000 -54.926258
25850.000000 -58.515930
25900.000000 -60.714470
25950.000000 -58.016224
26000.000000 -54.267906
26050.000000 -53.963245
26100.000000 -55.056179
26150.000000 -58.454254
26200.000000 -63.344696
26250.000000 -61.278488
26300.000000 -57.538120
26350.000000 -54.781372
26400.000000 -54.551079
26450.000000 -55.100777
26500.000000 -54.554905
26550.000000 -53.956898
26600.000000 -55.074726
26650.000000 -54.598061
26700.000000 -56.236134
26750.000000 -58.666737
26800.000000 -61.519817
26850.000000 -60.690624
26900.000000 -57.344826
26950.000000 -54.672169
27000.000000 -53.941841
27050.000000 -53.971455
27100.000000 -55.473446
27150.000000 -57.262527
27200.000000 -58.203869
27250.000000 -55.599655
27300.000000 -54.053738
27350.000000 -54.837219
27400.000000 -56.738907
27450.000000 -61.482952
27500.000000 -62.814949
27550.000000 -59.338509
27600.000000 -55.409378
27650.000000 -53.958221
27700.000000 -53.971649
27750.000000 -53.964966
27800.000000 -53.977745
27850.000000 -54.730862
27900.000000 -57.428600
27950.000000 -60.501682
28000.000000 -63.332005
28050.000000 -59.338634
28100.000000 -56.119614
28150.000000 -53.956966
28200.000000 -53.959278
28250.000000 -53.975887
28300.000000 -55.294975
28350.000000 -56.530376
28400.000000 -56.391052
28450.000000 -55.320610
28500.000000 -54.086685
28550.000000 -53.956173
28600.000000 -54.863297
28650.000000 -57.640541
28700.000000 -63.241833
28750.000000 -64.177719
28800.000000 -58.769863
28850.000000 -55.208206
28900.000000 -53.973373
28950.000000 -53.923717
29000.000000 -53.953266
29050.000000 -53.953926
29100.000000 -55.247459
29150.000000 -58.844254
29200.000000 -65.107819
29250.000000 -63.613091
29300.000000 -58.007050
29350.000000 -54.681217
29400.000000 -53.966160
29450.000000 -53.974236
29500.000000 -55.655109
29550.000000 -57.002541
29600.000000 -57.041306
29650.000000 -55.469276
29700.000000 -53.975689
29750.000000 -53.963047
29800.000000 -54.313923
29850.000000 -57.244747
29900.000000 -61.699608
29950.000000 -64.855698
30000.000000 -59.994701
30050.000000 -56.160576
30100.000000 -53.978939
30150.000000 -53.942699
30200.000000 -53.976948
30250.000000 -53.976288
30300.000000 -54.020184
30350.000000 -56.544521
30400.000000 -60.602665
30450.000000 -67.879128
30500.000000 -61.168175
30550.000000 -56.818024
30600.000000 -53.975624
30650.000000 -53.963116
30700.000000 -54.855011
30750.000000 -56.586735
30800.000000 -57.598724
30850.000000 -57.270069
30900.000000 -55.744358
30950.000000 -53.973507
31000.000000 -53.968342
31050.000000 -55.581390
31100.000000 -59.404716
31150.000000 -65.735092
31200.000000 -62.572067
31250.000000 -57.713570
31300.000000 -54.545208
31350.000000 -53.960865
31400.000000 -53.958355
31450.000000 -53.969929
31500.000000 -53.973240
31550.000000 -55.690773
31600.000000 -59.023865
31650.000000 -64.697433
31700.000000 -62.783485
31750.000000 -57.925148
31800.000000 -54.887836
31850.000000 -53.975292
31900.000000 -53.977745
31950.000000 -55.483368
32000.000000 -57.650139
32050.000000 -58.380024
32100.000000 -55.961502
32150.000000 -54.128384
32200.000000 -53.961262
32250.000000 -54.311855
32300.000000 -57.263878
32350.000000 -62.196953
32400.000000 -65.902657
32450.000000 -59.495903
32500.000000 -56.178059
32550.000000 -53.967747
32600.000000 -53.945210
32650.000000 -53.959675
32700.000000 -53.973309
32750.000000 -54.406700
32800.000000 -57.721012
32850.000000 -62.670822
32900.000000 -66.764328
32950.000000 -60.072670
33000.000000 -56.067387
33050.000000 -54.050533
33100.000000 -53.977943
33150.000000 -55.375538
33200.000000 -57.254993
33250.000000 -58.655689
33300.000000 -57.229897
33350.000000 -55.037220
33400.000000 -53.948708
33450.000000 -54.423141
33500.000000 -56.137951
33550.000000 -60.135715
33600.000000 -67.597443
33650.000000 -62.393913
33700.000000 -57.470699
33750.000000 -54.347454
33800.000000 -53.944019
33850.000000 -53.946991
33900.000000 -53.970856
33950.000000 -53.978737
34000.000000 -56.602497
34050.000000 -59.975780
34100.000000 -64.092796
34150.000000 -59.240440
34200.000000 -56.559490
34250.000000 -54.309174
34300.000000 -53.969730
34350.000000 -54.572990
34400.000000 -56.821239
34450.000000 -58.313850
34500.000000 -57.963017
34550.000000 -56.220928
34600.000000 -54.031979
34650.000000 -53.973637
34700.000000 -54.683228
34750.000000 -57.837711
34800.000000 -63.209171
34850.000000 -65.697723
34900.000000 -59.591385
34950.000000 -55.752483
35000.000000 -53.978539
35050.000000 -53.937817
35100.000000 -53.945538
35150.000000 -53.961330
35200.000000 -55.496536
35250.000000 -57.959137
35300.000000 -62.271172
35350.000000 -58.753651
35400.000000 -59.017693
35450.000000 -55.433163
35500.000000 -53.978672
35550.000000 -53.985897
35600.000000 -56.522644
35650.000000 -59.058147
35700.000000 -59.409168
35750.000000 -57.498478
35800.000000 -55.122669
35850.000000 -53.973042
35900.000000 -54.674751
35950.000000 -56.815910
36000.000000 -61.056396
36050.000000 -69.159889
36100.000000 -60.795738
36150.000000 -56.673504
36200.000000 -54.014862
36250.000000 -53.958881
36300.000000 -53.923321
36350.000000 -53.938740
36400.000000 -54.109730
36450.000000 -56.887581
36500.000000 -60.799061
36550.000000 -62.928951
36600.000000 -59.877869
36650.000000 -56.680378
36700.000000 -53.977943
36750.000000 -53.975624
36800.000000 -55.498669
36850.000000 -57.516384
36900.000000 -60.375111
36950.000000 -58.257710
37000.000000 -55.848839
37050.000000 -53.984241
37100.000000 -53.978275
37150.000000 -55.691418
37200.000000 -59.351292
37250.000000 -65.405411
37300.000000 -62.244015
37350.000000 -58.042419
37400.000000 -55.026005
37450.000000 -53.976883
37500.000000 -53.923717
37550.000000 -53.949432
37600.000000 -53.976154
37650.000000 -55.751915
37700.000000 -59.418221
37750.000000 -64.982956
37800.000000 -62.385536
37850.000000 -57.761284
37900.000000 -54.686966
37950.000000 -54.309582
38000.000000 -55.129856
38050.000000 -57.782192
38100.000000 -60.033199
38150.000000 -59.642330
38200.000000 -57.259235
38250.000000 -54.600410
38300.000000 -54.186687
38350.000000 -54.751698
38400.000000 -57.943119
38450.000000 -63.135838
38500.000000 -63.585011
38550.000000 -59.478542
38600.000000 -56.429890
38650.000000 -53.961460
38700.000000 -53.948048
38750.000000 -53.900635
38800.000000 -53.967018
38850.000000 -54.524651
38900.000000 -57.212093
38950.000000 -58.916958
39000.000000 -61.125221
39050.000000 -58.743210
39100.000000 -55.917236
39150.000000 -53.974365
39200.000000 -53.976948
39250.000000 -55.945446
39300.000000 -59.474693
39350.000000 -60.548565
39400.000000 -58.036285
39450.000000 -55.422516
39500.000000 -54.328671
39550.000000 -53.975758
39600.000000 -56.607342
39650.000000 -60.815357
39700.000000 -63.871647
39750.000000 -60.960686
39800.000000 -57.229034
39850.000000 -54.250515
39900.000000 -53.938675
39950.000000 -53.895908
40000.000000 -53.938808
