0.000000 -58.547379
50.000000 -56.244720
100.000000 -54.422516
150.000000 -53.965031
200.000000 -53.961990
250.000000 -53.974167
300.000000 -54.528389
350.000000 -55.183506
400.000000 -56.108089
450.000000 -56.348644
500.000000 -56.284290
550.000000 -55.901844
600.000000 -55.042835
650.000000 -54.144241
700.000000 -53.970791
750.000000 -53.964306
800.000000 -54.254620
850.000000 -55.623165
900.000000 -56.301590
950.000000 -56.588165
1000.000000 -56.652294
1050.000000 -55.241627
1100.000000 -54.795990
1150.000000 -57.800076
1200.000000 -54.544502
1250.000000 -55.282265
1300.000000 -54.969147
1350.000000 -55.070892
1400.000000 -55.702076
1450.000000 -63.635017
1500.000000 -56.782993
1550.000000 -54.717934
1600.000000 -54.353474
1650.000000 -53.973835
1700.000000 -54.947491
1750.000000 -61.160000
1800.000000 -58.369694
1850.000000 -53.975094
1900.000000 -53.940983
1950.000000 -53.943493
2000.000000 -53.978008
2050.000000 -56.285500
2100.000000 -56.439560
2150.000000 -54.246689
2200.000000 -53.978870
2250.000000 -53.906811
2300.000000 -53.929050
2350.000000 -54.935791
2400.000000 -55.507988
2450.000000 -54.075958
2500.000000 -53.952274
2550.000000 -53.976551
2600.000000 -53.967083
2650.000000 -53.965164
2700.000000 -54.486980
2750.000000 -54.346695
2800.000000 -53.966160
2850.000000 -53.970329
2900.000000 -53.978275
2950.000000 -54.034512
3000.000000 -54.350430
3050.000000 -54.476170
3100.000000 -54.843437
3150.000000 -55.075630
3200.000000 -55.334080
3250.000000 -55.382469
3300.000000 -55.808010
3350.000000 -55.903996
3400.000000 -56.106228
3450.000000 -56.318142
3500.000000 -56.623135
3550.000000 -56.835129
3600.000000 -57.131130
3650.000000 -57.250637
3700.000000 -57.570019
3750.000000 -57.701763
3800.000000 -57.966999
3850.000000 -58.131531
3900.000000 -58.364532
3950.000000 -58.593922
4000.000000 -58.912163
4050.000000 -58.936165
4100.000000 -59.295261
4150.000000 -59.490276
4200.000000 -59.750347
4250.000000 -60.019905
4300.000000 -60.427162
4350.000000 -60.496487
4400.000000 -60.801968
4450.000000 -60.983067
4500.000000 -61.252884
4550.000000 -61.563347
4600.000000 -61.667740
4650.000000 -61.959068
4700.000000 -62.304287
4750.000000 -62.435215
4800.000000 -62.788597
4850.000000 -63.019104
4900.000000 -63.138882
4950.000000 -63.396233
5000.000000 -63.717381
5050.000000 -63.894032
5100.000000 -64.037560
5150.000000 -64.336525
5200.000000 -64.480957
5250.000000 -64.917107
5300.000000 -65.124535
5350.000000 -65.163353
5400.000000 -65.519257
5450.000000 -65.466125
5500.000000 -65.967224
5550.000000 -66.055397
5600.000000 -66.311157
5650.000000 -66.819664
5700.000000 -66.933456
5750.000000 -67.123672
5800.000000 -67.400726
5850.000000 -67.465279
5900.000000 -67.602531
5950.000000 -67.939743
6000.000000 -68.134659
6050.000000 -68.419930
6100.000000 -68.574692
6150.000000 -68.715973
6200.000000 -68.944168
6250.000000 -69.273987
6300.000000 -69.613625
6350.000000 -70.047623
6400.000000 -69.909653
6450.000000 -70.221710
6500.000000 -70.771004
6550.000000 -70.969284
6600.000000 -70.878380
6650.000000 -71.409485
6700.000000 -71.576210
6750.000000 -71.540604
6800.000000 -71.897141
6850.000000 -72.719055
6900.000000 -72.717911
6950.000000 -72.645432
7000.000000 -73.030060
7050.000000 -73.520065
7100.000000 -73.716492
7150.000000 -73.644150
7200.000000 -73.803726
7250.000000 -74.017387
7300.000000 -74.353264
7350.000000 -74.725014
7400.000000 -74.894173
7450.000000 -74.968857
7500.000000 -74.997124
7550.000000 -75.529427
7600.000000 -75.618607
7650.000000 -75.509651
7700.000000 -76.202850
7750.000000 -76.327866
7800.000000 -76.229424
7850.000000 -76.317451
7900.000000 -77.170753
7950.000000 -76.754128
8000.000000 -77.068962
8050.000000 -77.336922
8100.000000 -77.450813
8150.000000 -77.970047
8200.000000 -77.898994
8250.000000 -77.900032
8300.000000 -78.370468
8350.000000 -78.435532
8400.000000 -78.425575
8450.000000 -79.197441
8500.000000 -78.961418
8550.000000 -79.637375
8600.000000 -80.124954
8650.000000 -79.255638
8700.000000 -79.862724
8750.000000 -80.487373
8800.000000 -80.577560
8850.000000 -80.399506
8900.000000 -81.097061
8950.000000 -80.322136
9000.000000 -81.115128
9050.000000 -81.834259
9100.000000 -82.683090
9150.000000 -81.683342
9200.000000 -81.699440
9250.000000 -82.397240
9300.000000 -83.224915
9350.000000 -83.413307
9400.000000 -83.970749
9450.000000 -83.974922
9500.000000 -83.093353
9550.000000 -83.860489
9600.000000 -82.908005
9650.000000 -84.189087
9700.000000 -84.958534
9750.000000 -85.515511
9800.000000 -85.608559
9850.000000 -84.497185
9900.000000 -84.876823
9950.000000 -86.488380
10000.000000 -86.883263
10050.000000 -85.480568
10100.000000 -86.460449
10150.000000 -87.904114
10200.000000 -86.385483
10250.000000 -85.746140
10300.000000 -87.380249
10350.000000 -87.724884
10400.000000 -88.779846
10450.000000 -88.549835
10500.000000 -90.864960
10550.000000 -91.243492
10600.000000 -86.598167
10650.000000 -89.721344
10700.000000 -89.076195
10750.000000 -88.765289
10800.000000 -89.228249
10850.000000 -87.796135
10900.000000 -89.414299
10950.000000 -87.260185
11000.000000 -89.255135
11050.000000 -89.429985
11100.000000 -89.592415
11150.000000 -90.457947
11200.000000 -91.156868
11250.000000 -89.068665
11300.000000 -91.958908
11350.000000 -90.736275
11400.000000 -91.340759
11450.000000 -89.243607
11500.000000 -92.117897
11550.000000 -92.247223
11600.000000 -89.897659
11650.000000 -86.302948
11700.000000 -93.090286
11750.000000 -91.019112
11800.000000 -92.133957
11850.000000 -92.400566
11900.000000 -87.433105
11950.000000 -88.205666
12000.000000 -89.324654
12050.000000 -88.185196
12100.000000 -88.834648
12150.000000 -88.975044
12200.000000 -89.136696
12250.000000 -91.859703
12300.000000 -91.700226
12350.000000 -91.943169
12400.000000 -91.802780
12450.000000 -94.645256
12500.000000 -89.019852
12550.000000 -89.644562
12600.000000 -90.471207
12650.000000 -92.854248
12700.000000 -93.506905
12750.000000 -91.911774
12800.000000 -89.243607
12850.000000 -92.983276
12900.000000 -91.679863
12950.000000 -89.564468
13000.000000 -90.745407
13050.000000 -93.431915
13100.000000 -89.794708
13150.000000 -92.906799
13200.000000 -89.757942
13250.000000 -94.914101
13300.000000 -89.624466
13350.000000 -91.185646
13400.000000 -88.409119
13450.000000 -88.339600
13500.000000 -92.053955
13550.000000 -92.556679
13600.000000 -89.224419
13650.000000 -89.848083
13700.000000 -88.226105
13750.000000 -89.985069
13800.000000 -91.147301
13850.000000 -93.800499
13900.000000 -91.326096
13950.000000 -93.532043
14000.000000 -91.014397
14050.000000 -90.869591
14100.000000 -94.440201
14150.000000 -92.112549
14200.000000 -91.751350
14250.000000 -90.925362
14300.000000 -90.064926
14350.000000 -96.269043
14400.000000 -91.619049
14450.000000 -91.419365
14500.000000 -91.128189
14550.000000 -89.363518
14600.000000 -90.934692
14650.000000 -94.287819
14700.000000 -93.114250
14750.000000 -92.500626
14800.000000 -92.011581
14850.000000 -91.204887
14900.000000 -89.270531
14950.000000 -96.132118
15000.000000 -97.101212
15050.000000 -93.550941
15100.000000 -91.974678
15150.000000 -90.515572
15200.000000 -96.098221
15250.000000 -94.461189
15300.000000 -94.440231
15350.000000 -93.339081
15400.000000 -90.962738
15450.000000 -89.624466
15500.000000 -89.815193
15550.000000 -92.329033
15600.000000 -93.419479
15650.000000 -91.619072
15700.000000 -91.365250
15750.000000 -89.939163
15800.000000 -95.963943
15850.000000 -92.400566
15900.000000 -90.060707
15950.000000 -91.330986
16000.000000 -93.283859
16050.000000 -90.396309
16100.000000 -92.285301
16150.000000 -93.846062
16200.000000 -94.731537
16250.000000 -92.989189
16300.000000 -92.241791
16350.000000 -92.478271
16400.000000 -92.022156
16450.000000 -93.363739
16500.000000 -93.198639
16550.000000 -92.193100
16600.000000 -93.519463
16650.000000 -92.860069
16700.000000 -90.791191
16750.000000 -92.773125
16800.000000 -91.990479
16850.000000 -91.644333
16900.000000 -89.481163
16950.000000 -90.916039
17000.000000 -91.037979
17050.000000 -92.461563
17100.000000 -94.185425
17150.000000 -93.326782
17200.000000 -90.718048
17250.000000 -92.187706
17300.000000 -92.681328
17350.000000 -91.399643
17400.000000 -93.024734
17450.000000 -92.953781
17500.000000 -90.618469
17550.000000 -92.064575
17600.000000 -91.854507
17650.000000 -91.453979
17700.000000 -91.943169
17750.000000 -90.809578
17800.000000 -90.348190
17850.000000 -91.399643
17900.000000 -91.629158
17950.000000 -90.391930
18000.000000 -94.044083
18050.000000 -90.564629
18100.000000 -91.033264
18150.000000 -91.974678
18200.000000 -93.265526
18250.000000 -90.636490
18300.000000 -90.573578
18350.000000 -92.384010
18400.000000 -91.468857
18450.000000 -92.378494
18500.000000 -92.830986
18550.000000 -92.022156
18600.000000 -91.345650
18650.000000 -90.326408
18700.000000 -92.738586
18750.000000 -93.576210
18800.000000 -87.574600
18850.000000 -91.885696
18900.000000 -91.953659
18950.000000 -94.151566
19000.000000 -94.921478
19050.000000 -93.735825
19100.000000 -94.097656
19150.000000 -89.794708
19200.000000 -93.289978
19250.000000 -93.872208
19300.000000 -91.409500
19350.000000 -93.665237
19400.000000 -92.732841
19450.000000 -92.522987
19500.000000 -91.282265
19550.000000 -90.124245
19600.000000 -93.729385
19650.000000 -94.077522
19700.000000 -96.478561
19750.000000 -93.084312
19800.000000 -93.761642
19850.000000 -94.552734
19900.000000 -93.652458
19950.000000 -92.556679
20000.000000 -96.347023
20050.000000 -91.870087
20100.000000 -93.351402
20150.000000 -93.865662
20200.000000 -93.060432
20250.000000 -94.363678
20300.000000 -94.447197
20350.000000 -93.569885
20400.000000 -90.361290
20450.000000 -97.332085
20500.000000 -90.832611
20550.000000 -92.624443
20600.000000 -95.685318
20650.000000 -93.990829
20700.000000 -93.506905
20750.000000 -92.247223
20800.000000 -93.006943
20850.000000 -94.010757
20900.000000 -91.603912
20950.000000 -91.321220
21000.000000 -93.614250
21050.000000 -60.843353
21100.000000 -53.974697
21150.000000 -53.895187
21200.000000 -55.803841
21250.000000 -55.058880
21300.000000 -54.999355
21350.000000 -58.243404
21400.000000 -57.025944
21450.000000 -53.960339
21500.000000 -53.917461
21550.000000 -53.949764
21600.000000 -54.385361
21650.000000 -56.766548
21700.000000 -58.237141
21750.000000 -57.040165
21800.000000 -54.087826
21850.000000 -54.143700
21900.000000 -58.123730
21950.000000 -59.848515
22000.000000 -53.977016
22050.000000 -53.945274
22100.000000 -53.960468
22150.000000 -57.629234
22200.000000 -60.304134
22250.000000 -54.975391
22300.000000 -55.086388
22350.000000 -56.403744
22400.000000 -59.740952
22450.000000 -61.757492
22500.000000 -60.578407
22550.000000 -58.296291
22600.000000 -56.940628
22650.000000 -55.795017
22700.000000 -54.371483
22750.000000 -54.228802
22800.000000 -53.944813
22850.000000 -54.158772
22900.000000 -57.855396
22950.000000 -64.074554
23000.000000 -57.255474
23050.000000 -53.973373
23100.000000 -53.975887
23150.000000 -55.135532
23200.000000 -55.823975
23250.000000 -54.980892
23300.000000 -53.977745
23350.000000 -53.939865
23400.000000 -53.950291
23450.000000 -53.938412
23500.000000 -53.962055
23550.000000 -53.975758
23600.000000 -53.965561
23650.000000 -53.972248
23700.000000 -53.935509
23750.000000 -53.888626
23800.000000 -53.954521
23850.000000 -53.967018
23900.000000 -55.912518
23950.000000 -59.589958
24000.000000 -61.831635
24050.000000 -58.002731
24100.000000 -54.548927
24150.000000 -54.535805
24200.000000 -56.203018
24250.000000 -59.782345
24300.000000 -64.962044
24350.000000 -65.806694
24400.000000 -62.715458
24450.000000 -60.265240
24500.000000 -58.932415
24550.000000 -57.496788
24600.000000 -57.031776
24650.000000 -56.489582
24700.000000 -56.067715
24750.000000 -55.094368
24800.000000 -53.997978
24850.000000 -53.969730
24900.000000 -53.975163
24950.000000 -54.819611
25000.000000 -56.981544
25050.000000 -59.418339
25100.000000 -59.037361
25150.000000 -56.662308
25200.000000 -54.469925
25250.000000 -53.957096
25300.000000 -53.969200
25350.000000 -54.919090
25400.000000 -56.573593
25450.000000 -58.079418
25500.000000 -59.543056
25550.000000 -61.577477
25600.000000 -63.623745
25650.000000 -66.469086
25700.000000 -68.000122
25750.000000 -64.735069
25800.000000 -60.907555
25850.000000 -57.762093
25900.000000 -55.387840
25950.000000 -53.976288
26000.000000 -53.976685
26050.000000 -54.528671
26100.000000 -55.886238
26150.000000 -57.074924
26200.000000 -57.378769
26250.000000 -56.221954
26300.000000 -55.302151
26350.000000 -53.977081
26400.000000 -53.966621
26450.000000 -53.935444
26500.000000 -53.948444
26550.000000 -53.977413
26600.000000 -54.087357
26650.000000 -55.586967
26700.000000 -57.522663
26750.000000 -59.709106
26800.000000 -62.880440
26850.000000 -61.608208
26900.000000 -61.466148
26950.000000 -60.106949
27000.000000 -57.716427
27050.000000 -55.346558
27100.000000 -53.973373
27150.000000 -53.960007
27200.000000 -54.018120
27250.000000 -54.839123
27300.000000 -55.122147
27350.000000 -55.512569
27400.000000 -55.348186
27450.000000 -54.883572
27500.000000 -54.525921
27550.000000 -54.200615
27600.000000 -53.973705
27650.000000 -53.961792
27700.000000 -53.972115
27750.000000 -53.931885
27800.000000 -54.167164
27850.000000 -55.683674
27900.000000 -57.953495
27950.000000 -59.819260
28000.000000 -63.005043
28050.000000 -66.487808
28100.000000 -62.161034
28150.000000 -58.863651
28200.000000 -55.601654
28250.000000 -54.629498
28300.000000 -53.961262
28350.000000 -53.959541
28400.000000 -53.969597
28450.000000 -54.059090
28500.000000 -54.359840
28550.000000 -54.810196
28600.000000 -55.248760
28650.000000 -55.348652
28700.000000 -55.071945
28750.000000 -54.761768
28800.000000 -54.161411
28850.000000 -53.975887
28900.000000 -53.924770
28950.000000 -53.978142
29000.000000 -54.536160
29050.000000 -56.401997
29100.000000 -59.000900
29150.000000 -61.758469
29200.000000 -66.267136
29250.000000 -64.270180
29300.000000 -61.219269
29350.000000 -58.133560
29400.000000 -55.887634
29450.000000 -54.239925
29500.000000 -53.952671
29550.000000 -53.950756
29600.000000 -53.969864
29650.000000 -54.225597
29700.000000 -54.946751
29750.000000 -55.540287
29800.000000 -55.932243
29850.000000 -56.201389
29900.000000 -55.880043
29950.000000 -55.361076
30000.000000 -54.178074
30050.000000 -53.977547
30100.000000 -53.943493
30150.000000 -53.978142
30200.000000 -55.524914
30250.000000 -57.539314
30300.000000 -59.225273
30350.000000 -61.879555
30400.000000 -60.753265
30450.000000 -59.727966
30500.000000 -59.063381
30550.000000 -57.604553
30600.000000 -56.222214
30650.000000 -54.663273
30700.000000 -53.969597
30750.000000 -53.948574
30800.000000 -53.968342
30850.000000 -54.674824
30900.000000 -55.141739
30950.000000 -56.448891
31000.000000 -56.372787
31050.000000 -56.549507
31100.000000 -55.702076
31150.000000 -54.609669
31200.000000 -53.973835
31250.000000 -53.972115
31300.000000 -53.973572
31350.000000 -54.078506
31400.000000 -55.757767
31450.000000 -57.762817
31500.000000 -60.666683
31550.000000 -64.930191
31600.000000 -67.329239
31650.000000 -64.717712
31700.000000 -60.125488
31750.000000 -57.550102
31800.000000 -55.780487
31850.000000 -53.998108
31900.000000 -53.951878
31950.000000 -53.964371
32000.000000 -54.075020
32050.000000 -54.867554
32100.000000 -55.934483
32150.000000 -56.230885
32200.000000 -56.405582
32250.000000 -56.144665
32300.000000 -55.615643
32350.000000 -54.938267
32400.000000 -53.976883
32450.000000 -53.965164
32500.000000 -53.971851
32550.000000 -54.455353
32600.000000 -56.136589
32650.000000 -57.744900
32700.000000 -57.917431
32750.000000 -59.342564
32800.000000 -59.064095
32850.000000 -57.974030
32900.000000 -56.213810
32950.000000 -56.455673
33000.000000 -55.301685
33050.000000 -53.966953
33100.000000 -53.949566
33150.000000 -53.957096
33200.000000 -54.091248
33250.000000 -55.157131
33300.000000 -55.884003
33350.000000 -56.387291
33400.000000 -56.296829
33450.000000 -56.097683
33500.000000 -55.371334
33550.000000 -54.547047
33600.000000 -53.972248
33650.000000 -53.940853
33700.000000 -53.961262
33750.000000 -54.593864
33800.000000 -56.465992
33850.000000 -58.689930
33900.000000 -61.317272
33950.000000 -62.282887
34000.000000 -63.986237
34050.000000 -61.782352
34100.000000 -59.068378
34150.000000 -56.734177
34200.000000 -54.876076
34250.000000 -53.959873
34300.000000 -53.956966
34350.000000 -53.973572
34400.000000 -54.727535
34450.000000 -55.479588
34500.000000 -56.064938
34550.000000 -56.461670
34600.000000 -56.467228
34650.000000 -56.042801
34700.000000 -55.162064
34750.000000 -54.383621
34800.000000 -53.974236
34850.000000 -53.945141
34900.000000 -53.964703
34950.000000 -55.065109
35000.000000 -56.900928
35050.000000 -59.401131
35100.000000 -63.057091
35150.000000 -63.748138
35200.000000 -63.228752
35250.000000 -61.200680
35300.000000 -58.584232
35350.000000 -56.466255
35400.000000 -54.571774
35450.000000 -53.966820
35500.000000 -53.970657
35550.000000 -53.972710
35600.000000 -54.693008
35650.000000 -55.722221
35700.000000 -56.244633
35750.000000 -56.353783
35800.000000 -56.299686
35850.000000 -55.995701
35900.000000 -55.022560
35950.000000 -54.018456
36000.000000 -53.972908
36050.000000 -53.959541
36100.000000 -54.109730
36150.000000 -55.349354
36200.000000 -57.290230
36250.000000 -59.307503
36300.000000 -60.533897
36350.000000 -60.538689
36400.000000 -57.442215
36450.000000 -57.484577
36500.000000 -58.135075
36550.000000 -55.811695
36600.000000 -54.100315
36650.000000 -53.949963
36700.000000 -53.966885
36750.000000 -53.978405
36800.000000 -54.915325
36850.000000 -55.490936
36900.000000 -56.242828
36950.000000 -56.287659
37000.000000 -56.088978
37050.000000 -55.747200
37100.000000 -55.367992
37150.000000 -54.174549
37200.000000 -53.968937
37250.000000 -53.952538
37300.000000 -54.024113
37350.000000 -56.044987
37400.000000 -57.861816
37450.000000 -56.901485
37500.000000 -57.599728
37550.000000 -56.667542
37600.000000 -58.391472
37650.000000 -57.869488
37700.000000 -55.851139
37750.000000 -55.621326
37800.000000 -54.042984
37850.000000 -53.966755
37900.000000 -53.969269
37950.000000 -54.250721
38000.000000 -55.288578
38050.000000 -55.446884
38100.000000 -56.068554
38150.000000 -56.189075
38200.000000 -56.310860
38250.000000 -55.837833
38300.000000 -54.919975
38350.000000 -54.151402
38400.000000 -53.969997
38450.000000 -53.976883
38500.000000 -54.487053
38550.000000 -56.190102
38600.000000 -58.457584
38650.000000 -59.286098
38700.000000 -63.262070
38750.000000 -66.242088
38800.000000 -62.668118
38850.000000 -59.400013
38900.000000 -56.791050
38950.000000 -54.882767
39000.000000 -53.965099
39050.000000 -53.969200
39100.000000 -53.959808
39150.000000 -54.319088
39200.000000 -55.338726
39250.000000 -56.124447
39300.000000 -56.305920
39350.000000 -56.295185
39400.000000 -55.934483
39450.000000 -55.202633
39500.000000 -54.509491
39550.000000 -53.976353
39600.000000 -53.966885
39650.000000 -53.970329
39700.000000 -55.470531
39750.000000 -56.212353
39800.000000 -56.620441
39850.000000 -59.624924
39900.000000 -63.258217
39950.000000 -62.815132
40000.000000 -61.228729
