0.000000 -53.909309
50.000000 -53.927471
100.000000 -55.404770
150.000000 -56.848305
200.000000 -56.501003
250.000000 -54.076828
300.000000 -53.968075
350.000000 -56.220413
400.000000 -60.639107
450.000000 -60.267288
500.000000 -56.158962
550.000000 -53.976223
600.000000 -54.709789
650.000000 -56.417599
700.000000 -55.480766
750.000000 -55.345703
800.000000 -53.965630
850.000000 -53.925362
900.000000 -53.937489
950.000000 -55.290890
1000.000000 -59.651619
1050.000000 -61.820679
1100.000000 -58.301891
1150.000000 -56.381786
1200.000000 -58.221020
1250.000000 -56.625652
1300.000000 -55.066162
1350.000000 -54.865135
1400.000000 -55.445080
1450.000000 -58.507114
1500.000000 -57.771622
1550.000000 -54.832321
1600.000000 -53.952934
1650.000000 -54.266392
1700.000000 -57.586868
1750.000000 -62.133369
1800.000000 -63.753853
1850.000000 -58.669357
1900.000000 -55.437553
1950.000000 -53.972843
2000.000000 -53.970062
2050.000000 -53.970459
2100.000000 -53.997974
2150.000000 -54.389591
2200.000000 -54.399746
2250.000000 -56.725895
2300.000000 -60.153095
2350.000000 -64.056572
2400.000000 -68.149208
2450.000000 -63.334141
2500.000000 -60.140705
2550.000000 -57.378574
2600.000000 -55.542366
2650.000000 -54.049797
2700.000000 -53.975559
2750.000000 -54.158974
2800.000000 -55.605488
2850.000000 -57.590584
2900.000000 -59.837059
2950.000000 -62.721981
3000.000000 -67.372803
3050.000000 -71.747231
3100.000000 -62.627132
3150.000000 -62.503723
3200.000000 -61.032036
3250.000000 -59.130630
3300.000000 -56.829899
3350.000000 -56.217922
3400.000000 -55.155315
3450.000000 -54.203197
3500.000000 -53.979137
3550.000000 -53.979401
3600.000000 -53.979401
3650.000000 -53.939072
3700.000000 -53.943295
3750.000000 -53.940853
3800.000000 -53.927536
3850.000000 -53.929050
3900.000000 -53.920227
3950.000000 -53.976223
4000.000000 -53.979202
4050.000000 -53.973240
4100.000000 -54.144779
4150.000000 -54.451714
4200.000000 -54.400925
4250.000000 -54.406837
4300.000000 -54.473431
4350.000000 -54.446537
4400.000000 -54.282639
4450.000000 -54.595787
4500.000000 -54.142551
4550.000000 -54.413246
4600.000000 -54.561562
4650.000000 -54.854134
4700.000000 -55.039467
4750.000000 -55.294590
4800.000000 -55.568008
4850.000000 -55.710159
4900.000000 -56.003811
4950.000000 -56.232857
5000.000000 -56.511017
5050.000000 -56.750477
5100.000000 -57.020203
5150.000000 -57.146099
5200.000000 -57.398491
5250.000000 -57.510113
5300.000000 -57.766808
5350.000000 -57.968678
5400.000000 -58.327728
5450.000000 -58.405361
5500.000000 -58.622715
5550.000000 -58.958355
5600.000000 -59.275974
5650.000000 -59.402115
5700.000000 -59.760269
5750.000000 -59.985302
5800.000000 -60.221622
5850.000000 -60.425770
5900.000000 -60.611904
5950.000000 -60.885513
6000.000000 -61.179707
6050.000000 -61.278488
6100.000000 -61.534988
6150.000000 -61.629765
6200.000000 -61.874290
6250.000000 -62.306187
6300.000000 -62.593300
6350.000000 -62.749950
6400.000000 -63.001675
6450.000000 -63.180450
6500.000000 -63.412510
6550.000000 -63.595829
6600.000000 -63.557220
6650.000000 -64.219620
6700.000000 -64.137070
6750.000000 -64.666527
6800.000000 -64.763924
6850.000000 -65.110199
6900.000000 -65.309387
6950.000000 -65.721008
7000.000000 -65.772110
7050.000000 -65.949585
7100.000000 -66.244263
7150.000000 -66.481094
7200.000000 -66.580612
7250.000000 -66.895554
7300.000000 -67.219307
7350.000000 -67.364136
7400.000000 -67.736488
7450.000000 -67.845367
7500.000000 -67.870583
7550.000000 -68.106636
7600.000000 -68.453537
7650.000000 -68.688904
7700.000000 -68.867310
7750.000000 -69.494583
7800.000000 -69.529053
7850.000000 -69.757523
7900.000000 -69.893074
7950.000000 -69.978783
8000.000000 -69.971260
8050.000000 -70.301620
8100.000000 -70.244965
8150.000000 -70.626106
8200.000000 -71.192841
8250.000000 -71.487724
8300.000000 -71.275940
8350.000000 -71.589790
8400.000000 -71.965721
8450.000000 -72.316971
8500.000000 -72.282013
8550.000000 -72.545410
8600.000000 -72.552155
8650.000000 -73.384735
8700.000000 -73.626945
8750.000000 -73.614227
8800.000000 -73.709427
8850.000000 -74.553421
8900.000000 -74.562630
8950.000000 -74.583916
9000.000000 -74.785149
9050.000000 -75.403603
9100.000000 -75.331291
9150.000000 -75.713562
9200.000000 -75.561966
9250.000000 -76.103271
9300.000000 -75.874435
9350.000000 -75.937309
9400.000000 -75.885162
9450.000000 -76.802605
9500.000000 -76.640854
9550.000000 -76.624664
9600.000000 -77.348633
9650.000000 -77.529243
9700.000000 -77.229324
9750.000000 -77.669983
9800.000000 -78.366074
9850.000000 -78.268890
9900.000000 -79.097717
9950.000000 -78.953194
10000.000000 -79.201073
10050.000000 -79.266594
10100.000000 -79.331390
10150.000000 -80.335899
10200.000000 -78.926208
10250.000000 -80.233192
10300.000000 -81.257942
10350.000000 -80.753563
10400.000000 -80.664398
10450.000000 -80.124954
10500.000000 -80.824677
10550.000000 -81.971207
10600.000000 -81.231941
10650.000000 -82.029602
10700.000000 -83.100922
10750.000000 -81.804848
10800.000000 -83.460556
10850.000000 -82.815872
10900.000000 -83.897774
10950.000000 -83.817184
11000.000000 -82.256905
11050.000000 -83.985405
11100.000000 -84.953842
11150.000000 -83.553833
11200.000000 -84.059113
11250.000000 -85.271378
11300.000000 -85.261658
11350.000000 -85.374115
11400.000000 -84.972618
11450.000000 -85.694923
11500.000000 -85.041023
11550.000000 -84.876823
11600.000000 -84.510544
11650.000000 -86.921402
11700.000000 -87.156853
11750.000000 -86.995224
11800.000000 -83.874969
11850.000000 -84.839722
11900.000000 -84.918747
11950.000000 -86.065254
12000.000000 -86.460457
12050.000000 -87.580940
12100.000000 -87.574600
12150.000000 -87.897530
12200.000000 -86.703621
12250.000000 -87.066689
12300.000000 -88.395164
12350.000000 -88.433578
12400.000000 -87.744255
12450.000000 -87.312317
12500.000000 -86.983368
12550.000000 -88.291267
12600.000000 -88.860336
12650.000000 -90.043839
12700.000000 -85.656708
12750.000000 -88.624641
12800.000000 -87.417526
12850.000000 -89.524696
12900.000000 -88.332680
12950.000000 -90.986183
13000.000000 -91.052162
13050.000000 -91.735985
13100.000000 -90.154060
13150.000000 -89.297554
13200.000000 -90.480064
13250.000000 -90.073380
13300.000000 -90.892822
13350.000000 -89.453568
13400.000000 -87.966904
13450.000000 -88.889793
13500.000000 -87.744255
13550.000000 -90.911385
13600.000000 -90.791191
13650.000000 -87.763672
13700.000000 -90.497803
13750.000000 -94.461189
13800.000000 -92.048645
13850.000000 -92.290756
13900.000000 -90.107262
13950.000000 -90.304672
14000.000000 -93.363739
14050.000000 -91.533623
14100.000000 -92.727104
14150.000000 -89.500923
14200.000000 -92.727104
14250.000000 -91.000282
14300.000000 -92.006325
14350.000000 -90.171143
14400.000000 -90.252739
14450.000000 -90.528923
14500.000000 -90.631981
14550.000000 -90.981491
14600.000000 -92.635796
14650.000000 -91.995750
14700.000000 -90.953377
14750.000000 -91.523628
14800.000000 -94.267242
14850.000000 -94.377541
14900.000000 -88.758018
14950.000000 -89.012367
15000.000000 -91.553650
15050.000000 -91.684952
15100.000000 -89.359619
15150.000000 -92.836800
15200.000000 -92.647156
15250.000000 -91.094849
15300.000000 -91.807938
15350.000000 -91.019112
15400.000000 -90.622971
15450.000000 -91.483757
15500.000000 -93.506905
15550.000000 -90.736275
15600.000000 -95.077988
15650.000000 -93.204697
15700.000000 -92.139320
15750.000000 -91.766747
15800.000000 -95.003105
15850.000000 -93.794014
15900.000000 -91.880493
15950.000000 -91.233826
16000.000000 -94.440201
16050.000000 -90.391930
16100.000000 -92.101868
16150.000000 -90.457947
16200.000000 -93.833023
16250.000000 -88.437080
16300.000000 -91.854507
16350.000000 -92.016869
16400.000000 -91.429237
16450.000000 -90.916039
16500.000000 -90.846458
16550.000000 -89.701065
16600.000000 -89.827515
16650.000000 -91.104362
16700.000000 -94.233055
16750.000000 -93.289978
16800.000000 -89.672768
16850.000000 -91.503670
16900.000000 -92.744331
16950.000000 -93.001022
17000.000000 -94.185425
17050.000000 -95.252701
17100.000000 -95.565178
17150.000000 -93.500626
17200.000000 -94.796822
17250.000000 -93.216827
17300.000000 -95.191528
17350.000000 -92.647156
17400.000000 -95.848129
17450.000000 -94.936264
17500.000000 -92.995102
17550.000000 -92.562302
17600.000000 -95.914124
17650.000000 -89.741653
17700.000000 -92.854248
17750.000000 -92.761597
17800.000000 -95.407532
17850.000000 -89.964172
17900.000000 -94.097656
17950.000000 -92.669922
18000.000000 -92.059265
18050.000000 -90.027008
18100.000000 -98.828415
18150.000000 -93.078331
18200.000000 -93.084312
18250.000000 -91.444077
18300.000000 -92.444885
18350.000000 -92.692749
18400.000000 -92.977371
18450.000000 -91.953659
18500.000000 -90.930023
18550.000000 -90.582542
18600.000000 -89.461441
18650.000000 -91.870087
18700.000000 -91.644333
18750.000000 -92.467125
18800.000000 -92.630119
18850.000000 -93.001022
18900.000000 -93.990829
18950.000000 -91.109123
19000.000000 -92.356476
19050.000000 -91.598877
19100.000000 -90.686241
19150.000000 -92.802010
19200.000000 -96.381905
19250.000000 -93.126259
19300.000000 -92.942009
19350.000000 -90.573578
19400.000000 -94.545662
19450.000000 -93.569885
19500.000000 -91.033264
19550.000000 -91.813103
19600.000000 -91.326096
19650.000000 -92.517387
19700.000000 -92.995239
19750.000000 -93.658844
19800.000000 -92.573570
19850.000000 -93.296097
19900.000000 -93.132263
19950.000000 -94.724312
20000.000000 -93.192581
20050.000000 -92.912659
20100.000000 -91.730865
20150.000000 -95.032982
20200.000000 -92.630119
20250.000000 -94.616684
20300.000000 -92.064575
20350.000000 -94.057442
20400.000000 -91.588806
20450.000000 -94.588203
20500.000000 -93.419479
20550.000000 -93.144295
20600.000000 -92.953781
20650.000000 -90.920700
20700.000000 -93.970947
20750.000000 -91.493713
20800.000000 -93.513176
20850.000000 -91.195259
20900.000000 -95.237366
20950.000000 -90.090302
21000.000000 -93.532089
21050.000000 -88.556931
21100.000000 -95.130791
21150.000000 -92.258087
21200.000000 -60.457493
21250.000000 -54.029243
21300.000000 -54.784714
21350.000000 -53.953594
21400.000000 -53.937157
21450.000000 -54.625717
21500.000000 -56.758415
21550.000000 -55.199276
21600.000000 -56.284203
21650.000000 -57.537716
21700.000000 -53.926483
21750.000000 -53.963116
21800.000000 -53.977016
21850.000000 -56.897774
21900.000000 -56.797558
21950.000000 -55.707573
22000.000000 -54.926552
22050.000000 -56.768272
22100.000000 -56.648148
22150.000000 -55.269032
22200.000000 -53.925098
22250.000000 -53.889282
22300.000000 -53.954983
22350.000000 -54.431377
22400.000000 -54.004421
22450.000000 -53.971386
22500.000000 -53.940128
22550.000000 -53.976288
22600.000000 -58.204521
22650.000000 -56.440880
22700.000000 -55.276180
22750.000000 -57.198547
22800.000000 -54.237129
22850.000000 -53.943359
22900.000000 -53.963512
22950.000000 -56.881840
23000.000000 -54.604683
23050.000000 -54.587322
23100.000000 -59.419579
23150.000000 -56.180645
23200.000000 -53.952869
23250.000000 -54.103542
23300.000000 -55.416332
23350.000000 -53.960140
23400.000000 -53.961460
23450.000000 -53.916935
23500.000000 -56.601242
23550.000000 -57.233753
23600.000000 -55.504509
23650.000000 -53.914898
23700.000000 -53.921543
23750.000000 -53.924374
23800.000000 -53.934521
23850.000000 -54.545631
23900.000000 -56.404709
23950.000000 -58.687538
24000.000000 -62.425747
24050.000000 -67.069969
24100.000000 -62.748360
24150.000000 -58.080482
24200.000000 -55.128113
24250.000000 -55.028469
24300.000000 -57.252666
24350.000000 -63.422924
24400.000000 -56.685715
24450.000000 -55.078785
24500.000000 -54.741920
24550.000000 -58.360691
24600.000000 -58.001152
24650.000000 -53.970261
24700.000000 -53.973969
24750.000000 -54.545208
24800.000000 -55.815945
24850.000000 -53.975624
24900.000000 -53.959942
24950.000000 -54.725948
25000.000000 -57.476643
25050.000000 -56.849598
25100.000000 -55.012554
25150.000000 -53.947586
25200.000000 -53.910358
25250.000000 -53.974766
25300.000000 -56.702381
25350.000000 -61.874794
25400.000000 -59.625813
25450.000000 -55.523701
25500.000000 -53.966953
25550.000000 -54.145657
25600.000000 -56.509068
25650.000000 -57.481995
25700.000000 -57.185692
25750.000000 -55.651077
25800.000000 -53.974697
25850.000000 -53.976948
25900.000000 -55.751995
25950.000000 -60.024166
26000.000000 -64.766914
26050.000000 -58.410439
26100.000000 -54.857285
26150.000000 -53.973904
26200.000000 -53.970062
26250.000000 -53.968674
26300.000000 -54.919312
26350.000000 -59.077908
26400.000000 -60.142849
26450.000000 -55.224022
26500.000000 -53.915752
26550.000000 -53.970856
26600.000000 -54.379940
26650.000000 -56.004646
26700.000000 -57.839363
26750.000000 -54.343033
26800.000000 -54.075623
26850.000000 -56.674591
26900.000000 -61.787075
26950.000000 -57.891823
27000.000000 -54.481995
27050.000000 -54.521053
27100.000000 -56.068722
27150.000000 -60.247902
27200.000000 -57.510410
27250.000000 -53.972580
27300.000000 -53.973904
27350.000000 -53.972511
27400.000000 -56.039356
27450.000000 -54.830055
27500.000000 -56.451180
27550.000000 -56.909279
27600.000000 -55.180004
27650.000000 -54.606461
27700.000000 -54.271538
27750.000000 -53.967812
27800.000000 -53.961792
27850.000000 -55.684078
27900.000000 -59.384193
27950.000000 -58.186749
28000.000000 -56.466698
28050.000000 -54.365658
28100.000000 -55.403210
28150.000000 -60.608364
28200.000000 -63.252426
28250.000000 -56.661674
28300.000000 -53.998241
28350.000000 -53.998241
28400.000000 -55.268337
28450.000000 -57.148865
28500.000000 -55.136665
28550.000000 -53.938278
28600.000000 -53.924110
28650.000000 -53.969666
28700.000000 -55.934650
28750.000000 -61.227509
28800.000000 -59.265495
28850.000000 -54.867050
28900.000000 -53.969864
28950.000000 -53.930634
29000.000000 -53.947914
29050.000000 -54.950008
29100.000000 -57.649635
29150.000000 -59.796722
29200.000000 -55.984932
29250.000000 -54.553558
29300.000000 -55.363873
29350.000000 -60.335087
29400.000000 -62.791706
29450.000000 -58.048981
29500.000000 -54.797153
29550.000000 -54.462708
29600.000000 -56.039021
29650.000000 -61.408287
29700.000000 -57.117046
29750.000000 -54.149670
29800.000000 -53.951416
29850.000000 -53.943230
29900.000000 -53.990540
29950.000000 -55.615009
30000.000000 -59.459217
30050.000000 -58.232803
30100.000000 -55.473057
30150.000000 -53.971584
30200.000000 -53.917133
30250.000000 -53.970459
30300.000000 -55.597500
30350.000000 -59.643982
30400.000000 -57.492813
30450.000000 -55.813328
30500.000000 -54.458153
30550.000000 -55.929504
30600.000000 -62.281506
30650.000000 -61.463799
30700.000000 -56.135822
30750.000000 -54.416866
30800.000000 -55.167458
30850.000000 -58.665913
30900.000000 -59.892521
30950.000000 -55.157593
31000.000000 -53.976551
31050.000000 -53.901291
31100.000000 -54.095749
31150.000000 -54.296314
31200.000000 -57.390934
31250.000000 -61.316502
31300.000000 -57.149918
31350.000000 -54.362541
31400.000000 -53.934322
31450.000000 -53.929909
31500.000000 -53.969597
31550.000000 -56.818481
31600.000000 -59.019703
31650.000000 -56.375145
31700.000000 -54.869171
31750.000000 -55.015095
31800.000000 -56.159897
31850.000000 -60.514328
31900.000000 -60.020039
31950.000000 -55.086769
32000.000000 -54.471821
32050.000000 -54.505478
32100.000000 -59.093418
32150.000000 -57.680832
32200.000000 -54.738232
32250.000000 -53.926941
32300.000000 -53.960468
32350.000000 -54.539482
32400.000000 -56.576454
32450.000000 -60.509407
32500.000000 -59.966843
32550.000000 -55.295361
32600.000000 -53.961063
32650.000000 -53.891117
32700.000000 -53.935116
32750.000000 -54.734760
32800.000000 -56.784092
32850.000000 -57.163292
32900.000000 -55.744846
32950.000000 -53.961525
33000.000000 -55.140831
33050.000000 -59.170654
33100.000000 -61.109547
33150.000000 -57.486561
33200.000000 -54.622074
33250.000000 -54.136677
33300.000000 -56.404095
33350.000000 -58.855518
33400.000000 -57.262527
33450.000000 -53.953068
33500.000000 -53.917725
33550.000000 -53.936104
33600.000000 -54.536301
33650.000000 -57.144096
33700.000000 -60.704548
33750.000000 -58.891254
33800.000000 -54.954529
33850.000000 -53.952274
33900.000000 -53.945869
33950.000000 -53.945339
34000.000000 -55.868668
34050.000000 -57.980961
34100.000000 -57.702679
34150.000000 -55.102360
34200.000000 -54.658760
34250.000000 -56.769733
34300.000000 -60.834591
34350.000000 -59.257595
34400.000000 -56.222385
34450.000000 -54.238014
34500.000000 -54.949566
34550.000000 -56.668175
34600.000000 -57.611900
34650.000000 -54.836342
34700.000000 -53.933861
34750.000000 -53.875324
34800.000000 -53.966091
34850.000000 -54.967293
34900.000000 -59.487904
34950.000000 -62.022572
35000.000000 -57.349022
35050.000000 -53.971252
35100.000000 -53.925098
35150.000000 -53.920887
35200.000000 -53.978275
35250.000000 -55.800652
35300.000000 -57.380238
35350.000000 -56.399281
35400.000000 -54.485435
35450.000000 -54.467613
35500.000000 -57.408615
35550.000000 -59.845524
35600.000000 -58.781826
35650.000000 -54.452904
35700.000000 -54.444160
35750.000000 -55.429794
35800.000000 -57.145241
35850.000000 -57.041580
35900.000000 -54.290878
35950.000000 -53.879253
36000.000000 -53.961525
36050.000000 -53.962322
36100.000000 -56.350208
36150.000000 -60.737671
36200.000000 -59.946487
36250.000000 -55.493145
36300.000000 -53.965893
36350.000000 -53.919304
36400.000000 -53.942104
36450.000000 -54.539768
36500.000000 -58.566235
36550.000000 -57.263977
36600.000000 -54.279354
36650.000000 -53.970261
36700.000000 -54.919312
36750.000000 -58.904682
36800.000000 -60.361835
36850.000000 -56.056595
36900.000000 -53.945076
36950.000000 -53.971386
37000.000000 -56.124023
37050.000000 -56.598999
37100.000000 -55.804256
37150.000000 -54.159111
37200.000000 -53.930897
37250.000000 -53.925034
37300.000000 -54.146606
37350.000000 -58.023716
37400.000000 -66.160080
37450.000000 -58.821198
37500.000000 -54.674465
37550.000000 -53.937092
37600.000000 -53.932278
37650.000000 -53.951283
37700.000000 -55.505772
37750.000000 -57.733566
37800.000000 -56.406288
37850.000000 -54.858826
37900.000000 -53.969200
37950.000000 -57.167034
38000.000000 -62.368286
38050.000000 -59.044006
38100.000000 -55.056854
38150.000000 -54.244843
38200.000000 -55.286114
38250.000000 -57.359970
38300.000000 -56.510574
38350.000000 -54.237331
38400.000000 -53.918186
38450.000000 -53.898338
38500.000000 -53.972645
38550.000000 -56.636627
38600.000000 -61.961731
38650.000000 -61.498058
38700.000000 -56.335945
38750.000000 -53.953991
38800.000000 -53.932346
38850.000000 -53.936367
38900.000000 -54.222054
38950.000000 -56.945011
39000.000000 -57.168552
39050.000000 -56.139900
39100.000000 -54.121311
39150.000000 -54.042717
39200.000000 -56.458405
39250.000000 -59.362247
39300.000000 -58.591892
39350.000000 -53.998840
39400.000000 -54.083263
39450.000000 -55.561489
39500.000000 -56.882397
39550.000000 -56.442818
39600.000000 -53.969730
39650.000000 -53.968872
39700.000000 -53.958088
39750.000000 -53.978008
39800.000000 -57.322891
39850.000000 -62.961700
39900.000000 -60.402691
39950.000000 -55.381687
40000.000000 -53.928062
