0.000000 -66.718254
50.000000 -65.668655
100.000000 -63.739574
150.000000 -60.542641
200.000000 -58.343262
250.000000 -56.410843
300.000000 -54.792858
350.000000 -54.074284
400.000000 -53.949696
450.000000 -53.966885
500.000000 -53.958420
550.000000 -53.954918
600.000000 -53.968075
650.000000 -53.974766
700.000000 -53.976551
750.000000 -54.559792
800.000000 -56.028778
850.000000 -57.801205
900.000000 -59.747387
950.000000 -62.345684
1000.000000 -65.055229
1050.000000 -66.834206
1100.000000 -64.362122
1150.000000 -61.304939
1200.000000 -59.103455
1250.000000 -57.043934
1300.000000 -55.438503
1350.000000 -54.095142
1400.000000 -53.978142
1450.000000 -54.099041
1500.000000 -53.973969
1550.000000 -53.963974
1600.000000 -53.965630
1650.000000 -53.966160
1700.000000 -53.970196
1750.000000 -54.185535
1800.000000 -55.181984
1850.000000 -56.615055
1900.000000 -58.144470
1950.000000 -61.033978
2000.000000 -62.771805
2050.000000 -65.872894
2100.000000 -62.441708
2150.000000 -61.233463
2200.000000 -59.635212
2250.000000 -57.481503
2300.000000 -55.846291
2350.000000 -54.503788
2400.000000 -53.978142
2450.000000 -53.974167
2500.000000 -53.962917
2550.000000 -53.957626
2600.000000 -53.971252
2650.000000 -53.976620
2700.000000 -53.972050
2750.000000 -53.977547
2800.000000 -55.048229
2850.000000 -56.611290
2900.000000 -58.555119
2950.000000 -60.316082
3000.000000 -63.829529
3050.000000 -66.437607
3100.000000 -64.177711
3150.000000 -62.394787
3200.000000 -58.956242
3250.000000 -58.332325
3300.000000 -56.411808
3350.000000 -54.985577
3400.000000 -53.973572
3450.000000 -53.964901
3500.000000 -53.966354
3550.000000 -53.961460
3600.000000 -53.966091
3650.000000 -53.961922
3700.000000 -54.395569
3750.000000 -54.062698
3800.000000 -54.584766
3850.000000 -56.170635
3900.000000 -57.718769
3950.000000 -59.445900
4000.000000 -62.674610
4050.000000 -63.896519
4100.000000 -62.684349
4150.000000 -63.415260
4200.000000 -60.683159
4250.000000 -58.459915
4300.000000 -56.621429
4350.000000 -55.121914
4400.000000 -54.209389
4450.000000 -53.964966
4500.000000 -53.967747
4550.000000 -53.956371
4600.000000 -53.973240
4650.000000 -53.972378
4700.000000 -54.575672
4750.000000 -53.971386
4800.000000 -54.285316
4850.000000 -55.529266
4900.000000 -57.168457
4950.000000 -59.167038
5000.000000 -60.861771
5050.000000 -64.271698
5100.000000 -64.016068
5150.000000 -63.912518
5200.000000 -61.471485
5250.000000 -59.432976
5300.000000 -57.342289
5350.000000 -55.657269
5400.000000 -54.174282
5450.000000 -53.979267
5500.000000 -53.966953
5550.000000 -53.957890
5600.000000 -53.948112
5650.000000 -53.968739
5700.000000 -54.393135
5750.000000 -54.092793
5800.000000 -54.091385
5850.000000 -55.245998
5900.000000 -56.695583
5950.000000 -57.942493
6000.000000 -60.641960
6050.000000 -60.558311
6100.000000 -60.171867
6150.000000 -61.429203
6200.000000 -59.258556
6250.000000 -58.184166
6300.000000 -56.898979
6350.000000 -55.829876
6400.000000 -54.934834
6450.000000 -54.091114
6500.000000 -54.444511
6550.000000 -53.964836
6600.000000 -53.949894
6650.000000 -53.954983
6700.000000 -53.960072
6750.000000 -53.954983
6800.000000 -54.360531
6850.000000 -55.786686
6900.000000 -57.843498
6950.000000 -59.061596
7000.000000 -58.822006
7050.000000 -58.592342
7100.000000 -56.443256
7150.000000 -55.313885
7200.000000 -53.979004
7250.000000 -53.970196
7300.000000 -53.927734
7350.000000 -53.910557
7400.000000 -53.933598
7450.000000 -53.933136
7500.000000 -53.962849
7550.000000 -53.976883
7600.000000 -54.874603
7650.000000 -54.661266
7700.000000 -54.963581
7750.000000 -54.554268
7800.000000 -54.431587
7850.000000 -54.068188
7900.000000 -53.970856
7950.000000 -53.951679
8000.000000 -53.972378
8050.000000 -53.976288
8100.000000 -53.969997
8150.000000 -53.968739
8200.000000 -54.076294
8250.000000 -54.179974
8300.000000 -54.220280
8350.000000 -54.759304
8400.000000 -54.920124
8450.000000 -55.146133
8500.000000 -55.045307
8550.000000 -55.503483
8600.000000 -55.626690
8650.000000 -55.839886
8700.000000 -56.123177
8750.000000 -56.241020
8800.000000 -56.309040
8850.000000 -56.596493
8900.000000 -56.611195
8950.000000 -56.939602
9000.000000 -56.667721
9050.000000 -57.133034
9100.000000 -57.168552
9150.000000 -57.668159
9200.000000 -58.015167
9250.000000 -57.624798
9300.000000 -58.258682
9350.000000 -58.313519
9400.000000 -58.439404
9450.000000 -58.441952
9500.000000 -58.872032
9550.000000 -58.684803
9600.000000 -58.856331
9650.000000 -59.100346
9700.000000 -59.363476
9750.000000 -59.521332
9800.000000 -59.933197
9850.000000 -60.192986
9900.000000 -59.848255
9950.000000 -60.111515
10000.000000 -60.274673
10050.000000 -60.290966
10100.000000 -60.465111
10150.000000 -60.950180
10200.000000 -61.005211
10250.000000 -60.996883
10300.000000 -61.590523
10350.000000 -61.793751
10400.000000 -62.406841
10450.000000 -62.220364
10500.000000 -62.674789
10550.000000 -62.394260
10600.000000 -62.915405
10650.000000 -63.093155
10700.000000 -63.366501
10750.000000 -63.481892
10800.000000 -63.861511
10850.000000 -64.164429
10900.000000 -64.248749
10950.000000 -64.407341
11000.000000 -64.350075
11050.000000 -64.810379
11100.000000 -64.844574
11150.000000 -65.045280
11200.000000 -65.479568
11250.000000 -65.132668
11300.000000 -65.435837
11350.000000 -65.725090
11400.000000 -65.890633
11450.000000 -66.124870
11500.000000 -66.426765
11550.000000 -65.963272
11600.000000 -66.525650
11650.000000 -66.697594
11700.000000 -66.602692
11750.000000 -66.870087
11800.000000 -66.923744
11850.000000 -67.506699
11900.000000 -67.505440
11950.000000 -67.787346
12000.000000 -68.258957
12050.000000 -68.451782
12100.000000 -68.493263
12150.000000 -68.194031
12200.000000 -68.700073
12250.000000 -68.365593
12300.000000 -69.089378
12350.000000 -68.868416
12400.000000 -69.262817
12450.000000 -69.547333
12500.000000 -69.720512
12550.000000 -70.094101
12600.000000 -70.333359
12650.000000 -70.760933
12700.000000 -70.767342
12750.000000 -70.925346
12800.000000 -71.046471
12850.000000 -70.345993
12900.000000 -71.028999
12950.000000 -70.896484
13000.000000 -70.697121
13050.000000 -71.650398
13100.000000 -71.744667
13150.000000 -72.226593
13200.000000 -72.066689
13250.000000 -72.521843
13300.000000 -72.692162
13350.000000 -73.108833
13400.000000 -73.082497
13450.000000 -73.706215
13500.000000 -73.557236
13550.000000 -73.822578
13600.000000 -74.321503
13650.000000 -73.967613
13700.000000 -74.081520
13750.000000 -74.278183
13800.000000 -74.754669
13850.000000 -74.237129
13900.000000 -74.618080
13950.000000 -74.746704
14000.000000 -75.377098
14050.000000 -74.759018
14100.000000 -75.184654
14150.000000 -75.326645
14200.000000 -75.732193
14250.000000 -75.917404
14300.000000 -76.106659
14350.000000 -76.177208
14400.000000 -76.082138
14450.000000 -76.055168
14500.000000 -77.398590
14550.000000 -76.545059
14600.000000 -77.458725
14650.000000 -77.553207
14700.000000 -78.293900
14750.000000 -78.285194
14800.000000 -78.711044
14850.000000 -78.934410
14900.000000 -78.605431
14950.000000 -79.081017
15000.000000 -78.869003
15050.000000 -79.577835
15100.000000 -79.005035
15150.000000 -81.454704
15200.000000 -80.593155
15250.000000 -80.688759
15300.000000 -81.040100
15350.000000 -81.177132
15400.000000 -79.119247
15450.000000 -80.995399
15500.000000 -80.693062
15550.000000 -80.955360
15600.000000 -81.656029
15650.000000 -81.878571
15700.000000 -81.398476
15750.000000 -81.712341
15800.000000 -82.724709
15850.000000 -81.876930
15900.000000 -82.120491
15950.000000 -81.886803
16000.000000 -82.859970
16050.000000 -82.854446
16100.000000 -83.213394
16150.000000 -83.912315
16200.000000 -82.896896
16250.000000 -83.152214
16300.000000 -83.244148
16350.000000 -83.240303
16400.000000 -83.034889
16450.000000 -83.541870
16500.000000 -84.759117
16550.000000 -86.038651
16600.000000 -85.155434
16650.000000 -84.290581
16700.000000 -85.239822
16750.000000 -86.232040
16800.000000 -84.537315
16850.000000 -84.537315
16900.000000 -85.836494
16950.000000 -85.480568
17000.000000 -83.368263
17050.000000 -85.738434
17100.000000 -85.503014
17150.000000 -84.818924
17200.000000 -85.425941
17250.000000 -85.844284
17300.000000 -85.912079
17350.000000 -85.666885
17400.000000 -86.918457
17450.000000 -85.815758
17500.000000 -85.064735
17550.000000 -85.244675
17600.000000 -87.340042
17650.000000 -85.515511
17700.000000 -86.463234
17750.000000 -85.961960
17800.000000 -85.964600
17850.000000 -86.524818
17900.000000 -87.090645
17950.000000 -88.714539
18000.000000 -89.540588
18050.000000 -89.274391
18100.000000 -90.218292
18150.000000 -88.592499
18200.000000 -87.737793
18250.000000 -91.287125
18300.000000 -88.798073
18350.000000 -92.953781
18400.000000 -89.053612
18450.000000 -88.812683
18500.000000 -92.022156
18550.000000 -94.342918
18600.000000 -93.102264
18650.000000 -91.974678
18700.000000 -93.126259
18750.000000 -93.253326
18800.000000 -92.225533
18850.000000 -90.064926
18900.000000 -92.329033
18950.000000 -92.274406
19000.000000 -91.725754
19050.000000 -92.247223
19100.000000 -91.075851
19150.000000 -93.951111
19200.000000 -93.646080
19250.000000 -86.606667
19300.000000 -88.978767
19350.000000 -88.578255
19400.000000 -92.296219
19450.000000 -90.555695
19500.000000 -91.932693
19550.000000 -89.676804
19600.000000 -88.147865
19650.000000 -90.708946
19700.000000 -87.825447
19750.000000 -88.783485
19800.000000 -92.877563
19850.000000 -91.503670
19900.000000 -90.261375
19950.000000 -90.205406
20000.000000 -90.201118
20050.000000 -89.636520
20100.000000 -91.844139
20150.000000 -89.449631
20200.000000 -89.713226
20250.000000 -88.311951
20300.000000 -89.774261
20350.000000 -91.195259
20400.000000 -90.073380
20450.000000 -89.697021
20500.000000 -88.090485
20550.000000 -89.449631
20600.000000 -90.309013
20650.000000 -91.161659
20700.000000 -90.179695
20750.000000 -90.939362
20800.000000 -89.918381
20850.000000 -92.601799
20900.000000 -93.658844
20950.000000 -91.360344
21000.000000 -92.411629
21050.000000 -95.423172
21100.000000 -93.633339
21150.000000 -93.259422
21200.000000 -94.253548
21250.000000 -91.700226
21300.000000 -91.355446
21350.000000 -94.602432
21400.000000 -95.376343
21450.000000 -94.688286
21500.000000 -94.645256
21550.000000 -94.260391
21600.000000 -89.905930
21650.000000 -94.609550
21700.000000 -90.274338
21750.000000 -94.057442
21800.000000 -94.833298
21850.000000 -88.447586
21900.000000 -92.767357
21950.000000 -92.433784
22000.000000 -91.838959
22050.000000 -91.568695
22100.000000 -89.709167
22150.000000 -88.667671
22200.000000 -88.103958
22250.000000 -92.883400
22300.000000 -92.117897
22350.000000 -92.334518
22400.000000 -90.745407
22450.000000 -88.508621
22500.000000 -87.442467
22550.000000 -92.506195
22600.000000 -91.624100
22650.000000 -89.386917
22700.000000 -91.953659
22750.000000 -93.450600
22800.000000 -90.695320
22850.000000 -88.656898
22900.000000 -91.543625
22950.000000 -90.800377
23000.000000 -91.844139
23050.000000 -92.664223
23100.000000 -93.060432
23150.000000 -90.322052
23200.000000 -91.508652
23250.000000 -91.204887
23300.000000 -89.186165
23350.000000 -92.450439
23400.000000 -91.720642
23450.000000 -92.274406
23500.000000 -91.424301
23550.000000 -92.361977
23600.000000 -89.701065
23650.000000 -88.053558
23700.000000 -90.128502
23750.000000 -91.518654
23800.000000 -92.053955
23850.000000 -89.098831
23900.000000 -91.990479
23950.000000 -96.191757
24000.000000 -90.659065
24050.000000 -92.500603
24100.000000 -94.489258
24150.000000 -94.928871
24200.000000 -92.947891
24250.000000 -89.860451
24300.000000 -89.524696
24350.000000 -94.017418
24400.000000 -91.802780
24450.000000 -88.454597
24500.000000 -92.669922
24550.000000 -91.483757
24600.000000 -91.807938
24650.000000 -91.797623
24700.000000 -90.031212
24750.000000 -91.756477
24800.000000 -89.038589
24850.000000 -87.190147
24900.000000 -90.001823
24950.000000 -89.905930
25000.000000 -92.307144
25050.000000 -90.209694
25100.000000 -90.897430
25150.000000 -88.878738
25200.000000 -88.349991
25250.000000 -86.493973
25300.000000 -89.660667
25350.000000 -87.744255
25400.000000 -86.845284
25450.000000 -87.773590
25500.000000 -89.410385
25550.000000 -88.250053
25600.000000 -88.260338
25650.000000 -90.387543
25700.000000 -89.552521
25750.000000 -91.705322
25800.000000 -88.776199
25850.000000 -91.004982
25900.000000 -91.444077
25950.000000 -89.367416
26000.000000 -90.098793
26050.000000 -87.947021
26100.000000 -89.293686
26150.000000 -88.820000
26200.000000 -90.387543
26250.000000 -92.930260
26300.000000 -91.644333
26350.000000 -92.209305
26400.000000 -90.231194
26450.000000 -90.677177
26500.000000 -91.166451
26550.000000 -91.875290
26600.000000 -93.138275
26650.000000 -88.986221
26700.000000 -66.931984
26750.000000 -59.242268
26800.000000 -54.588394
26850.000000 -53.973904
26900.000000 -53.974365
26950.000000 -54.671665
27000.000000 -54.676762
27050.000000 -54.379456
27100.000000 -54.404961
27150.000000 -54.658257
27200.000000 -54.905441
27250.000000 -54.073143
27300.000000 -54.070263
27350.000000 -53.971054
27400.000000 -55.346401
27450.000000 -55.479744
27500.000000 -55.063084
27550.000000 -54.123665
27600.000000 -55.865128
27650.000000 -55.184040
27700.000000 -53.969002
27750.000000 -53.981720
27800.000000 -53.975559
27850.000000 -53.963047
27900.000000 -53.948376
27950.000000 -54.427467
28000.000000 -54.155186
28050.000000 -56.095146
28100.000000 -58.894287
28150.000000 -59.795147
28200.000000 -57.597313
28250.000000 -56.751659
28300.000000 -54.543934
28350.000000 -54.312336
28400.000000 -53.975758
28450.000000 -53.966160
28500.000000 -53.942501
28550.000000 -54.362331
28600.000000 -54.665787
28650.000000 -56.403656
28700.000000 -58.151218
28750.000000 -58.036076
28800.000000 -58.972240
28850.000000 -57.085529
28900.000000 -56.030880
28950.000000 -54.446190
29000.000000 -54.368153
29050.000000 -54.829178
29100.000000 -54.891148
29150.000000 -56.190357
29200.000000 -56.546841
29250.000000 -57.602844
29300.000000 -59.557278
29350.000000 -59.676102
29400.000000 -59.315697
29450.000000 -60.039852
29500.000000 -58.137196
29550.000000 -57.892540
29600.000000 -55.719547
29650.000000 -54.710579
29700.000000 -54.692215
29750.000000 -55.749966
29800.000000 -54.321083
29850.000000 -55.395874
29900.000000 -57.410683
29950.000000 -58.669891
30000.000000 -60.173759
30050.000000 -59.900116
30100.000000 -58.050358
30150.000000 -56.654007
30200.000000 -55.006062
30250.000000 -53.974037
30300.000000 -53.930038
30350.000000 -53.938278
30400.000000 -53.947453
30450.000000 -53.940853
30500.000000 -53.958618
30550.000000 -54.476311
30600.000000 -56.316841
30650.000000 -58.152504
30700.000000 -59.057911
30750.000000 -60.773235
30800.000000 -63.189823
30850.000000 -61.679310
30900.000000 -59.757301
30950.000000 -58.751244
31000.000000 -57.455753
31050.000000 -56.960873
31100.000000 -55.659195
31150.000000 -54.983494
31200.000000 -54.796135
31250.000000 -55.133030
31300.000000 -55.305546
31350.000000 -55.406097
31400.000000 -54.111275
31450.000000 -54.586044
31500.000000 -53.969929
31550.000000 -53.947517
31600.000000 -53.964901
31650.000000 -54.941345
31700.000000 -54.368916
31750.000000 -54.671238
31800.000000 -56.330120
31850.000000 -58.307629
31900.000000 -59.943722
31950.000000 -61.701855
32000.000000 -60.876713
32050.000000 -59.533005
32100.000000 -57.666740
32150.000000 -56.222469
32200.000000 -54.488880
32250.000000 -53.957031
32300.000000 -53.975029
32350.000000 -53.969200
32400.000000 -53.955841
32450.000000 -53.954651
32500.000000 -53.960667
32550.000000 -53.975094
32600.000000 -54.024048
32650.000000 -54.590023
32700.000000 -55.840298
32750.000000 -56.711090
32800.000000 -59.222851
32850.000000 -60.394646
32900.000000 -64.360794
32950.000000 -67.877472
33000.000000 -66.433159
33050.000000 -65.859352
33100.000000 -62.403694
33150.000000 -59.566097
33200.000000 -57.375240
33250.000000 -55.976246
33300.000000 -54.757710
33350.000000 -54.722050
33400.000000 -54.643223
33450.000000 -53.955711
33500.000000 -53.958420
33550.000000 -53.960007
33600.000000 -53.965099
33650.000000 -53.972843
33700.000000 -54.111008
33750.000000 -55.667561
33800.000000 -57.082500
33850.000000 -59.793087
33900.000000 -61.785770
33950.000000 -62.816231
34000.000000 -64.087067
34050.000000 -61.471954
34100.000000 -59.886108
34150.000000 -57.569118
34200.000000 -55.777634
34250.000000 -54.523380
34300.000000 -54.267555
34350.000000 -53.970329
34400.000000 -53.966885
34450.000000 -53.978077
34500.000000 -53.977215
34550.000000 -54.071945
34600.000000 -53.966225
34650.000000 -54.627792
34700.000000 -54.278458
34750.000000 -54.835026
34800.000000 -56.732445
34850.000000 -58.673420
34900.000000 -61.037560
34950.000000 -64.571793
35000.000000 -69.475616
35050.000000 -67.377449
35100.000000 -63.841892
35150.000000 -60.403526
35200.000000 -58.137089
35250.000000 -56.225819
35300.000000 -54.660625
35350.000000 -53.977215
35400.000000 -53.976154
35450.000000 -53.971054
35500.000000 -53.969666
35550.000000 -53.967350
35600.000000 -53.967812
35650.000000 -53.956501
35700.000000 -54.300297
35750.000000 -55.240173
35800.000000 -56.963768
35850.000000 -58.781944
35900.000000 -61.453762
35950.000000 -64.280800
36000.000000 -65.093025
36050.000000 -66.103432
36100.000000 -61.715569
36150.000000 -59.567989
36200.000000 -57.734379
36250.000000 -55.896225
36300.000000 -54.875340
36350.000000 -54.061428
36400.000000 -54.701572
36450.000000 -53.992798
36500.000000 -53.954388
36550.000000 -53.953068
36600.000000 -53.955711
36650.000000 -54.495556
36700.000000 -54.320053
36750.000000 -54.292801
36800.000000 -55.779835
36850.000000 -57.538715
36900.000000 -59.652386
36950.000000 -62.738678
37000.000000 -63.043907
37050.000000 -64.106606
37100.000000 -61.008633
37150.000000 -61.010120
37200.000000 -58.454033
37250.000000 -56.576912
37300.000000 -55.063831
37350.000000 -54.077900
37400.000000 -54.169266
37450.000000 -53.968803
37500.000000 -53.965363
37550.000000 -53.967613
37600.000000 -53.969135
37650.000000 -53.951019
37700.000000 -53.956703
37750.000000 -54.640789
37800.000000 -55.726593
37850.000000 -57.420925
37900.000000 -59.200943
37950.000000 -62.170536
38000.000000 -63.209171
38050.000000 -66.865997
38100.000000 -63.114376
38150.000000 -61.853760
38200.000000 -59.381233
38250.000000 -57.343655
38300.000000 -55.631577
38350.000000 -54.225872
38400.000000 -53.971851
38450.000000 -53.969864
38500.000000 -53.965828
38550.000000 -53.956039
38600.000000 -53.967747
38650.000000 -53.969730
38700.000000 -53.963116
38750.000000 -53.978870
38800.000000 -55.080372
38850.000000 -56.742367
38900.000000 -58.551300
38950.000000 -61.213020
39000.000000 -64.990486
39050.000000 -66.574677
39100.000000 -64.395676
39150.000000 -62.259472
39200.000000 -59.891605
39250.000000 -57.734783
39300.000000 -56.132000
39350.000000 -54.570496
39400.000000 -53.969997
39450.000000 -53.972908
39500.000000 -53.972179
39550.000000 -53.976089
39600.000000 -53.968075
39650.000000 -53.965694
39700.000000 -53.972908
39750.000000 -54.074150
39800.000000 -54.699631
39850.000000 -56.187366
39900.000000 -57.921394
39950.000000 -60.230061
40000.000000 -62.488358
