0.000000 -53.970062
50.000000 -53.962452
100.000000 -53.952869
150.000000 -53.910622
200.000000 -53.929249
250.000000 -53.941116
300.000000 -53.967350
350.000000 -53.975758
400.000000 -54.130203
450.000000 -55.275181
500.000000 -55.097988
550.000000 -54.990192
600.000000 -56.809113
650.000000 -56.354389
700.000000 -56.157253
750.000000 -55.795341
800.000000 -55.273029
850.000000 -54.676769
900.000000 -53.975361
950.000000 -53.977348
1000.000000 -53.955975
1050.000000 -53.928524
1100.000000 -53.934456
1150.000000 -53.856224
1200.000000 -53.942635
1250.000000 -53.941776
1300.000000 -53.979401
1350.000000 -53.973240
1400.000000 -53.977413
1450.000000 -54.504070
1500.000000 -54.960464
1550.000000 -56.212353
1600.000000 -56.112495
1650.000000 -56.314064
1700.000000 -55.784973
1750.000000 -56.000801
1800.000000 -54.921013
1850.000000 -54.469505
1900.000000 -53.974300
1950.000000 -53.977215
2000.000000 -53.958553
2050.000000 -53.930565
2100.000000 -53.942501
2150.000000 -53.943756
2200.000000 -53.922398
2250.000000 -53.947319
2300.000000 -53.959015
2350.000000 -53.977146
2400.000000 -53.973175
2450.000000 -54.511112
2500.000000 -55.232895
2550.000000 -56.273930
2600.000000 -56.422161
2650.000000 -56.868427
2700.000000 -56.487194
2750.000000 -56.328644
2800.000000 -55.335316
2850.000000 -55.101334
2900.000000 -54.308685
2950.000000 -53.974632
3000.000000 -53.972511
3050.000000 -53.932278
3100.000000 -53.933662
3150.000000 -53.949829
3200.000000 -53.900764
3250.000000 -53.922333
3300.000000 -53.972446
3350.000000 -53.978737
3400.000000 -53.973175
3450.000000 -54.449127
3500.000000 -55.508698
3550.000000 -55.524281
3600.000000 -55.789951
3650.000000 -56.147896
3700.000000 -56.387466
3750.000000 -56.504368
3800.000000 -55.628613
3850.000000 -54.649017
3900.000000 -54.310131
3950.000000 -53.975094
4000.000000 -53.954124
4050.000000 -53.943424
4100.000000 -53.921871
4150.000000 -53.903854
4200.000000 -53.894661
4250.000000 -53.933006
4300.000000 -53.947254
4350.000000 -53.946991
4400.000000 -53.976021
4450.000000 -54.361431
4500.000000 -54.274410
4550.000000 -55.028091
4600.000000 -55.392365
4650.000000 -55.440922
4700.000000 -56.447128
4750.000000 -55.700138
4800.000000 -55.564194
4850.000000 -54.963211
4900.000000 -53.976288
4950.000000 -53.972580
5000.000000 -53.975624
5050.000000 -53.931290
5100.000000 -53.937885
5150.000000 -53.907795
5200.000000 -53.931755
5250.000000 -53.936039
5300.000000 -53.934391
5350.000000 -53.975624
5400.000000 -53.977016
5450.000000 -54.141605
5500.000000 -55.085258
5550.000000 -55.550446
5600.000000 -56.035324
5650.000000 -56.062405
5700.000000 -56.389126
5750.000000 -56.321957
5800.000000 -55.528713
5850.000000 -55.108242
5900.000000 -54.599270
5950.000000 -54.189743
6000.000000 -53.969200
6050.000000 -53.964241
6100.000000 -53.931225
6150.000000 -53.945869
6200.000000 -53.912529
6250.000000 -53.919041
6300.000000 -53.921871
6350.000000 -53.950291
6400.000000 -53.973240
6450.000000 -53.969799
6500.000000 -54.351330
6550.000000 -54.051266
6600.000000 -53.955578
6650.000000 -53.958485
6700.000000 -53.976948
6750.000000 -53.965694
6800.000000 -53.971649
6850.000000 -54.426144
6900.000000 -54.852009
6950.000000 -54.503223
7000.000000 -54.559578
7050.000000 -53.974167
7100.000000 -53.979401
7150.000000 -53.974434
7200.000000 -53.969467
7250.000000 -53.977547
7300.000000 -54.083736
7350.000000 -54.607601
7400.000000 -54.416798
7450.000000 -54.538914
7500.000000 -54.585617
7550.000000 -54.820045
7600.000000 -54.652241
7650.000000 -54.877472
7700.000000 -55.044258
7750.000000 -55.099041
7800.000000 -55.080067
7850.000000 -55.298447
7900.000000 -55.469746
7950.000000 -55.729271
8000.000000 -56.183010
8050.000000 -56.275135
8100.000000 -56.403393
8150.000000 -56.632126
8200.000000 -56.973305
8250.000000 -56.606262
8300.000000 -57.437183
8350.000000 -57.429489
8400.000000 -57.588875
8450.000000 -58.228260
8500.000000 -57.757484
8550.000000 -57.802341
8600.000000 -58.352795
8650.000000 -58.413967
8700.000000 -59.101662
8750.000000 -59.246029
8800.000000 -59.136631
8850.000000 -59.139149
8900.000000 -59.444405
8950.000000 -59.716160
9000.000000 -59.984375
9050.000000 -59.881268
9100.000000 -60.303036
9150.000000 -60.409081
9200.000000 -60.290142
9250.000000 -60.843788
9300.000000 -60.720520
9350.000000 -60.716343
9400.000000 -61.096603
9450.000000 -61.515556
9500.000000 -61.617622
9550.000000 -61.817245
9600.000000 -62.161011
9650.000000 -62.168324
9700.000000 -62.430828
9750.000000 -62.649040
9800.000000 -62.802681
9850.000000 -62.795727
9900.000000 -63.202267
9950.000000 -63.364548
10000.000000 -63.873924
10050.000000 -63.841892
10100.000000 -64.025986
10150.000000 -63.988125
10200.000000 -64.081551
10250.000000 -64.254158
10300.000000 -64.743301
10350.000000 -64.499847
10400.000000 -64.547371
10450.000000 -65.002266
10500.000000 -65.120705
10550.000000 -65.125969
10600.000000 -65.443031
10650.000000 -64.958992
10700.000000 -65.372383
10750.000000 -66.173828
10800.000000 -66.493965
10850.000000 -66.151199
10900.000000 -66.482544
10950.000000 -66.427040
11000.000000 -66.906998
11050.000000 -66.956154
11100.000000 -66.832169
11150.000000 -66.833626
11200.000000 -67.556221
11250.000000 -68.313316
11300.000000 -68.087784
11350.000000 -68.322639
11400.000000 -68.647194
11450.000000 -68.623550
11500.000000 -68.909348
11550.000000 -68.959770
11600.000000 -69.513184
11650.000000 -69.303726
11700.000000 -69.724579
11750.000000 -69.952065
11800.000000 -70.154900
11850.000000 -70.231178
11900.000000 -70.258339
11950.000000 -70.412102
12000.000000 -70.576256
12050.000000 -70.434105
12100.000000 -70.977249
12150.000000 -70.942146
12200.000000 -71.340744
12250.000000 -71.128174
12300.000000 -71.886200
12350.000000 -71.622063
12400.000000 -71.820313
12450.000000 -71.887764
12500.000000 -72.041199
12550.000000 -72.152176
12600.000000 -72.551033
12650.000000 -72.099716
12700.000000 -72.771950
12750.000000 -72.594994
12800.000000 -73.798531
12850.000000 -73.065178
12900.000000 -73.253304
12950.000000 -73.627586
13000.000000 -74.078171
13050.000000 -74.109093
13100.000000 -73.825180
13150.000000 -74.221451
13200.000000 -74.252846
13250.000000 -74.411575
13300.000000 -75.120934
13350.000000 -75.300377
13400.000000 -75.276489
13450.000000 -75.429405
13500.000000 -75.435677
13550.000000 -76.186600
13600.000000 -76.760513
13650.000000 -76.860580
13700.000000 -77.208153
13750.000000 -76.921738
13800.000000 -77.670998
13850.000000 -77.445877
13900.000000 -77.623489
13950.000000 -77.413338
14000.000000 -77.832649
14050.000000 -78.428894
14100.000000 -78.240700
14150.000000 -78.239616
14200.000000 -78.159904
14250.000000 -78.397980
14300.000000 -78.929726
14350.000000 -80.119576
14400.000000 -80.487373
14450.000000 -78.889977
14500.000000 -79.769302
14550.000000 -79.513687
14600.000000 -79.623405
14650.000000 -79.973007
14700.000000 -80.509834
14750.000000 -80.218231
14800.000000 -80.263191
14850.000000 -81.044586
14900.000000 -81.031143
14950.000000 -81.311729
15000.000000 -82.358894
15050.000000 -82.383278
15100.000000 -81.901634
15150.000000 -82.817703
15200.000000 -82.144203
15250.000000 -82.365852
15300.000000 -82.663261
15350.000000 -82.527458
15400.000000 -83.230682
15450.000000 -83.232605
15500.000000 -83.947739
15550.000000 -83.413307
15600.000000 -83.804855
15650.000000 -83.617943
15700.000000 -82.898743
15750.000000 -84.972618
15800.000000 -84.358177
15850.000000 -84.606865
15900.000000 -85.940926
15950.000000 -83.757744
16000.000000 -84.784370
16050.000000 -84.107895
16100.000000 -84.510544
16150.000000 -86.564240
16200.000000 -85.244675
16250.000000 -85.538116
16300.000000 -86.516396
16350.000000 -86.207634
16400.000000 -86.374435
16450.000000 -85.867691
16500.000000 -86.513588
16550.000000 -84.611374
16600.000000 -87.445595
16650.000000 -86.035995
16700.000000 -85.520515
16750.000000 -87.799423
16800.000000 -87.352394
16850.000000 -88.479187
16900.000000 -87.220528
16950.000000 -88.405624
17000.000000 -87.986824
17050.000000 -88.721771
17100.000000 -86.784286
17150.000000 -86.229324
17200.000000 -88.192001
17250.000000 -87.072670
17300.000000 -87.900826
17350.000000 -87.641426
17400.000000 -89.453568
17450.000000 -86.371674
17500.000000 -87.947021
17550.000000 -86.510788
17600.000000 -88.671272
17650.000000 -87.108650
17700.000000 -88.451088
17750.000000 -89.782433
17800.000000 -87.947021
17850.000000 -89.151901
17900.000000 -87.114662
17950.000000 -89.426064
18000.000000 -89.209099
18050.000000 -88.736252
18100.000000 -90.916039
18150.000000 -88.107323
18200.000000 -86.827812
18250.000000 -88.834648
18300.000000 -90.048058
18350.000000 -91.056892
18400.000000 -88.599632
18450.000000 -89.247444
18500.000000 -87.606354
18550.000000 -89.794708
18600.000000 -91.066368
18650.000000 -88.956444
18700.000000 -89.860451
18750.000000 -88.621063
18800.000000 -88.729004
18850.000000 -87.711990
18900.000000 -88.514442
18950.000000 -89.976700
19000.000000 -87.838516
19050.000000 -90.444702
19100.000000 -89.453568
19150.000000 -88.188599
19200.000000 -90.888138
19250.000000 -91.137741
19300.000000 -89.612434
19350.000000 -89.473267
19400.000000 -93.114250
19450.000000 -89.313026
19500.000000 -89.664703
19550.000000 -89.947495
19600.000000 -91.321220
19650.000000 -91.042709
19700.000000 -92.551048
19750.000000 -94.044083
19800.000000 -90.209694
19850.000000 -91.185646
19900.000000 -90.990883
19950.000000 -95.881065
20000.000000 -95.145935
20050.000000 -93.690842
20100.000000 -92.150047
20150.000000 -91.488731
20200.000000 -93.671631
20250.000000 -93.138275
20300.000000 -101.860550
20350.000000 -91.118652
20400.000000 -90.704399
20450.000000 -91.885696
20500.000000 -92.562302
20550.000000 -92.400566
20600.000000 -92.400566
20650.000000 -90.209694
20700.000000 -91.679863
20750.000000 -90.175415
20800.000000 -92.198502
20850.000000 -92.624443
20900.000000 -90.745407
20950.000000 -92.883400
21000.000000 -90.209694
21050.000000 -89.774261
21100.000000 -90.841858
21150.000000 -93.394661
21200.000000 -94.496284
21250.000000 -93.742271
21300.000000 -93.716515
21350.000000 -91.669693
21400.000000 -92.995102
21450.000000 -89.457504
21500.000000 -91.578743
21550.000000 -94.219421
21600.000000 -91.033264
21650.000000 -91.389801
21700.000000 -90.768272
21750.000000 -91.710426
21800.000000 -91.219345
21850.000000 -91.538628
21900.000000 -91.533623
21950.000000 -87.638237
22000.000000 -92.842613
22050.000000 -90.855705
22100.000000 -91.028542
22150.000000 -92.411629
22200.000000 -92.356476
22250.000000 -90.600487
22300.000000 -90.213989
22350.000000 -91.833778
22400.000000 -95.581100
22450.000000 -95.399727
22500.000000 -92.193100
22550.000000 -94.825989
22600.000000 -94.267242
22650.000000 -93.450600
22700.000000 -91.272560
22750.000000 -92.681328
22800.000000 -91.375061
22850.000000 -93.595215
22900.000000 -93.259422
22950.000000 -93.755180
23000.000000 -91.503670
23050.000000 -95.115669
23100.000000 -94.681099
23150.000000 -93.357567
23200.000000 -93.168404
23250.000000 -92.198502
23300.000000 -91.326096
23350.000000 -93.997467
23400.000000 -94.426239
23450.000000 -94.171867
23500.000000 -93.150314
23550.000000 -92.522987
23600.000000 -93.891861
23650.000000 -94.287819
23700.000000 -90.488930
23750.000000 -94.192215
23800.000000 -92.417160
23850.000000 -90.226891
23900.000000 -93.800499
23950.000000 -91.700226
24000.000000 -93.456841
24050.000000 -92.059265
24100.000000 -91.854507
24150.000000 -94.274094
24200.000000 -94.524467
24250.000000 -93.911568
24300.000000 -94.084229
24350.000000 -93.690842
24400.000000 -93.646080
24450.000000 -94.496284
24500.000000 -92.252647
24550.000000 -95.581100
24600.000000 -94.738770
24650.000000 -91.023827
24700.000000 -91.296852
24750.000000 -93.253326
24800.000000 -91.543625
24850.000000 -92.698463
24900.000000 -92.778893
24950.000000 -91.209702
25000.000000 -92.584846
25050.000000 -90.713501
25100.000000 -89.461441
25150.000000 -93.703667
25200.000000 -91.047432
25250.000000 -92.027451
25300.000000 -92.551048
25350.000000 -92.274406
25400.000000 -92.301682
25450.000000 -92.345490
25500.000000 -95.275749
25550.000000 -90.681709
25600.000000 -93.072365
25650.000000 -93.607925
25700.000000 -94.329109
25750.000000 -92.613113
25800.000000 -91.807938
25850.000000 -91.756477
25900.000000 -91.906555
25950.000000 -91.099602
26000.000000 -92.372986
26050.000000 -90.632050
26100.000000 -89.079964
26150.000000 -91.974678
26200.000000 -90.533379
26250.000000 -90.124245
26300.000000 -92.022156
26350.000000 -95.486000
26400.000000 -92.329033
26450.000000 -91.282265
26500.000000 -93.488091
26550.000000 -91.730865
26600.000000 -66.224159
26650.000000 -59.212212
26700.000000 -55.258965
26750.000000 -54.845196
26800.000000 -55.468094
26850.000000 -57.665020
26900.000000 -59.713211
26950.000000 -58.865513
27000.000000 -56.180447
27050.000000 -54.697182
27100.000000 -54.204216
27150.000000 -54.264816
27200.000000 -55.850155
27250.000000 -54.528675
27300.000000 -54.430538
27350.000000 -54.470695
27400.000000 -54.626072
27450.000000 -54.358662
27500.000000 -53.978806
27550.000000 -53.978737
27600.000000 -53.979137
27650.000000 -53.977215
27700.000000 -53.978737
27750.000000 -53.973705
27800.000000 -55.765919
27850.000000 -57.048286
27900.000000 -57.644581
27950.000000 -55.933571
28000.000000 -54.218716
28050.000000 -54.127506
28100.000000 -54.851276
28150.000000 -56.292763
28200.000000 -58.542782
28250.000000 -61.005806
28300.000000 -62.057606
28350.000000 -69.329681
28400.000000 -70.705345
28450.000000 -69.630478
28500.000000 -68.486565
28550.000000 -70.590149
28600.000000 -65.903702
28650.000000 -69.048340
28700.000000 -64.806458
28750.000000 -62.103916
28800.000000 -59.934250
28850.000000 -57.707870
28900.000000 -55.610924
28950.000000 -54.436123
29000.000000 -53.974434
29050.000000 -53.972645
29100.000000 -53.971252
29150.000000 -53.971455
29200.000000 -53.973969
29250.000000 -55.118816
29300.000000 -56.585125
29350.000000 -55.069016
29400.000000 -55.737217
29450.000000 -55.516209
29500.000000 -56.328991
29550.000000 -56.620712
29600.000000 -56.446339
29650.000000 -56.415054
29700.000000 -56.220669
29750.000000 -55.902176
29800.000000 -55.447906
29850.000000 -54.895493
29900.000000 -54.287102
29950.000000 -53.979202
30000.000000 -53.975559
30050.000000 -53.958748
30100.000000 -53.940918
30150.000000 -54.294178
30200.000000 -53.926285
30250.000000 -53.922005
30300.000000 -53.940392
30350.000000 -53.970924
30400.000000 -53.974236
30450.000000 -54.797009
30500.000000 -54.723419
30550.000000 -56.429890
30600.000000 -54.617081
30650.000000 -54.276604
30700.000000 -53.976154
30750.000000 -53.973240
30800.000000 -53.979401
30850.000000 -53.979401
30900.000000 -53.922070
30950.000000 -53.940060
31000.000000 -53.953396
31050.000000 -53.941250
31100.000000 -53.958088
31150.000000 -53.934059
31200.000000 -53.927670
31250.000000 -53.950092
31300.000000 -53.975624
31350.000000 -53.967682
31400.000000 -54.656895
31450.000000 -54.718945
31500.000000 -55.381687
31550.000000 -55.214542
31600.000000 -55.346867
31650.000000 -54.915768
31700.000000 -55.028393
31750.000000 -55.463863
31800.000000 -54.696819
31850.000000 -53.986427
31900.000000 -53.934719
31950.000000 -53.934521
32000.000000 -53.900505
32050.000000 -53.930962
32100.000000 -53.941975
32150.000000 -53.970791
32200.000000 -53.978077
32250.000000 -54.199120
32300.000000 -54.836269
32350.000000 -55.445156
32400.000000 -55.987679
32450.000000 -56.817104
32500.000000 -57.401142
32550.000000 -56.745918
32600.000000 -57.705631
32650.000000 -57.425362
32700.000000 -56.393940
32750.000000 -55.983925
32800.000000 -55.300682
32850.000000 -54.014595
32900.000000 -53.975559
32950.000000 -53.941711
33000.000000 -53.945473
33050.000000 -53.961063
33100.000000 -53.929909
33150.000000 -53.950359
33200.000000 -53.941975
33250.000000 -53.973373
33300.000000 -53.997379
33350.000000 -55.033779
33400.000000 -55.794685
33450.000000 -56.264355
33500.000000 -57.180904
33550.000000 -57.821812
33600.000000 -58.333626
33650.000000 -57.149250
33700.000000 -57.005730
33750.000000 -55.722546
33800.000000 -55.423687
33850.000000 -54.998386
33900.000000 -53.974766
33950.000000 -53.978142
34000.000000 -53.979401
34050.000000 -53.924244
34100.000000 -53.942898
34150.000000 -53.933071
34200.000000 -53.927338
34250.000000 -53.968674
34300.000000 -53.976551
34350.000000 -54.042519
34400.000000 -54.602261
34450.000000 -55.739166
34500.000000 -55.985844
34550.000000 -56.629066
34600.000000 -56.523533
34650.000000 -56.590942
34700.000000 -56.615501
34750.000000 -55.683590
34800.000000 -55.491959
34850.000000 -54.525497
34900.000000 -53.971519
34950.000000 -53.979401
35000.000000 -53.978806
35050.000000 -53.941711
35100.000000 -53.945999
35150.000000 -53.944218
35200.000000 -53.955841
35250.000000 -53.978474
35300.000000 -53.978806
35350.000000 -53.973904
35400.000000 -54.433331
35450.000000 -55.664261
35500.000000 -55.564907
35550.000000 -56.135227
35600.000000 -56.189674
35650.000000 -55.994614
35700.000000 -56.524864
35750.000000 -55.967159
35800.000000 -55.348885
35850.000000 -54.613800
35900.000000 -53.976551
35950.000000 -53.979401
36000.000000 -53.952007
36050.000000 -53.942371
36100.000000 -53.924374
36150.000000 -53.943230
36200.000000 -53.973240
36250.000000 -53.979401
36300.000000 -53.977348
36350.000000 -54.029644
36400.000000 -54.459484
36450.000000 -54.996597
36500.000000 -55.918064
36550.000000 -56.401379
36600.000000 -56.458317
36650.000000 -56.552895
36700.000000 -56.778336
36750.000000 -55.695774
36800.000000 -55.225475
36850.000000 -54.570992
36900.000000 -53.975292
36950.000000 -53.978474
37000.000000 -53.979401
37050.000000 -53.929974
37100.000000 -53.944416
37150.000000 -53.918777
37200.000000 -53.943096
37250.000000 -53.966686
37300.000000 -53.979336
37350.000000 -53.976883
37400.000000 -54.490707
37450.000000 -55.264877
37500.000000 -55.804981
37550.000000 -56.715446
37600.000000 -57.324444
37650.000000 -56.784458
37700.000000 -56.676216
37750.000000 -56.586021
37800.000000 -55.860847
37850.000000 -55.084354
37900.000000 -53.973507
37950.000000 -53.976353
38000.000000 -53.944153
38050.000000 -53.939400
38100.000000 -53.930500
38150.000000 -53.937157
38200.000000 -53.957294
38250.000000 -53.923649
38300.000000 -53.972710
38350.000000 -53.979004
38400.000000 -54.110268
38450.000000 -54.409832
38500.000000 -55.524120
38550.000000 -56.011429
38600.000000 -56.763981
38650.000000 -56.221611
38700.000000 -56.164326
38750.000000 -55.569202
38800.000000 -55.179699
38850.000000 -54.769676
38900.000000 -54.192051
38950.000000 -53.972179
39000.000000 -53.954983
39050.000000 -53.934654
39100.000000 -53.931885
39150.000000 -53.919765
39200.000000 -53.919174
39250.000000 -53.934982
39300.000000 -53.940060
39350.000000 -53.977146
39400.000000 -53.976421
39450.000000 -54.455631
39500.000000 -55.100475
39550.000000 -55.744198
39600.000000 -55.416805
39650.000000 -56.253239
39700.000000 -56.910858
39750.000000 -56.093285
39800.000000 -55.603252
39850.000000 -55.394711
39900.000000 -54.697899
39950.000000 -53.978607
40000.000000 -53.978142
