0.000000 -55.368301
50.000000 -54.565247
100.000000 -53.975689
150.000000 -53.967281
200.000000 -53.939667
250.000000 -53.927273
300.000000 -53.953529
350.000000 -54.294895
400.000000 -53.932545
450.000000 -53.965164
500.000000 -53.973175
550.000000 -54.662773
600.000000 -55.679642
650.000000 -56.611107
700.000000 -56.822983
750.000000 -58.434971
800.000000 -58.723392
850.000000 -58.492832
900.000000 -58.116154
950.000000 -57.667755
1000.000000 -56.408566
1050.000000 -55.240555
1100.000000 -54.186012
1150.000000 -53.975624
1200.000000 -53.962452
1250.000000 -53.932411
1300.000000 -53.941578
1350.000000 -53.940392
1400.000000 -53.945999
1450.000000 -53.979401
1500.000000 -53.977413
1550.000000 -54.812019
1600.000000 -56.012936
1650.000000 -56.764072
1700.000000 -58.169125
1750.000000 -59.087925
1800.000000 -59.216309
1850.000000 -58.628601
1900.000000 -58.901768
1950.000000 -57.098709
2000.000000 -56.124619
2050.000000 -55.684963
2100.000000 -54.397793
2150.000000 -53.976620
2200.000000 -53.962452
2250.000000 -53.930435
2300.000000 -53.944088
2350.000000 -53.923717
2400.000000 -53.925362
2450.000000 -53.937092
2500.000000 -53.979004
2550.000000 -54.080048
2600.000000 -55.345551
2650.000000 -56.680195
2700.000000 -57.619759
2750.000000 -58.489044
2800.000000 -59.859985
2850.000000 -59.188499
2900.000000 -58.225670
2950.000000 -57.492516
3000.000000 -56.457172
3050.000000 -55.789459
3100.000000 -54.786095
3150.000000 -53.977943
3200.000000 -53.979267
3250.000000 -53.933796
3300.000000 -53.927208
3350.000000 -53.875324
3400.000000 -53.923386
3450.000000 -53.972580
3500.000000 -53.978672
3550.000000 -54.236851
3600.000000 -55.528954
3650.000000 -56.362408
3700.000000 -57.520367
3750.000000 -57.882252
3800.000000 -59.075050
3850.000000 -58.150467
3900.000000 -57.619152
3950.000000 -56.603497
4000.000000 -56.451267
4050.000000 -55.531487
4100.000000 -54.564678
4150.000000 -53.973835
4200.000000 -53.978207
4250.000000 -53.925758
4300.000000 -53.938744
4350.000000 -53.935841
4400.000000 -53.947784
4450.000000 -53.932411
4500.000000 -53.979267
4550.000000 -53.975624
4600.000000 -54.649235
4650.000000 -56.231228
4700.000000 -57.343655
4750.000000 -57.895039
4800.000000 -59.183674
4850.000000 -59.652763
4900.000000 -59.161503
4950.000000 -57.991890
5000.000000 -57.209404
5050.000000 -56.451622
5100.000000 -55.053101
5150.000000 -54.158840
5200.000000 -53.977215
5250.000000 -53.979267
5300.000000 -53.926941
5350.000000 -53.912663
5400.000000 -53.940590
5450.000000 -53.919834
5500.000000 -53.961792
5550.000000 -53.974365
5600.000000 -54.558018
5650.000000 -55.545284
5700.000000 -56.988567
5750.000000 -57.305771
5800.000000 -58.202358
5850.000000 -58.002628
5900.000000 -57.859535
5950.000000 -57.184258
6000.000000 -56.594704
6050.000000 -55.856483
6100.000000 -55.215076
6150.000000 -54.098434
6200.000000 -53.978207
6250.000000 -53.961658
6300.000000 -53.918648
6350.000000 -53.931950
6400.000000 -53.940128
6450.000000 -53.919373
6500.000000 -53.967480
6550.000000 -53.977612
6600.000000 -53.974499
6650.000000 -53.979401
6700.000000 -53.860474
6750.000000 -53.949432
6800.000000 -53.971321
6850.000000 -54.081120
6900.000000 -54.987812
6950.000000 -55.518738
7000.000000 -55.336945
7050.000000 -54.780354
7100.000000 -54.016060
7150.000000 -53.961063
7200.000000 -53.954720
7250.000000 -53.979401
7300.000000 -53.963974
7350.000000 -53.969334
7400.000000 -53.967083
7450.000000 -54.127033
7500.000000 -54.762276
7550.000000 -56.066952
7600.000000 -54.698837
7650.000000 -53.972908
7700.000000 -53.968540
7750.000000 -53.972179
7800.000000 -53.968605
7850.000000 -53.962585
7900.000000 -54.626717
7950.000000 -54.404819
8000.000000 -54.639145
8050.000000 -55.003452
8100.000000 -55.009121
8150.000000 -55.147270
8200.000000 -55.399929
8250.000000 -55.783669
8300.000000 -55.931496
8350.000000 -56.210381
8400.000000 -56.147640
8450.000000 -56.649769
8500.000000 -56.599987
8550.000000 -56.853561
8600.000000 -56.949207
8650.000000 -57.461391
8700.000000 -57.455753
8750.000000 -57.602341
8800.000000 -57.808414
8850.000000 -57.876957
8900.000000 -58.218216
8950.000000 -58.574329
9000.000000 -58.497066
9050.000000 -58.923512
9100.000000 -59.101658
9150.000000 -59.044483
9200.000000 -59.535641
9250.000000 -59.383331
9300.000000 -59.364830
9350.000000 -59.523712
9400.000000 -59.785706
9450.000000 -59.804214
9500.000000 -59.955055
9550.000000 -60.051311
9600.000000 -60.199352
9650.000000 -60.707710
9700.000000 -61.296474
9750.000000 -61.510509
9800.000000 -61.463169
9850.000000 -61.852772
9900.000000 -62.040825
9950.000000 -62.095985
10000.000000 -62.093456
10050.000000 -62.276680
10100.000000 -62.376820
10150.000000 -62.500366
10200.000000 -62.803043
10250.000000 -63.156780
10300.000000 -63.624752
10350.000000 -63.421349
10400.000000 -63.551434
10450.000000 -63.600643
10500.000000 -64.221344
10550.000000 -64.405800
10600.000000 -64.092163
10650.000000 -64.599205
10700.000000 -64.529266
10750.000000 -64.929726
10800.000000 -65.004387
10850.000000 -65.009811
10900.000000 -65.253639
10950.000000 -65.668144
11000.000000 -65.726631
11050.000000 -66.233116
11100.000000 -65.985947
11150.000000 -66.454582
11200.000000 -66.180305
11250.000000 -66.260864
11300.000000 -66.511337
11350.000000 -65.802551
11400.000000 -66.513016
11450.000000 -67.125778
11500.000000 -67.206833
11550.000000 -67.448082
11600.000000 -67.473740
11650.000000 -67.979836
11700.000000 -67.857803
11750.000000 -67.760750
11800.000000 -68.551598
11850.000000 -68.727905
11900.000000 -68.782387
11950.000000 -68.597839
12000.000000 -68.964981
12050.000000 -69.038956
12100.000000 -69.758339
12150.000000 -69.676384
12200.000000 -69.676384
12250.000000 -69.829964
12300.000000 -70.397171
12350.000000 -70.320297
12400.000000 -70.204529
12450.000000 -70.511108
12500.000000 -71.276909
12550.000000 -71.134857
12600.000000 -71.493690
12650.000000 -71.983078
12700.000000 -71.097679
12750.000000 -72.232559
12800.000000 -71.899231
12850.000000 -72.092247
12900.000000 -72.200096
12950.000000 -72.226059
13000.000000 -72.708168
13050.000000 -73.501236
13100.000000 -73.230782
13150.000000 -73.438118
13200.000000 -73.107033
13250.000000 -73.363716
13300.000000 -73.575554
13350.000000 -74.062767
13400.000000 -74.030045
13450.000000 -73.760971
13500.000000 -74.256950
13550.000000 -74.982979
13600.000000 -74.650238
13650.000000 -75.020996
13700.000000 -75.054680
13750.000000 -74.607391
13800.000000 -76.045914
13850.000000 -75.024734
13900.000000 -75.686905
13950.000000 -75.569130
14000.000000 -75.749237
14050.000000 -76.639954
14100.000000 -75.914093
14150.000000 -77.065186
14200.000000 -76.998322
14250.000000 -77.071800
14300.000000 -76.847664
14350.000000 -76.256081
14400.000000 -77.809959
14450.000000 -77.477539
14500.000000 -77.153549
14550.000000 -77.906281
14600.000000 -78.719048
14650.000000 -78.463249
14700.000000 -78.492165
14750.000000 -78.692787
14800.000000 -79.176926
14850.000000 -79.121643
14900.000000 -79.193817
14950.000000 -79.197441
15000.000000 -78.776421
15050.000000 -79.267815
15100.000000 -80.107491
15150.000000 -80.432877
15200.000000 -79.390495
15250.000000 -79.783508
15300.000000 -81.296326
15350.000000 -80.478966
15400.000000 -80.096764
15450.000000 -81.428108
15500.000000 -81.860542
15550.000000 -81.871994
15600.000000 -82.737411
15650.000000 -81.052063
15700.000000 -81.052063
15750.000000 -82.648865
15800.000000 -80.846565
15850.000000 -82.661461
15900.000000 -83.490211
15950.000000 -82.219170
16000.000000 -83.321510
16050.000000 -82.919121
16100.000000 -83.686539
16150.000000 -82.830544
16200.000000 -82.837891
16250.000000 -83.184662
16300.000000 -82.555870
16350.000000 -82.538101
16400.000000 -83.087677
16450.000000 -83.108505
16500.000000 -83.674385
16550.000000 -83.723083
16600.000000 -83.770027
16650.000000 -82.207207
16700.000000 -85.510513
16750.000000 -83.790489
16800.000000 -84.800476
16850.000000 -87.251022
16900.000000 -84.182648
16950.000000 -85.485550
17000.000000 -84.821236
17050.000000 -86.606667
17100.000000 -85.356903
17150.000000 -84.747658
17200.000000 -86.729469
17250.000000 -85.677071
17300.000000 -86.715103
17350.000000 -85.948807
17400.000000 -85.930428
17450.000000 -85.682167
17500.000000 -86.248352
17550.000000 -86.289261
17600.000000 -86.338615
17650.000000 -86.942009
17700.000000 -87.263283
17750.000000 -88.110695
17800.000000 -85.317703
17850.000000 -86.118706
17900.000000 -86.275604
17950.000000 -86.810379
18000.000000 -89.512802
18050.000000 -87.861412
18100.000000 -86.297470
18150.000000 -86.159012
18200.000000 -86.094612
18250.000000 -87.625473
18300.000000 -88.120819
18350.000000 -86.477196
18400.000000 -86.468819
18450.000000 -87.458092
18500.000000 -86.764053
18550.000000 -86.324883
18600.000000 -86.781395
18650.000000 -85.730743
18700.000000 -85.029190
18750.000000 -86.191391
18800.000000 -87.364761
18850.000000 -85.782166
18900.000000 -86.924339
18950.000000 -87.223572
19000.000000 -87.386452
19050.000000 -87.828712
19100.000000 -86.035995
19150.000000 -86.349625
19200.000000 -85.445763
19250.000000 -85.448250
19300.000000 -86.615181
19350.000000 -88.823662
19400.000000 -87.175003
19450.000000 -87.483154
19500.000000 -86.819092
19550.000000 -87.606354
19600.000000 -87.126694
19650.000000 -86.738106
19700.000000 -89.972527
19750.000000 -87.060707
19800.000000 -87.232712
19850.000000 -87.486290
19900.000000 -87.812408
19950.000000 -88.447586
20000.000000 -87.327713
20050.000000 -89.159599
20100.000000 -88.653305
20150.000000 -90.677177
20200.000000 -87.750725
20250.000000 -88.192001
20300.000000 -90.374405
20350.000000 -90.930023
20400.000000 -87.229668
20450.000000 -90.524467
20500.000000 -89.469322
20550.000000 -88.750763
20600.000000 -92.871727
20650.000000 -88.087128
20700.000000 -88.209038
20750.000000 -91.123421
20800.000000 -90.906731
20850.000000 -90.201118
20900.000000 -89.713226
20950.000000 -90.622971
21000.000000 -91.142517
21050.000000 -91.277412
21100.000000 -89.709167
21150.000000 -90.640999
21200.000000 -89.228249
21250.000000 -89.905930
21300.000000 -90.073380
21350.000000 -92.439331
21400.000000 -88.856667
21450.000000 -90.569107
21500.000000 -93.228981
21550.000000 -94.753242
21600.000000 -93.078331
21650.000000 -88.521507
21700.000000 -90.832626
21750.000000 -88.046860
21800.000000 -88.978767
21850.000000 -90.515572
21900.000000 -90.804977
21950.000000 -95.407532
22000.000000 -93.072365
22050.000000 -93.320633
22100.000000 -91.028542
22150.000000 -92.411629
22200.000000 -92.356476
22250.000000 -90.600487
22300.000000 -90.213989
22350.000000 -91.833778
22400.000000 -95.581100
22450.000000 -95.399727
22500.000000 -92.193100
22550.000000 -94.825989
22600.000000 -94.267242
22650.000000 -93.450600
22700.000000 -91.272560
22750.000000 -92.681328
22800.000000 -91.375061
22850.000000 -93.595215
22900.000000 -93.259422
22950.000000 -93.755180
23000.000000 -91.503670
23050.000000 -95.115669
23100.000000 -94.681099
23150.000000 -93.357567
23200.000000 -93.168404
23250.000000 -92.198502
23300.000000 -91.326096
23350.000000 -93.997467
23400.000000 -94.426239
23450.000000 -94.171867
23500.000000 -93.150314
23550.000000 -92.522987
23600.000000 -93.891861
23650.000000 -94.287819
23700.000000 -90.488930
23750.000000 -94.192215
23800.000000 -92.417160
23850.000000 -90.226891
23900.000000 -93.800499
23950.000000 -91.700226
24000.000000 -93.456841
24050.000000 -92.059265
24100.000000 -91.854507
24150.000000 -94.274094
24200.000000 -94.524467
24250.000000 -93.911568
24300.000000 -94.084229
24350.000000 -93.690842
24400.000000 -90.235497
24450.000000 -91.761612
24500.000000 -90.435883
24550.000000 -94.131310
24600.000000 -89.926689
24650.000000 -91.964165
24700.000000 -91.152084
24750.000000 -89.580429
24800.000000 -89.351837
24850.000000 -89.596420
24900.000000 -90.555695
24950.000000 -91.014397
25000.000000 -90.282997
25050.000000 -93.036621
25100.000000 -90.094536
25150.000000 -92.761597
25200.000000 -95.055458
25250.000000 -92.836800
25300.000000 -92.139320
25350.000000 -89.592415
25400.000000 -90.791191
25450.000000 -93.839539
25500.000000 -93.126259
25550.000000 -94.475212
25600.000000 -93.826508
25650.000000 -91.200073
25700.000000 -93.671631
25750.000000 -94.767746
25800.000000 -93.697250
25850.000000 -93.030678
25900.000000 -91.085342
25950.000000 -92.198502
26000.000000 -91.746223
26050.000000 -88.596069
26100.000000 -89.680847
26150.000000 -88.772568
26200.000000 -91.000282
26250.000000 -91.033264
26300.000000 -91.360344
26350.000000 -90.846458
26400.000000 -93.846062
26450.000000 -90.659065
26500.000000 -91.056892
26550.000000 -91.690041
26600.000000 -92.579208
26650.000000 -67.253761
26700.000000 -58.989803
26750.000000 -55.708946
26800.000000 -54.225460
26850.000000 -54.652813
26900.000000 -56.180275
26950.000000 -57.411072
27000.000000 -56.056087
27050.000000 -54.884895
27100.000000 -55.295593
27150.000000 -53.962254
27200.000000 -53.962387
27250.000000 -53.969200
27300.000000 -53.990871
27350.000000 -54.259136
27400.000000 -54.451225
27450.000000 -54.637714
27500.000000 -55.472027
27550.000000 -55.345627
27600.000000 -54.637787
27650.000000 -54.862858
27700.000000 -54.777954
27750.000000 -54.532978
27800.000000 -55.181602
27850.000000 -55.627731
27900.000000 -54.817200
27950.000000 -54.581852
28000.000000 -55.585770
28050.000000 -54.972641
28100.000000 -55.201260
28150.000000 -55.341671
28200.000000 -54.336056
28250.000000 -54.073277
28300.000000 -54.142147
28350.000000 -54.530933
28400.000000 -56.882858
28450.000000 -58.450481
28500.000000 -60.502804
28550.000000 -61.001789
28600.000000 -62.081490
28650.000000 -60.225159
28700.000000 -59.192001
28750.000000 -58.201397
28800.000000 -57.062817
28850.000000 -56.688156
28900.000000 -55.981255
28950.000000 -55.913757
29000.000000 -56.424442
29050.000000 -56.062405
29100.000000 -55.536640
29150.000000 -55.228153
29200.000000 -54.409500
29250.000000 -53.976486
29300.000000 -53.928391
29350.000000 -53.939335
29400.000000 -53.964371
29450.000000 -53.923649
29500.000000 -53.937424
29550.000000 -53.963245
29600.000000 -54.295551
29650.000000 -54.812241
29700.000000 -54.891590
29750.000000 -55.445862
29800.000000 -54.158367
29850.000000 -53.971718
29900.000000 -53.975029
29950.000000 -53.946133
30000.000000 -53.951019
30050.000000 -53.963379
30100.000000 -53.955975
30150.000000 -53.954189
30200.000000 -54.172989
30250.000000 -53.969597
30300.000000 -53.968273
30350.000000 -54.074486
30400.000000 -54.548260
30450.000000 -54.411854
30500.000000 -54.804001
30550.000000 -55.702156
30600.000000 -56.697212
30650.000000 -57.883396
30700.000000 -58.353779
30750.000000 -58.780445
30800.000000 -58.715157
30850.000000 -58.039776
30900.000000 -57.699120
30950.000000 -55.756630
31000.000000 -54.655819
31050.000000 -53.970329
31100.000000 -53.965431
31150.000000 -53.955379
31200.000000 -53.976749
31250.000000 -53.938545
31300.000000 -53.966885
31350.000000 -53.972115
31400.000000 -54.113766
31450.000000 -55.347878
31500.000000 -56.449333
31550.000000 -58.797855
31600.000000 -58.915554
31650.000000 -60.872169
31700.000000 -61.734482
31750.000000 -61.437012
31800.000000 -60.347477
31850.000000 -60.159439
31900.000000 -59.041393
31950.000000 -57.851460
32000.000000 -56.436394
32050.000000 -55.279877
32100.000000 -54.247372
32150.000000 -53.979004
32200.000000 -53.968540
32250.000000 -53.942173
32300.000000 -53.942104
32350.000000 -53.958157
32400.000000 -53.930763
32450.000000 -53.979069
32500.000000 -54.076160
32550.000000 -54.985207
32600.000000 -56.051716
32650.000000 -56.393940
32700.000000 -56.973129
32750.000000 -58.728771
32800.000000 -58.236370
32850.000000 -57.683170
32900.000000 -56.600883
32950.000000 -55.376392
33000.000000 -54.440666
33050.000000 -53.979202
33100.000000 -53.951084
33150.000000 -53.942963
33200.000000 -53.978806
33250.000000 -53.978939
33300.000000 -53.964039
33350.000000 -53.943558
33400.000000 -53.940590
33450.000000 -53.978806
33500.000000 -54.569145
33550.000000 -55.458584
33600.000000 -56.468285
33650.000000 -57.015785
33700.000000 -58.016541
33750.000000 -60.276863
33800.000000 -59.789711
33850.000000 -58.459690
33900.000000 -57.403599
33950.000000 -56.768730
34000.000000 -55.638634
34050.000000 -54.794247
34100.000000 -53.976421
34150.000000 -53.966488
34200.000000 -53.925888
34250.000000 -53.951878
34300.000000 -53.952869
34350.000000 -53.926220
34400.000000 -53.965298
34450.000000 -53.979336
34500.000000 -54.941639
34550.000000 -55.916492
34600.000000 -57.325905
34650.000000 -58.628937
34700.000000 -59.508797
34750.000000 -59.505917
34800.000000 -59.713467
34850.000000 -58.958004
34900.000000 -58.659439
34950.000000 -57.784145
35000.000000 -56.348991
35050.000000 -55.124107
35100.000000 -54.107239
35150.000000 -53.975822
35200.000000 -53.924442
35250.000000 -53.917595
35300.000000 -53.941643
35350.000000 -53.921150
35400.000000 -53.973705
35450.000000 -53.978672
35500.000000 -53.978008
35550.000000 -54.800140
35600.000000 -55.921379
35650.000000 -56.980808
35700.000000 -58.196236
35750.000000 -58.383438
35800.000000 -58.408226
35850.000000 -58.416840
35900.000000 -57.575230
35950.000000 -56.546124
36000.000000 -55.419697
36050.000000 -54.855747
36100.000000 -53.979137
36150.000000 -53.973705
36200.000000 -53.942238
36250.000000 -53.938477
36300.000000 -53.962917
36350.000000 -53.945339
36400.000000 -53.928196
36450.000000 -53.959541
36500.000000 -53.978008
36550.000000 -54.734329
36600.000000 -55.787094
36650.000000 -57.116096
36700.000000 -57.670490
36750.000000 -59.022072
36800.000000 -59.964554
36850.000000 -60.067459
36900.000000 -58.623508
36950.000000 -58.000732
37000.000000 -56.639866
37050.000000 -55.136967
37100.000000 -54.147751
37150.000000 -53.977745
37200.000000 -53.950954
37250.000000 -53.933468
37300.000000 -53.931358
37350.000000 -53.947716
37400.000000 -53.921478
37450.000000 -53.979401
37500.000000 -53.978142
37550.000000 -54.905807
37600.000000 -55.970413
37650.000000 -57.005543
37700.000000 -58.260853
37750.000000 -59.682487
37800.000000 -60.183769
37850.000000 -60.051846
37900.000000 -58.313194
37950.000000 -58.077190
38000.000000 -56.734352
38050.000000 -55.699821
38100.000000 -54.682152
38150.000000 -53.977146
38200.000000 -53.976620
38250.000000 -53.951614
38300.000000 -53.968143
38350.000000 -53.969334
38400.000000 -53.931488
38450.000000 -53.979401
38500.000000 -53.975758
38550.000000 -54.205238
38600.000000 -55.661377
38650.000000 -56.745739
38700.000000 -57.380142
38750.000000 -57.727642
38800.000000 -58.894638
38850.000000 -58.481918
38900.000000 -58.322475
38950.000000 -57.127037
39000.000000 -56.635094
39050.000000 -55.470219
39100.000000 -54.799923
39150.000000 -53.977547
39200.000000 -53.952675
39250.000000 -53.938278
39300.000000 -53.949566
39350.000000 -53.942303
39400.000000 -53.917133
39450.000000 -53.923649
39500.000000 -53.972446
39550.000000 -53.999504
39600.000000 -55.073071
39650.000000 -55.926769
39700.000000 -56.887024
39750.000000 -58.187725
39800.000000 -58.693237
39850.000000 -57.800694
39900.000000 -57.767010
39950.000000 -57.862648
40000.000000 -56.210049
