0.000000 -66.718254
50.000000 -65.668655
100.000000 -63.739574
150.000000 -60.542641
200.000000 -58.343262
250.000000 -56.410843
300.000000 -54.792858
350.000000 -54.074284
400.000000 -53.949696
450.000000 -53.966885
500.000000 -53.958420
550.000000 -53.954918
600.000000 -53.968075
650.000000 -53.969864
700.000000 -53.960339
750.000000 -54.676979
800.000000 -56.181728
850.000000 -56.684444
900.000000 -57.491722
950.000000 -58.500748
1000.000000 -56.140327
1050.000000 -56.172340
1100.000000 -54.606888
1150.000000 -54.862934
1200.000000 -54.425724
1250.000000 -56.069736
1300.000000 -58.739311
1350.000000 -61.787888
1400.000000 -64.942825
1450.000000 -64.630768
1500.000000 -60.118904
1550.000000 -57.109634
1600.000000 -54.884747
1650.000000 -54.601761
1700.000000 -53.976021
1750.000000 -53.960140
1800.000000 -53.965893
1850.000000 -54.553982
1900.000000 -54.363300
1950.000000 -54.390285
2000.000000 -54.713825
2050.000000 -54.499916
2100.000000 -55.228535
2150.000000 -56.547104
2200.000000 -57.769676
2250.000000 -57.532627
2300.000000 -58.465240
2350.000000 -56.970688
2400.000000 -58.106022
2450.000000 -57.051010
2500.000000 -56.002140
2550.000000 -55.372971
2600.000000 -53.948311
2650.000000 -54.375015
2700.000000 -55.529743
2750.000000 -55.432693
2800.000000 -55.513599
2850.000000 -55.253590
2900.000000 -56.282909
2950.000000 -56.479149
3000.000000 -55.307785
3050.000000 -55.252209
3100.000000 -54.614513
3150.000000 -54.508575
3200.000000 -54.949047
3250.000000 -55.879139
3300.000000 -58.010952
3350.000000 -61.802719
3400.000000 -66.067116
3450.000000 -63.510635
3500.000000 -62.211128
3550.000000 -59.218975
3600.000000 -56.658428
3650.000000 -54.459206
3700.000000 -54.515411
3750.000000 -54.254963
3800.000000 -54.602547
3850.000000 -55.882103
3900.000000 -54.947861
3950.000000 -55.831516
4000.000000 -54.873356
4050.000000 -54.826473
4100.000000 -54.415264
4150.000000 -54.645084
4200.000000 -55.075855
4250.000000 -57.943226
4300.000000 -58.884026
4350.000000 -60.044247
4400.000000 -59.870296
4450.000000 -61.478867
4500.000000 -59.510300
4550.000000 -57.902634
4600.000000 -56.415932
4650.000000 -55.343922
4700.000000 -54.388412
4750.000000 -54.558727
4800.000000 -54.620434
4850.000000 -56.554943
4900.000000 -57.507324
4950.000000 -56.833107
5000.000000 -56.595058
5050.000000 -55.247150
5100.000000 -55.099495
5150.000000 -55.631256
5200.000000 -54.401688
5250.000000 -54.820633
5300.000000 -57.061115
5350.000000 -57.219501
5400.000000 -58.452702
5450.000000 -63.946480
5500.000000 -63.427837
5550.000000 -60.987373
5600.000000 -58.264000
5650.000000 -56.422256
5700.000000 -54.947269
5750.000000 -55.118362
5800.000000 -56.299080
5850.000000 -54.288544
5900.000000 -54.843002
5950.000000 -55.945030
6000.000000 -55.073898
6050.000000 -54.986843
6100.000000 -54.175903
6150.000000 -54.404472
6200.000000 -54.957199
6250.000000 -56.456825
6300.000000 -57.443600
6350.000000 -59.308838
6400.000000 -60.069595
6450.000000 -60.280693
6500.000000 -57.515587
6550.000000 -58.554893
6600.000000 -57.138756
6650.000000 -55.474075
6700.000000 -54.909790
6750.000000 -57.090458
6800.000000 -59.370007
6850.000000 -62.324009
6900.000000 -67.344971
6950.000000 -65.917831
7000.000000 -63.205334
7050.000000 -59.765297
7100.000000 -57.809238
7150.000000 -56.024334
7200.000000 -54.614445
7250.000000 -53.971054
7300.000000 -53.948509
7350.000000 -53.958088
7400.000000 -53.973106
7450.000000 -53.944088
7500.000000 -53.955311
7550.000000 -53.963840
7600.000000 -53.975956
7650.000000 -54.526978
7700.000000 -55.161228
7750.000000 -55.526653
7800.000000 -55.910698
7850.000000 -56.125889
7900.000000 -56.183605
7950.000000 -55.527924
8000.000000 -54.882320
8050.000000 -55.073750
8100.000000 -54.098839
8150.000000 -53.971584
8200.000000 -53.957561
8250.000000 -53.959213
8300.000000 -53.942371
8350.000000 -53.979401
8400.000000 -53.979202
8450.000000 -53.970261
8500.000000 -53.975163
8550.000000 -53.976353
8600.000000 -53.977016
8650.000000 -53.968010
8700.000000 -53.978340
8750.000000 -54.238831
8800.000000 -54.314541
8850.000000 -54.735195
8900.000000 -54.647373
8950.000000 -54.789440
9000.000000 -54.905735
9050.000000 -55.099720
9100.000000 -55.040066
9150.000000 -55.577564
9200.000000 -55.680042
9250.000000 -56.084076
9300.000000 -56.009754
9350.000000 -56.442989
9400.000000 -56.404972
9450.000000 -56.409790
9500.000000 -56.441673
9550.000000 -56.852730
9600.000000 -57.088371
9650.000000 -57.213730
9700.000000 -57.617943
9750.000000 -57.621067
9800.000000 -58.138584
9850.000000 -58.028252
9900.000000 -58.107513
9950.000000 -58.678654
10000.000000 -58.651264
10050.000000 -58.911934
10100.000000 -59.083874
10150.000000 -58.957886
10200.000000 -59.368896
10250.000000 -59.478661
10300.000000 -59.594131
10350.000000 -59.332985
10400.000000 -59.831341
10450.000000 -60.182011
10500.000000 -60.482746
10550.000000 -60.534180
10600.000000 -60.675991
10650.000000 -60.560574
10700.000000 -61.126431
10750.000000 -61.426540
10800.000000 -61.078278
10850.000000 -61.219269
10900.000000 -61.676579
10950.000000 -61.802879
11000.000000 -62.236809
11050.000000 -62.413139
11100.000000 -62.684170
11150.000000 -62.744675
11200.000000 -63.244335
11250.000000 -63.263805
11300.000000 -63.448513
11350.000000 -63.367279
11400.000000 -63.853245
11450.000000 -63.860065
11500.000000 -63.955879
11550.000000 -64.406021
11600.000000 -64.181358
11650.000000 -64.268013
11700.000000 -64.788040
11750.000000 -65.247574
11800.000000 -65.167191
11850.000000 -65.305969
11900.000000 -65.628532
11950.000000 -65.983040
12000.000000 -65.853371
12050.000000 -66.312531
12100.000000 -66.048477
12150.000000 -66.538025
12200.000000 -66.997879
12250.000000 -66.606659
12300.000000 -66.883835
12350.000000 -67.158051
12400.000000 -67.574905
12450.000000 -67.304001
12500.000000 -67.738106
12550.000000 -67.503242
12600.000000 -67.265373
12650.000000 -67.555275
12700.000000 -67.778580
12750.000000 -68.400383
12800.000000 -68.259644
12850.000000 -68.192329
12900.000000 -68.715248
12950.000000 -68.720673
13000.000000 -68.409447
13050.000000 -69.046463
13100.000000 -69.286339
13150.000000 -69.736763
13200.000000 -70.082245
13250.000000 -70.081818
13300.000000 -70.656792
13350.000000 -70.480049
13400.000000 -70.789345
13450.000000 -71.163559
13500.000000 -70.771004
13550.000000 -71.812561
13600.000000 -71.646851
13650.000000 -71.717049
13700.000000 -71.887245
13750.000000 -72.141983
13800.000000 -72.268944
13850.000000 -72.727081
13900.000000 -73.006332
13950.000000 -72.138229
14000.000000 -72.860634
14050.000000 -73.555969
14100.000000 -73.654991
14150.000000 -73.073532
14200.000000 -73.036003
14250.000000 -73.907600
14300.000000 -73.998108
14350.000000 -74.540680
14400.000000 -74.186760
14450.000000 -74.383064
14500.000000 -74.845711
14550.000000 -74.416451
14600.000000 -74.073479
14650.000000 -74.891228
14700.000000 -75.669975
14750.000000 -75.122444
14800.000000 -75.038193
14850.000000 -75.872787
14900.000000 -75.938141
14950.000000 -76.088898
15000.000000 -76.047600
15050.000000 -76.275055
15100.000000 -76.049278
15150.000000 -77.239929
15200.000000 -76.943146
15250.000000 -77.210075
15300.000000 -77.355476
15350.000000 -77.327171
15400.000000 -77.201431
15450.000000 -77.171715
15500.000000 -78.442177
15550.000000 -77.732033
15600.000000 -79.114464
15650.000000 -78.567139
15700.000000 -79.295876
15750.000000 -79.174515
15800.000000 -79.896713
15850.000000 -80.356590
15900.000000 -80.055313
15950.000000 -78.898148
16000.000000 -80.915512
16050.000000 -81.046082
16100.000000 -81.201447
16150.000000 -80.590317
16200.000000 -80.691628
16250.000000 -81.241112
16300.000000 -80.786873
16350.000000 -82.203789
16400.000000 -81.996185
16450.000000 -81.530251
16500.000000 -81.746307
16550.000000 -82.400734
16600.000000 -83.448715
16650.000000 -82.132339
16700.000000 -82.898743
16750.000000 -82.331116
16800.000000 -82.343262
16850.000000 -82.695740
16900.000000 -84.512772
16950.000000 -83.601852
17000.000000 -82.308617
17050.000000 -83.434929
17100.000000 -82.804878
17150.000000 -82.499138
17200.000000 -83.097145
17250.000000 -86.471611
17300.000000 -84.918747
17350.000000 -83.761826
17400.000000 -83.470428
17450.000000 -85.435844
17500.000000 -85.435844
17550.000000 -85.150635
17600.000000 -84.393265
17650.000000 -85.366737
17700.000000 -83.981209
17750.000000 -85.613602
17800.000000 -85.550598
17850.000000 -85.990974
17900.000000 -85.480568
17950.000000 -86.226608
18000.000000 -86.959709
18050.000000 -84.832787
18100.000000 -86.637917
18150.000000 -87.132713
18200.000000 -84.743080
18250.000000 -86.871559
18300.000000 -88.198807
18350.000000 -86.980408
18400.000000 -86.449303
18450.000000 -84.752243
18500.000000 -85.239822
18550.000000 -87.318466
18600.000000 -86.126755
18650.000000 -87.721657
18700.000000 -88.743500
18750.000000 -87.686264
18800.000000 -89.205269
18850.000000 -88.447586
18900.000000 -87.555603
18950.000000 -88.356964
19000.000000 -89.255135
19050.000000 -87.408188
19100.000000 -88.671272
19150.000000 -87.718437
19200.000000 -87.625473
19250.000000 -90.039627
19300.000000 -89.235924
19350.000000 -91.137741
19400.000000 -92.011581
19450.000000 -89.930847
19500.000000 -89.140495
19550.000000 -88.761650
19600.000000 -91.777023
19650.000000 -91.258011
19700.000000 -90.330757
19750.000000 -92.214706
19800.000000 -91.468857
19850.000000 -90.231194
19900.000000 -93.241142
19950.000000 -91.080597
20000.000000 -90.073380
20050.000000 -89.182350
20100.000000 -86.971527
20150.000000 -88.171600
20200.000000 -89.347946
20250.000000 -89.753868
20300.000000 -92.439331
20350.000000 -91.523628
20400.000000 -91.664619
20450.000000 -93.228981
20500.000000 -93.846062
20550.000000 -95.275749
20600.000000 -93.042564
20650.000000 -94.566902
20700.000000 -91.995750
20750.000000 -94.681099
20800.000000 -96.269043
20850.000000 -94.884628
20900.000000 -93.481834
20950.000000 -92.150047
21000.000000 -93.833023
21050.000000 -94.315323
21100.000000 -97.206268
21150.000000 -90.374405
21200.000000 -93.481834
21250.000000 -93.036621
21300.000000 -92.825386
21350.000000 -92.406097
21400.000000 -96.666130
21450.000000 -91.523628
21500.000000 -89.852203
21550.000000 -92.767357
21600.000000 -90.650032
21650.000000 -89.947495
21700.000000 -92.198502
21750.000000 -92.687035
21800.000000 -94.833298
21850.000000 -88.447586
21900.000000 -92.767357
21950.000000 -92.433784
22000.000000 -91.838959
22050.000000 -91.568695
22100.000000 -89.709167
22150.000000 -88.667671
22200.000000 -88.103958
22250.000000 -92.883400
22300.000000 -92.117897
22350.000000 -92.334518
22400.000000 -90.745407
22450.000000 -88.508621
22500.000000 -87.442467
22550.000000 -92.506195
22600.000000 -91.624100
22650.000000 -89.386917
22700.000000 -91.953659
22750.000000 -93.450600
22800.000000 -90.695320
22850.000000 -88.656898
22900.000000 -91.543625
22950.000000 -90.800377
23000.000000 -91.844139
23050.000000 -92.664223
23100.000000 -93.060432
23150.000000 -90.322052
23200.000000 -91.508652
23250.000000 -91.204887
23300.000000 -89.186165
23350.000000 -92.450439
23400.000000 -91.720642
23450.000000 -92.274406
23500.000000 -91.424301
23550.000000 -92.361977
23600.000000 -89.701065
23650.000000 -88.053558
23700.000000 -90.128502
23750.000000 -91.518654
23800.000000 -92.053955
23850.000000 -89.098831
23900.000000 -91.990479
23950.000000 -96.191757
24000.000000 -90.659065
24050.000000 -92.500603
24100.000000 -94.489258
24150.000000 -94.928871
24200.000000 -92.947891
24250.000000 -89.860451
24300.000000 -89.524696
24350.000000 -94.017418
24400.000000 -91.802780
24450.000000 -88.454597
24500.000000 -92.669922
24550.000000 -91.483757
24600.000000 -91.807938
24650.000000 -91.797623
24700.000000 -90.031212
24750.000000 -91.756477
24800.000000 -89.038589
24850.000000 -87.190147
24900.000000 -90.001823
24950.000000 -89.905930
25000.000000 -92.307144
25050.000000 -90.209694
25100.000000 -90.897430
25150.000000 -88.878738
25200.000000 -88.349991
25250.000000 -86.493973
25300.000000 -89.660667
25350.000000 -87.744255
25400.000000 -86.845284
25450.000000 -87.773590
25500.000000 -89.410385
25550.000000 -88.250053
25600.000000 -88.260338
25650.000000 -90.387543
25700.000000 -89.552521
25750.000000 -91.705322
25800.000000 -88.776199
25850.000000 -91.004982
25900.000000 -91.444077
25950.000000 -89.367416
26000.000000 -90.098793
26050.000000 -87.947021
26100.000000 -89.293686
26150.000000 -88.820000
26200.000000 -90.387543
26250.000000 -92.930260
26300.000000 -91.644333
26350.000000 -92.209305
26400.000000 -90.231194
26450.000000 -90.677177
26500.000000 -91.166451
26550.000000 -91.875290
26600.000000 -93.138275
26650.000000 -88.986221
26700.000000 -66.931984
26750.000000 -59.242268
26800.000000 -54.588394
26850.000000 -53.973904
26900.000000 -53.974365
26950.000000 -54.671665
27000.000000 -54.676762
27050.000000 -54.379456
27100.000000 -54.404961
27150.000000 -54.658257
27200.000000 -54.905441
27250.000000 -54.073143
27300.000000 -54.070263
27350.000000 -53.971054
27400.000000 -55.346401
27450.000000 -55.479744
27500.000000 -55.063084
27550.000000 -54.123665
27600.000000 -55.865128
27650.000000 -55.184040
27700.000000 -53.969002
27750.000000 -53.981720
27800.000000 -53.975559
27850.000000 -53.963047
27900.000000 -53.948376
27950.000000 -54.427467
28000.000000 -54.155186
28050.000000 -56.095146
28100.000000 -58.894287
28150.000000 -59.795147
28200.000000 -57.597313
28250.000000 -56.751659
28300.000000 -54.543934
28350.000000 -54.312336
28400.000000 -53.975758
28450.000000 -53.966160
28500.000000 -53.942501
28550.000000 -54.362331
28600.000000 -54.665787
28650.000000 -56.403656
28700.000000 -58.151218
28750.000000 -58.036076
28800.000000 -58.972240
28850.000000 -57.085529
28900.000000 -56.030880
28950.000000 -54.446190
29000.000000 -54.368153
29050.000000 -54.829178
29100.000000 -54.891148
29150.000000 -56.190357
29200.000000 -56.546841
29250.000000 -57.602844
29300.000000 -59.557278
29350.000000 -59.676102
29400.000000 -59.315697
29450.000000 -60.039852
29500.000000 -58.137196
29550.000000 -57.892540
29600.000000 -55.719547
29650.000000 -54.710579
29700.000000 -54.692215
29750.000000 -55.749966
29800.000000 -54.321083
29850.000000 -55.395874
29900.000000 -57.410683
29950.000000 -58.669891
30000.000000 -60.173759
30050.000000 -59.900116
30100.000000 -58.050358
30150.000000 -56.654007
30200.000000 -55.006062
30250.000000 -53.974037
30300.000000 -53.930038
30350.000000 -53.938278
30400.000000 -53.947453
30450.000000 -53.940853
30500.000000 -53.958618
30550.000000 -54.476311
30600.000000 -56.316841
30650.000000 -58.152504
30700.000000 -59.057911
30750.000000 -60.773235
30800.000000 -63.189823
30850.000000 -61.679310
30900.000000 -59.757301
30950.000000 -58.751244
31000.000000 -57.455753
31050.000000 -56.960873
31100.000000 -55.659195
31150.000000 -54.983494
31200.000000 -54.796135
31250.000000 -55.133030
31300.000000 -55.305546
31350.000000 -55.406097
31400.000000 -54.111275
31450.000000 -54.586044
31500.000000 -53.969929
31550.000000 -53.947517
31600.000000 -53.964901
31650.000000 -54.941345
31700.000000 -54.368916
31750.000000 -54.671238
31800.000000 -56.330120
31850.000000 -58.307629
31900.000000 -59.943722
31950.000000 -61.701855
32000.000000 -60.876713
32050.000000 -59.533005
32100.000000 -57.666740
32150.000000 -56.222469
32200.000000 -54.488880
32250.000000 -53.957031
32300.000000 -53.975029
32350.000000 -53.969200
32400.000000 -53.955841
32450.000000 -53.954651
32500.000000 -53.960667
32550.000000 -53.975094
32600.000000 -54.024048
32650.000000 -54.590023
32700.000000 -55.840298
32750.000000 -56.711090
32800.000000 -59.222851
32850.000000 -60.394646
32900.000000 -64.360794
32950.000000 -67.877472
33000.000000 -66.433159
33050.000000 -65.859352
33100.000000 -62.403694
33150.000000 -59.566097
33200.000000 -57.375240
33250.000000 -55.976246
33300.000000 -54.757710
33350.000000 -54.722050
33400.000000 -54.643223
33450.000000 -53.955711
33500.000000 -53.958420
33550.000000 -53.960007
33600.000000 -53.965099
33650.000000 -53.972843
33700.000000 -54.111008
33750.000000 -55.667561
33800.000000 -57.082500
33850.000000 -59.793087
33900.000000 -61.785770
33950.000000 -62.816231
34000.000000 -64.087067
34050.000000 -61.471954
34100.000000 -59.886108
34150.000000 -57.569118
34200.000000 -55.777634
34250.000000 -54.523380
34300.000000 -54.267555
34350.000000 -53.970329
34400.000000 -53.966885
34450.000000 -53.978077
34500.000000 -53.977215
34550.000000 -54.071945
34600.000000 -53.966225
34650.000000 -54.627792
34700.000000 -54.278458
34750.000000 -54.835026
34800.000000 -56.732445
34850.000000 -58.673420
34900.000000 -61.037560
34950.000000 -64.571793
35000.000000 -69.475616
35050.000000 -67.377449
35100.000000 -63.841892
35150.000000 -60.403526
35200.000000 -58.137089
35250.000000 -56.225819
35300.000000 -54.660625
35350.000000 -53.977215
35400.000000 -53.976154
35450.000000 -53.971054
35500.000000 -53.969666
35550.000000 -53.967350
35600.000000 -53.967812
35650.000000 -53.956501
35700.000000 -54.300297
35750.000000 -55.240173
35800.000000 -56.963768
35850.000000 -58.781944
35900.000000 -61.453762
35950.000000 -64.280800
36000.000000 -65.093025
36050.000000 -66.103432
36100.000000 -61.715569
36150.000000 -59.567989
36200.000000 -57.734379
36250.000000 -55.896225
36300.000000 -54.875340
36350.000000 -54.061428
36400.000000 -54.701572
36450.000000 -53.992798
36500.000000 -53.954388
36550.000000 -53.953068
36600.000000 -53.955711
36650.000000 -54.495556
36700.000000 -54.320053
36750.000000 -54.292801
36800.000000 -55.779835
36850.000000 -57.538715
36900.000000 -59.652386
36950.000000 -62.738678
37000.000000 -63.043907
37050.000000 -64.106606
37100.000000 -61.008633
37150.000000 -61.010120
37200.000000 -58.454033
37250.000000 -56.576912
37300.000000 -55.063831
37350.000000 -54.077900
37400.000000 -54.169266
37450.000000 -53.968803
37500.000000 -53.965363
37550.000000 -53.967613
37600.000000 -53.969135
37650.000000 -53.951019
37700.000000 -53.956703
37750.000000 -54.640789
37800.000000 -55.726593
37850.000000 -57.420925
37900.000000 -59.200943
37950.000000 -62.170536
38000.000000 -63.209171
38050.000000 -66.865997
38100.000000 -63.114376
38150.000000 -61.853760
38200.000000 -59.381233
38250.000000 -57.343655
38300.000000 -55.631577
38350.000000 -54.225872
38400.000000 -53.971851
38450.000000 -53.969864
38500.000000 -53.965828
38550.000000 -53.956039
38600.000000 -53.967747
38650.000000 -53.969730
38700.000000 -53.963116
38750.000000 -53.978870
38800.000000 -55.080372
38850.000000 -56.742367
38900.000000 -58.551300
38950.000000 -61.213020
39000.000000 -64.990486
39050.000000 -66.574677
39100.000000 -64.395676
39150.000000 -62.259472
39200.000000 -59.891605
39250.000000 -57.734783
39300.000000 -56.132000
39350.000000 -54.570496
39400.000000 -53.969997
39450.000000 -53.972908
39500.000000 -53.972179
39550.000000 -53.976089
39600.000000 -53.968075
39650.000000 -53.965694
39700.000000 -53.972908
39750.000000 -54.074150
39800.000000 -54.699631
39850.000000 -56.187366
39900.000000 -57.921394
39950.000000 -60.230061
40000.000000 -62.488358
