0.000000 -53.948246
50.000000 -53.940983
100.000000 -53.946331
150.000000 -53.942764
200.000000 -53.976154
250.000000 -53.975491
300.000000 -54.332603
350.000000 -54.758942
400.000000 -55.314507
450.000000 -55.376160
500.000000 -55.255203
550.000000 -55.053478
600.000000 -54.698261
650.000000 -54.475044
700.000000 -54.215309
750.000000 -53.970394
800.000000 -53.957165
850.000000 -53.951347
900.000000 -53.945339
950.000000 -53.952473
1000.000000 -53.920952
1050.000000 -53.948772
1100.000000 -53.937489
1150.000000 -53.946659
1200.000000 -53.970791
1250.000000 -54.168179
1300.000000 -54.230030
1350.000000 -54.936386
1400.000000 -55.560535
1450.000000 -55.090000
1500.000000 -56.825928
1550.000000 -55.748177
1600.000000 -55.142647
1650.000000 -54.811291
1700.000000 -55.790848
1750.000000 -55.325497
1800.000000 -54.056618
1850.000000 -53.960072
1900.000000 -53.972645
1950.000000 -53.948708
2000.000000 -53.927799
2050.000000 -53.939732
2100.000000 -53.945602
2150.000000 -53.930500
2200.000000 -53.961990
2250.000000 -53.976353
2300.000000 -54.034912
2350.000000 -54.544712
2400.000000 -54.742645
2450.000000 -55.026672
2500.000000 -55.453949
2550.000000 -56.013943
2600.000000 -55.865620
2650.000000 -54.635071
2700.000000 -54.660049
2750.000000 -53.974499
2800.000000 -53.960007
2850.000000 -53.959476
2900.000000 -53.940456
2950.000000 -53.937553
3000.000000 -53.938015
3050.000000 -53.942699
3100.000000 -53.926746
3150.000000 -53.957031
3200.000000 -53.943031
3250.000000 -53.976883
3300.000000 -53.971455
3350.000000 -54.486420
3400.000000 -54.891075
3450.000000 -55.138405
3500.000000 -55.856239
3550.000000 -55.809975
3600.000000 -55.253361
3650.000000 -55.287422
3700.000000 -54.638004
3750.000000 -54.353127
3800.000000 -53.975689
3850.000000 -53.969002
3900.000000 -53.948574
3950.000000 -53.948509
4000.000000 -53.905891
4050.000000 -53.941250
4100.000000 -53.945869
4150.000000 -53.950027
4200.000000 -53.964172
4250.000000 -54.076294
4300.000000 -53.974365
4350.000000 -54.180519
4400.000000 -54.373905
4450.000000 -54.583412
4500.000000 -55.217522
4550.000000 -55.174225
4600.000000 -55.453159
4650.000000 -55.421886
4700.000000 -54.783695
4750.000000 -54.290741
4800.000000 -53.971783
4850.000000 -53.976421
4900.000000 -53.960339
4950.000000 -53.940788
5000.000000 -53.928852
5050.000000 -53.938675
5100.000000 -53.945339
5150.000000 -53.961132
5200.000000 -53.950554
5250.000000 -53.940788
5300.000000 -53.974895
5350.000000 -53.977745
5400.000000 -54.830128
5450.000000 -55.014198
5500.000000 -55.755165
5550.000000 -55.688671
5600.000000 -55.488174
5650.000000 -55.522934
5700.000000 -55.122822
5750.000000 -54.547115
5800.000000 -54.185875
5850.000000 -53.977879
5900.000000 -53.978539
5950.000000 -53.954124
6000.000000 -53.928589
6050.000000 -53.939667
6100.000000 -53.957230
6150.000000 -53.946991
6200.000000 -53.930565
6250.000000 -53.949764
6300.000000 -53.959610
6350.000000 -54.370785
6400.000000 -54.166218
6450.000000 -55.009418
6500.000000 -54.616512
6550.000000 -53.972378
6600.000000 -53.945141
6650.000000 -53.970329
6700.000000 -53.931820
6750.000000 -53.936432
6800.000000 -54.945415
6850.000000 -54.508366
6900.000000 -54.650879
6950.000000 -54.372726
7000.000000 -53.974766
7050.000000 -53.976883
7100.000000 -53.972778
7150.000000 -53.968010
7200.000000 -54.018520
7250.000000 -54.293491
7300.000000 -54.365242
7350.000000 -54.666573
7400.000000 -54.336678
7450.000000 -54.351742
7500.000000 -54.780354
7550.000000 -54.971600
7600.000000 -54.906471
7650.000000 -55.248299
7700.000000 -55.217369
7750.000000 -55.662418
7800.000000 -55.931580
7850.000000 -56.138626
7900.000000 -56.519447
7950.000000 -56.561630
8000.000000 -56.872494
8050.000000 -57.069813
8100.000000 -57.381123
8150.000000 -57.536022
8200.000000 -57.873638
8250.000000 -57.948875
8300.000000 -57.690990
8350.000000 -58.246548
8400.000000 -58.449150
8450.000000 -58.603283
8500.000000 -58.668415
8550.000000 -58.819344
8600.000000 -58.687653
8650.000000 -59.136990
8700.000000 -59.064690
8750.000000 -59.750351
8800.000000 -59.781181
8850.000000 -60.002388
8900.000000 -60.559586
8950.000000 -60.571468
9000.000000 -60.711594
9050.000000 -60.713894
9100.000000 -60.953434
9150.000000 -61.203423
9200.000000 -60.726711
9250.000000 -61.189121
9300.000000 -61.499317
9350.000000 -61.415771
9400.000000 -61.672401
9450.000000 -61.547333
9500.000000 -62.227043
9550.000000 -62.138096
9600.000000 -62.164921
9650.000000 -62.350548
9700.000000 -62.257236
9750.000000 -63.059349
9800.000000 -63.073311
9850.000000 -63.184082
9900.000000 -63.806076
9950.000000 -64.040726
10000.000000 -64.449486
10050.000000 -64.928551
10100.000000 -64.835091
10150.000000 -64.970970
10200.000000 -65.076370
10250.000000 -65.102325
10300.000000 -65.378044
10350.000000 -65.449974
10400.000000 -65.803070
10450.000000 -65.312561
10500.000000 -65.856750
10550.000000 -66.132385
10600.000000 -65.797905
10650.000000 -66.562820
10700.000000 -66.758560
10750.000000 -66.875931
10800.000000 -67.288040
10850.000000 -67.568886
10900.000000 -67.742630
10950.000000 -67.771767
11000.000000 -68.504189
11050.000000 -68.454582
11100.000000 -68.372887
11150.000000 -68.784935
11200.000000 -68.569000
11250.000000 -68.847107
11300.000000 -69.357277
11350.000000 -69.301018
11400.000000 -69.642540
11450.000000 -69.638115
11500.000000 -69.822983
11550.000000 -69.831200
11600.000000 -70.238495
11650.000000 -70.498230
11700.000000 -70.414299
11750.000000 -70.695755
11800.000000 -70.421341
11850.000000 -70.888123
11900.000000 -70.973969
11950.000000 -71.227531
12000.000000 -71.161163
12050.000000 -71.236221
12100.000000 -71.788841
12150.000000 -71.816177
12200.000000 -71.538605
12250.000000 -72.560028
12300.000000 -72.851898
12350.000000 -72.723640
12400.000000 -72.794464
12450.000000 -73.248428
12500.000000 -73.327988
12550.000000 -73.022339
12600.000000 -73.645424
12650.000000 -73.588219
12700.000000 -74.201706
12750.000000 -74.164391
12800.000000 -74.589600
12850.000000 -74.710579
12900.000000 -74.606674
12950.000000 -75.341362
13000.000000 -75.092262
13050.000000 -75.090004
13100.000000 -75.739494
13150.000000 -75.349899
13200.000000 -76.190018
13250.000000 -76.244896
13300.000000 -76.241455
13350.000000 -76.392365
13400.000000 -76.461761
13450.000000 -77.214882
13500.000000 -77.039696
13550.000000 -77.133514
13600.000000 -77.502357
13650.000000 -77.717751
13700.000000 -78.128860
13750.000000 -76.833847
13800.000000 -77.991051
13850.000000 -78.128860
13900.000000 -78.403488
13950.000000 -79.157654
14000.000000 -78.754570
14050.000000 -79.317902
14100.000000 -79.837975
14150.000000 -79.558922
14200.000000 -79.000313
14250.000000 -78.036392
14300.000000 -79.808105
14350.000000 -80.035332
14400.000000 -79.671768
14450.000000 -80.008759
14500.000000 -80.843643
14550.000000 -79.780922
14600.000000 -80.477570
14650.000000 -81.347260
14700.000000 -80.574730
14750.000000 -80.331772
14800.000000 -80.688759
14850.000000 -79.599327
14900.000000 -80.874374
14950.000000 -80.871437
15000.000000 -81.762527
15050.000000 -81.267143
15100.000000 -81.201447
15150.000000 -81.549240
15200.000000 -81.553993
15250.000000 -81.648018
15300.000000 -81.601677
15350.000000 -81.293251
15400.000000 -82.784767
15450.000000 -82.701164
15500.000000 -82.236305
15550.000000 -81.923111
15600.000000 -82.250031
15650.000000 -82.433990
15700.000000 -82.358894
15750.000000 -82.607613
15800.000000 -82.412971
15850.000000 -82.919121
15900.000000 -82.913559
15950.000000 -82.048042
16000.000000 -82.702972
16050.000000 -82.657860
16100.000000 -83.089569
16150.000000 -82.670464
16200.000000 -83.284721
16250.000000 -82.435745
16300.000000 -83.565811
16350.000000 -83.340965
16400.000000 -82.595093
16450.000000 -84.472755
16500.000000 -84.676979
16550.000000 -86.075920
16600.000000 -84.805084
16650.000000 -84.152672
16700.000000 -84.371315
16750.000000 -85.093277
16800.000000 -83.563812
16850.000000 -84.865211
16900.000000 -84.182648
16950.000000 -84.508316
17000.000000 -84.004295
17050.000000 -84.073929
17100.000000 -84.095139
17150.000000 -84.699715
17200.000000 -84.114273
17250.000000 -83.255707
17300.000000 -84.909416
17350.000000 -85.347092
17400.000000 -85.930428
17450.000000 -85.450729
17500.000000 -85.862488
17550.000000 -84.921082
17600.000000 -84.982025
17650.000000 -85.261658
17700.000000 -84.932785
17750.000000 -84.219200
17800.000000 -85.844284
17850.000000 -84.472755
17900.000000 -84.665634
17950.000000 -83.240303
18000.000000 -86.041313
18050.000000 -84.844353
18100.000000 -85.710251
18150.000000 -86.643616
18200.000000 -87.039818
18250.000000 -86.839455
18300.000000 -85.138657
18350.000000 -85.193909
18400.000000 -83.983307
18450.000000 -86.924339
18500.000000 -86.188690
18550.000000 -85.951439
18600.000000 -86.283798
18650.000000 -86.977448
18700.000000 -87.439346
18750.000000 -87.257126
18800.000000 -85.933052
18850.000000 -86.939056
18900.000000 -85.813171
18950.000000 -86.322136
19000.000000 -88.642540
19050.000000 -89.159492
19100.000000 -90.800377
19150.000000 -88.256905
19200.000000 -86.169792
19250.000000 -87.828712
19300.000000 -89.778351
19350.000000 -87.241859
19400.000000 -89.989250
19450.000000 -87.401978
19500.000000 -89.672768
19550.000000 -87.171974
19600.000000 -90.149796
19650.000000 -91.258011
19700.000000 -91.896156
19750.000000 -91.766747
19800.000000 -90.902077
19850.000000 -90.158325
19900.000000 -89.457504
19950.000000 -89.004890
20000.000000 -90.001854
20050.000000 -93.042564
20100.000000 -88.433578
20150.000000 -89.620453
20200.000000 -88.070328
20250.000000 -92.069893
20300.000000 -95.972275
20350.000000 -91.498688
20400.000000 -91.171249
20450.000000 -90.627480
20500.000000 -89.406471
20550.000000 -88.246628
20600.000000 -91.444077
20650.000000 -91.128189
20700.000000 -92.203896
20750.000000 -92.329033
20800.000000 -92.461563
20850.000000 -93.413269
20900.000000 -93.054474
20950.000000 -92.478271
21000.000000 -90.976799
21050.000000 -94.595314
21100.000000 -94.454193
21150.000000 -93.228981
21200.000000 -91.291992
21250.000000 -91.488731
21300.000000 -94.024071
21350.000000 -95.493881
21400.000000 -91.771881
21450.000000 -94.767746
21500.000000 -92.918518
21550.000000 -94.349831
21600.000000 -93.369919
21650.000000 -94.287819
21700.000000 -94.496284
21750.000000 -93.957718
21800.000000 -92.836800
21850.000000 -92.664223
21900.000000 -92.506195
21950.000000 -93.431915
22000.000000 -95.040466
22050.000000 -93.228981
22100.000000 -96.913399
22150.000000 -89.819305
22200.000000 -89.819305
22250.000000 -91.019112
22300.000000 -90.763695
22350.000000 -92.236366
22400.000000 -92.692749
22450.000000 -90.542297
22500.000000 -90.569107
22550.000000 -90.209694
22600.000000 -88.729004
22650.000000 -90.795784
22700.000000 -89.684883
22750.000000 -88.893486
22800.000000 -89.745728
22850.000000 -89.951660
22900.000000 -89.544563
22950.000000 -90.650032
23000.000000 -87.584114
23050.000000 -90.791191
23100.000000 -91.360344
23150.000000 -88.274071
23200.000000 -88.521523
23250.000000 -90.511124
23300.000000 -92.384010
23350.000000 -90.086067
23400.000000 -92.361977
23450.000000 -89.774261
23500.000000 -89.481163
23550.000000 -92.318085
23600.000000 -93.054474
23650.000000 -88.845650
23700.000000 -90.699860
23750.000000 -90.239807
23800.000000 -91.161659
23850.000000 -93.102264
23900.000000 -91.629158
23950.000000 -88.801720
24000.000000 -92.053955
24050.000000 -90.690781
24100.000000 -90.944031
24150.000000 -90.098778
24200.000000 -93.162369
24250.000000 -98.377098
24300.000000 -92.813591
24350.000000 -92.601799
24400.000000 -95.368568
24450.000000 -93.671631
24500.000000 -92.819382
24550.000000 -93.891861
24600.000000 -95.438835
24650.000000 -91.700226
24700.000000 -91.439125
24750.000000 -90.427071
24800.000000 -95.889313
24850.000000 -92.290756
24900.000000 -93.684433
24950.000000 -94.356750
25000.000000 -90.244118
25050.000000 -91.901337
25100.000000 -91.335869
25150.000000 -93.438164
25200.000000 -92.495010
25250.000000 -89.375214
25300.000000 -93.748726
25350.000000 -94.936264
25400.000000 -93.247231
25450.000000 -90.587021
25500.000000 -89.692978
25550.000000 -91.316338
25600.000000 -89.905930
25650.000000 -89.905930
25700.000000 -91.238655
25750.000000 -93.582764
25800.000000 -90.387543
25850.000000 -93.198853
25900.000000 -89.745728
25950.000000 -90.981491
26000.000000 -91.394722
26050.000000 -90.878860
26100.000000 -89.997627
26150.000000 -89.592415
26200.000000 -89.102615
26250.000000 -88.986221
26300.000000 -88.461617
26350.000000 -89.697021
26400.000000 -89.584427
26450.000000 -88.578255
26500.000000 -89.068680
26550.000000 -66.233124
26600.000000 -59.280609
26650.000000 -54.961205
26700.000000 -54.809906
26750.000000 -55.138859
26800.000000 -57.608086
26850.000000 -59.730152
26900.000000 -64.652031
26950.000000 -62.151329
27000.000000 -59.855289
27050.000000 -57.850323
27100.000000 -56.064003
27150.000000 -55.714043
27200.000000 -55.697956
27250.000000 -55.631817
27300.000000 -55.395092
27350.000000 -55.114285
27400.000000 -53.978405
27450.000000 -53.974499
27500.000000 -53.988682
27550.000000 -54.359425
27600.000000 -55.872456
27650.000000 -57.762604
27700.000000 -59.975250
27750.000000 -58.121700
27800.000000 -56.045910
27850.000000 -54.736496
27900.000000 -56.669258
27950.000000 -55.320843
28000.000000 -55.721413
28050.000000 -57.119232
28100.000000 -59.137947
28150.000000 -61.579544
28200.000000 -63.725315
28250.000000 -62.616734
28300.000000 -62.533657
28350.000000 -62.449612
28400.000000 -62.173599
28450.000000 -59.664745
28500.000000 -58.829185
28550.000000 -56.964985
28600.000000 -55.454262
28650.000000 -54.721832
28700.000000 -54.208096
28750.000000 -54.577023
28800.000000 -55.128036
28850.000000 -55.739571
28900.000000 -55.462196
28950.000000 -54.600906
29000.000000 -54.451786
29050.000000 -54.616512
29100.000000 -55.426037
29150.000000 -55.790932
29200.000000 -56.842590
29250.000000 -57.543907
29300.000000 -58.241455
29350.000000 -59.108356
29400.000000 -58.594601
29450.000000 -58.793007
29500.000000 -58.173958
29550.000000 -56.684174
29600.000000 -56.563148
29650.000000 -55.678673
29700.000000 -54.587536
29750.000000 -54.271667
29800.000000 -53.966820
29850.000000 -53.962521
29900.000000 -53.975624
29950.000000 -53.976948
30000.000000 -53.967682
30050.000000 -54.090443
30100.000000 -54.126091
30150.000000 -54.557167
30200.000000 -54.432423
30250.000000 -54.797371
30300.000000 -55.201565
30350.000000 -55.341595
30400.000000 -55.299911
30450.000000 -55.308403
30500.000000 -55.356026
30550.000000 -54.740620
30600.000000 -54.719666
30650.000000 -54.164928
30700.000000 -53.977547
30750.000000 -53.976685
30800.000000 -53.956570
30850.000000 -53.953396
30900.000000 -53.943821
30950.000000 -53.977478
31000.000000 -53.979401
31050.000000 -53.968075
31100.000000 -53.966160
31150.000000 -54.492603
31200.000000 -55.381687
31250.000000 -55.108849
31300.000000 -55.373360
31350.000000 -54.734909
31400.000000 -54.559010
31450.000000 -54.313988
31500.000000 -54.196129
31550.000000 -53.975094
31600.000000 -53.976421
31650.000000 -53.978870
31700.000000 -53.958023
31750.000000 -53.941250
31800.000000 -53.941841
31850.000000 -54.073902
31900.000000 -53.915554
31950.000000 -53.923122
32000.000000 -53.925426
32050.000000 -53.930370
32100.000000 -53.937489
32150.000000 -53.963245
32200.000000 -53.973904
32250.000000 -54.155525
32300.000000 -54.877029
32350.000000 -54.605965
32400.000000 -54.938011
32450.000000 -54.851276
32500.000000 -54.272972
32550.000000 -54.059223
32600.000000 -53.978077
32650.000000 -53.958157
32700.000000 -53.941250
32750.000000 -53.954720
32800.000000 -54.356861
32850.000000 -53.930962
32900.000000 -53.911411
32950.000000 -53.940918
33000.000000 -53.918121
33050.000000 -53.943161
33100.000000 -53.963840
33150.000000 -53.971519
33200.000000 -53.973835
33250.000000 -54.294315
33300.000000 -54.486843
33350.000000 -55.122292
33400.000000 -54.944233
33450.000000 -54.857948
33500.000000 -54.355549
33550.000000 -54.340752
33600.000000 -53.990410
33650.000000 -53.990208
33700.000000 -54.005550
33750.000000 -53.938278
33800.000000 -53.942039
33850.000000 -53.930103
33900.000000 -53.926414
33950.000000 -53.946068
34000.000000 -53.941841
34050.000000 -53.949497
34100.000000 -53.970989
34150.000000 -53.975689
34200.000000 -53.977280
34250.000000 -54.316124
34300.000000 -54.473991
34350.000000 -55.078938
34400.000000 -55.162827
34450.000000 -55.150227
34500.000000 -55.179245
34550.000000 -54.651310
34600.000000 -54.540260
34650.000000 -53.978539
34700.000000 -53.969070
34750.000000 -53.965958
34800.000000 -53.945801
34850.000000 -53.961063
34900.000000 -53.939796
34950.000000 -53.979401
35000.000000 -53.941975
35050.000000 -53.939335
35100.000000 -53.952404
35150.000000 -53.973770
35200.000000 -53.974365
35250.000000 -54.609028
35300.000000 -54.899250
35350.000000 -54.926033
35400.000000 -55.468487
35450.000000 -55.044632
35500.000000 -54.926624
35550.000000 -54.682655
35600.000000 -55.029064
35650.000000 -54.478561
35700.000000 -54.023182
35750.000000 -54.665928
35800.000000 -54.017258
35850.000000 -53.964901
35900.000000 -53.940853
35950.000000 -53.953266
36000.000000 -53.950359
36050.000000 -53.949696
36100.000000 -53.952339
36150.000000 -53.974499
36200.000000 -53.971981
36250.000000 -54.061630
36300.000000 -54.487331
36350.000000 -55.242702
36400.000000 -55.002632
36450.000000 -55.781712
36500.000000 -55.541161
36550.000000 -55.345783
36600.000000 -54.983501
36650.000000 -54.314953
36700.000000 -53.976021
36750.000000 -53.970459
36800.000000 -53.950161
36850.000000 -53.958157
36900.000000 -53.951546
36950.000000 -53.978474
37000.000000 -53.979401
37050.000000 -53.968273
37100.000000 -53.926022
37150.000000 -53.975887
37200.000000 -53.972115
37250.000000 -53.974236
37300.000000 -54.581070
37350.000000 -54.636501
37400.000000 -55.003304
37450.000000 -55.193180
37500.000000 -55.156448
37550.000000 -55.249603
37600.000000 -54.909863
37650.000000 -54.586044
37700.000000 -54.138973
37750.000000 -54.331223
37800.000000 -54.082932
37850.000000 -53.960800
37900.000000 -53.954254
37950.000000 -53.951481
38000.000000 -53.941643
38050.000000 -53.963116
38100.000000 -53.938873
38150.000000 -53.956039
38200.000000 -53.966423
38250.000000 -53.973705
38300.000000 -54.404057
38350.000000 -54.403358
38400.000000 -54.813042
38450.000000 -55.333458
38500.000000 -55.225475
38550.000000 -55.394390
38600.000000 -55.025848
38650.000000 -54.769386
38700.000000 -54.445351
38750.000000 -53.975689
38800.000000 -53.969597
38850.000000 -53.962189
38900.000000 -53.961857
38950.000000 -53.934982
39000.000000 -53.935577
39050.000000 -53.944351
39100.000000 -53.926811
39150.000000 -53.958553
39200.000000 -53.945473
39250.000000 -53.975227
39300.000000 -54.038246
39350.000000 -54.497314
39400.000000 -54.946304
39450.000000 -55.171791
39500.000000 -55.812344
39550.000000 -55.410549
39600.000000 -55.493694
39650.000000 -55.025105
39700.000000 -54.582989
39750.000000 -53.976223
39800.000000 -53.976154
39850.000000 -53.958950
39900.000000 -53.958881
39950.000000 -53.952339
40000.000000 -53.969929
