0.000000 -86.218468
50.000000 -83.943565
100.000000 -83.962364
150.000000 -85.264084
200.000000 -86.592499
250.000000 -84.699715
300.000000 -84.701996
350.000000 -86.324883
400.000000 -86.248352
450.000000 -85.503014
500.000000 -85.198730
550.000000 -88.066971
600.000000 -87.300018
650.000000 -85.359360
700.000000 -85.712814
750.000000 -85.697479
800.000000 -84.633942
850.000000 -86.094612
900.000000 -86.569885
950.000000 -85.490540
1000.000000 -85.045761
1050.000000 -84.818924
1100.000000 -87.894241
1150.000000 -86.070587
1200.000000 -86.516396
1250.000000 -86.057266
1300.000000 -86.912582
1350.000000 -86.854034
1400.000000 -87.072670
1450.000000 -87.577766
1500.000000 -86.297470
1550.000000 -86.998184
1600.000000 -86.399323
1650.000000 -87.033859
1700.000000 -86.305687
1750.000000 -86.493973
1800.000000 -88.571144
1850.000000 -87.099640
1900.000000 -88.137711
1950.000000 -87.303093
2000.000000 -87.596817
2050.000000 -86.766937
2100.000000 -89.061134
2150.000000 -88.736252
2200.000000 -87.278549
2250.000000 -87.897530
2300.000000 -89.235924
2350.000000 -88.073685
2400.000000 -86.761169
2450.000000 -87.355484
2500.000000 -87.402092
2550.000000 -86.505180
2600.000000 -88.743500
2650.000000 -87.660614
2700.000000 -87.251022
2750.000000 -86.598167
2800.000000 -87.867973
2850.000000 -89.019852
2900.000000 -87.565094
2950.000000 -87.114662
3000.000000 -91.424301
3050.000000 -90.313362
3100.000000 -87.612724
3150.000000 -90.475655
3200.000000 -89.955826
3250.000000 -87.750725
3300.000000 -87.660614
3350.000000 -68.127563
3400.000000 -60.681293
3450.000000 -56.482334
3500.000000 -54.563332
3550.000000 -54.914291
3600.000000 -55.978500
3650.000000 -60.096760
3700.000000 -65.580536
3750.000000 -63.572403
3800.000000 -59.481911
3850.000000 -55.174225
3900.000000 -53.972378
3950.000000 -56.053650
4000.000000 -53.968075
4050.000000 -53.948509
4100.000000 -53.971981
4150.000000 -53.943756
4200.000000 -54.007610
4250.000000 -56.322742
4300.000000 -62.547333
4350.000000 -59.960594
4400.000000 -58.183308
4450.000000 -55.008675
4500.000000 -53.937885
4550.000000 -55.975410
4600.000000 -58.396870
4650.000000 -54.406075
4700.000000 -56.913284
4750.000000 -60.268929
4800.000000 -59.127754
4850.000000 -56.945942
4900.000000 -54.849957
4950.000000 -54.427608
5000.000000 -54.518867
5050.000000 -53.984901
5100.000000 -55.876991
5150.000000 -57.354202
5200.000000 -59.704750
5250.000000 -54.003090
5300.000000 -54.735847
5350.000000 -55.658390
5400.000000 -60.108562
5450.000000 -57.038654
5500.000000 -56.358833
5550.000000 -56.252121
5600.000000 -56.516430
5650.000000 -56.004482
5700.000000 -55.955757
5750.000000 -55.824055
5800.000000 -56.646706
5850.000000 -54.081856
5900.000000 -53.972313
5950.000000 -55.187618
6000.000000 -54.665714
6050.000000 -56.031799
6100.000000 -57.320354
6150.000000 -55.774048
6200.000000 -56.749020
6250.000000 -62.558533
6300.000000 -58.414742
6350.000000 -59.522335
6400.000000 -56.675945
6450.000000 -55.430420
6500.000000 -54.917316
6550.000000 -54.081051
6600.000000 -54.016521
6650.000000 -55.440136
6700.000000 -57.641350
6750.000000 -59.591225
6800.000000 -58.585808
6850.000000 -62.215061
6900.000000 -58.073578
6950.000000 -55.957336
7000.000000 -59.607929
7050.000000 -57.130844
7100.000000 -55.052052
7150.000000 -53.951614
7200.000000 -53.954254
7250.000000 -53.977547
7300.000000 -55.418602
7350.000000 -56.368950
7400.000000 -58.477467
7450.000000 -55.945694
7500.000000 -58.344574
7550.000000 -56.325256
7600.000000 -54.075623
7650.000000 -53.917397
7700.000000 -56.177376
7750.000000 -54.778172
7800.000000 -53.950687
7850.000000 -55.568966
7900.000000 -56.554497
7950.000000 -55.581627
8000.000000 -56.399891
8050.000000 -56.035999
8100.000000 -56.620712
8150.000000 -54.849224
8200.000000 -53.967350
8250.000000 -54.249763
8300.000000 -57.258175
8350.000000 -57.561806
8400.000000 -54.650448
8450.000000 -54.371758
8500.000000 -53.884758
8550.000000 -55.362392
8600.000000 -55.223331
8650.000000 -55.657585
8700.000000 -57.401142
8750.000000 -58.902111
8800.000000 -59.323414
8850.000000 -56.849503
8900.000000 -54.117130
8950.000000 -54.396057
9000.000000 -54.569218
9050.000000 -56.641754
9100.000000 -58.340191
9150.000000 -61.616356
9200.000000 -60.796593
9250.000000 -58.466797
9300.000000 -55.552906
9350.000000 -54.110806
9400.000000 -53.951744
9450.000000 -53.955711
9500.000000 -54.905220
9550.000000 -57.311405
9600.000000 -60.572315
9650.000000 -57.110580
9700.000000 -55.285419
9750.000000 -54.020649
9800.000000 -53.918251
9850.000000 -54.581448
9900.000000 -54.539906
9950.000000 -53.964767
10000.000000 -56.049694
10050.000000 -56.381435
10100.000000 -54.950233
10150.000000 -54.948380
10200.000000 -54.344414
10250.000000 -59.009525
10300.000000 -56.388950
10350.000000 -56.639324
10400.000000 -55.891266
10450.000000 -55.179398
10500.000000 -53.975361
10550.000000 -55.031982
10600.000000 -53.952671
10650.000000 -54.918205
10700.000000 -55.426582
10750.000000 -58.834053
10800.000000 -59.099983
10850.000000 -59.035225
10900.000000 -56.634285
10950.000000 -55.526337
11000.000000 -54.747711
11050.000000 -53.966225
11100.000000 -53.955776
11150.000000 -53.968872
11200.000000 -55.177265
11250.000000 -54.918205
11300.000000 -57.486263
11350.000000 -55.929256
11400.000000 -56.647881
11450.000000 -55.324791
11500.000000 -53.927998
11550.000000 -53.876175
11600.000000 -53.965496
11650.000000 -55.865128
11700.000000 -56.068302
11750.000000 -59.377033
11800.000000 -56.587364
11850.000000 -54.470837
11900.000000 -54.369053
11950.000000 -54.465302
12000.000000 -54.786022
12050.000000 -55.118362
12100.000000 -55.766720
12150.000000 -54.487545
12200.000000 -55.497562
12250.000000 -56.954338
12300.000000 -58.419933
12350.000000 -57.525948
12400.000000 -55.714855
12450.000000 -55.772175
12500.000000 -54.424049
12550.000000 -56.738541
12600.000000 -56.068386
12650.000000 -54.273106
12700.000000 -56.032135
12750.000000 -57.472878
12800.000000 -56.504723
12850.000000 -56.717354
12900.000000 -56.446251
12950.000000 -56.400856
13000.000000 -56.247475
13050.000000 -54.917244
13100.000000 -54.506184
13150.000000 -53.947914
13200.000000 -54.989449
13250.000000 -56.089653
13300.000000 -58.344463
13350.000000 -55.387608
13400.000000 -55.445629
13450.000000 -54.798683
13500.000000 -53.898075
13550.000000 -54.072407
13600.000000 -53.966354
13650.000000 -56.346291
13700.000000 -58.338230
13750.000000 -57.263783
13800.000000 -55.904160
13850.000000 -54.762711
13900.000000 -53.951416
13950.000000 -53.958817
14000.000000 -53.953331
14050.000000 -56.915226
14100.000000 -58.839962
14150.000000 -57.494999
14200.000000 -58.006313
14250.000000 -55.420322
14300.000000 -54.133575
14350.000000 -55.721573
14400.000000 -57.430378
14450.000000 -55.496143
14500.000000 -55.965496
14550.000000 -55.714287
14600.000000 -57.528439
14650.000000 -57.341408
14700.000000 -57.536221
14750.000000 -55.272411
14800.000000 -54.447868
14850.000000 -54.498863
14900.000000 -53.968342
14950.000000 -54.994438
15000.000000 -55.991188
15050.000000 -57.328732
15100.000000 -58.442394
15150.000000 -57.980434
15200.000000 -54.368084
15250.000000 -54.295002
15300.000000 -53.961990
15350.000000 -54.886368
15400.000000 -53.973309
15450.000000 -54.094204
15500.000000 -55.878887
15550.000000 -55.178028
15600.000000 -55.904659
15650.000000 -56.206444
15700.000000 -53.956898
15750.000000 -53.933533
15800.000000 -53.939335
15850.000000 -53.947983
15900.000000 -56.801773
15950.000000 -58.304577
16000.000000 -57.409698
16050.000000 -59.039734
16100.000000 -54.154037
16150.000000 -53.935047
16200.000000 -53.959412
16250.000000 -53.963314
16300.000000 -55.154247
16350.000000 -55.744442
16400.000000 -56.394203
16450.000000 -56.322655
16500.000000 -55.128036
16550.000000 -54.400715
16600.000000 -54.249424
16650.000000 -54.024582
16700.000000 -55.545837
16750.000000 -55.840626
16800.000000 -58.403595
16850.000000 -57.831615
16900.000000 -56.270733
16950.000000 -55.325253
17000.000000 -54.791122
17050.000000 -54.398769
17100.000000 -53.927998
17150.000000 -55.280262
17200.000000 -54.136543
17250.000000 -56.940723
17300.000000 -56.648060
17350.000000 -59.891212
17400.000000 -57.513695
17450.000000 -58.217674
17500.000000 -57.071423
17550.000000 -55.211563
17600.000000 -54.538490
17650.000000 -54.170010
17700.000000 -54.397308
17750.000000 -55.643608
17800.000000 -54.823845
17850.000000 -57.545807
17900.000000 -60.222042
17950.000000 -55.566658
18000.000000 -55.706120
18050.000000 -54.018055
18100.000000 -54.660694
18150.000000 -56.107075
18200.000000 -60.577980
18250.000000 -64.563713
18300.000000 -63.521965
18350.000000 -58.751820
18400.000000 -54.569431
18450.000000 -54.415337
18500.000000 -54.642006
18550.000000 -55.787827
18600.000000 -57.318798
18650.000000 -55.941456
18700.000000 -56.889618
18750.000000 -54.240265
18800.000000 -53.952206
18850.000000 -53.977943
18900.000000 -53.979797
18950.000000 -53.973507
19000.000000 -56.311291
19050.000000 -57.106209
19100.000000 -58.306866
19150.000000 -62.094128
19200.000000 -56.761242
19250.000000 -56.026009
19300.000000 -55.559185
19350.000000 -54.631786
19400.000000 -57.712452
19450.000000 -55.335087
19500.000000 -55.799587
19550.000000 -55.834305
19600.000000 -55.786278
19650.000000 -55.683754
19700.000000 -56.496750
19750.000000 -57.537815
19800.000000 -54.896671
19850.000000 -58.310467
19900.000000 -55.392986
19950.000000 -55.062111
20000.000000 -54.129395
20050.000000 -53.976749
20100.000000 -58.177181
20150.000000 -59.934116
20200.000000 -63.202267
20250.000000 -58.413528
20300.000000 -56.418125
20350.000000 -54.147751
20400.000000 -53.970062
20450.000000 -53.960934
20500.000000 -54.892990
20550.000000 -58.189117
20600.000000 -57.973293
20650.000000 -57.027351
20700.000000 -54.110603
20750.000000 -54.644653
20800.000000 -55.054302
20850.000000 -55.793705
20900.000000 -57.523952
20950.000000 -59.491280
21000.000000 -63.692612
21050.000000 -59.455353
21100.000000 -55.880455
21150.000000 -55.230598
21200.000000 -53.943821
21250.000000 -54.621220
21300.000000 -54.138905
21350.000000 -56.254013
21400.000000 -57.190487
21450.000000 -56.490822
21500.000000 -58.000206
21550.000000 -56.711361
21600.000000 -56.928989
21650.000000 -56.700928
21700.000000 -55.642887
21750.000000 -54.204624
21800.000000 -55.995281
21850.000000 -56.581459
21900.000000 -56.844158
21950.000000 -55.175671
22000.000000 -56.719894
22050.000000 -55.998543
22100.000000 -56.636715
22150.000000 -55.105301
22200.000000 -55.831432
22250.000000 -55.176659
22300.000000 -53.948837
22350.000000 -53.972710
22400.000000 -55.005096
22450.000000 -58.502975
22500.000000 -57.022556
22550.000000 -56.160748
22600.000000 -55.646500
22650.000000 -54.510689
22700.000000 -53.944218
22750.000000 -54.923447
22800.000000 -58.776993
22850.000000 -57.886826
22900.000000 -60.132751
22950.000000 -55.529190
23000.000000 -53.957691
23050.000000 -53.966885
23100.000000 -54.320053
23150.000000 -56.304794
23200.000000 -55.988598
23250.000000 -56.459816
23300.000000 -57.191254
23350.000000 -56.003143
23400.000000 -55.791744
23450.000000 -55.231670
23500.000000 -53.945339
23550.000000 -55.344463
23600.000000 -55.471870
23650.000000 -55.175213
23700.000000 -54.438290
23750.000000 -56.317101
23800.000000 -56.678387
23850.000000 -57.626610
23900.000000 -57.698204
23950.000000 -56.931316
24000.000000 -55.990437
24050.000000 -54.646011
24100.000000 -54.544357
24150.000000 -54.421051
24200.000000 -53.960007
24250.000000 -55.943619
24300.000000 -55.009720
24350.000000 -53.961460
24400.000000 -53.969730
24450.000000 -53.967613
24500.000000 -54.976875
24550.000000 -55.624527
24600.000000 -55.213093
24650.000000 -55.514786
24700.000000 -55.198513
24750.000000 -54.996151
24800.000000 -55.101604
24850.000000 -54.988186
24900.000000 -54.193954
24950.000000 -53.962849
25000.000000 -53.931553
25050.000000 -53.929642
25100.000000 -54.196808
25150.000000 -54.996895
25200.000000 -53.937687
25250.000000 -54.689003
25300.000000 -54.047192
25350.000000 -55.136135
25400.000000 -54.813408
25450.000000 -55.348263
25500.000000 -54.698479
25550.000000 -55.289577
25600.000000 -55.705147
25650.000000 -55.778286
25700.000000 -55.355560
25750.000000 -55.397041
25800.000000 -54.888279
25850.000000 -54.749596
25900.000000 -54.246552
25950.000000 -54.175293
26000.000000 -53.991005
26050.000000 -53.960934
26100.000000 -53.962189
26150.000000 -53.951878
26200.000000 -53.951153
26250.000000 -53.953926
26300.000000 -53.951614
26350.000000 -53.958950
26400.000000 -54.313164
26450.000000 -54.786167
26500.000000 -55.559898
26550.000000 -56.171913
26600.000000 -57.112480
26650.000000 -58.446159
26700.000000 -59.414993
26750.000000 -59.610844
26800.000000 -61.577477
26850.000000 -63.093536
26900.000000 -63.447922
26950.000000 -65.413567
27000.000000 -66.060982
27050.000000 -63.824173
27100.000000 -66.067383
27150.000000 -63.440041
27200.000000 -62.599556
27250.000000 -63.643280
27300.000000 -61.697987
27350.000000 -60.808514
27400.000000 -59.533882
27450.000000 -59.461334
27500.000000 -58.111671
27550.000000 -57.438957
27600.000000 -56.260647
27650.000000 -56.352386
27700.000000 -55.831188
27750.000000 -55.706200
27800.000000 -55.177952
27850.000000 -54.831955
27900.000000 -54.410736
27950.000000 -53.993328
28000.000000 -53.975426
28050.000000 -53.976620
28100.000000 -53.979401
28150.000000 -53.979336
28200.000000 -53.949696
28250.000000 -53.919437
28300.000000 -53.929249
28350.000000 -53.936829
28400.000000 -53.937359
28450.000000 -53.953861
28500.000000 -53.979267
28550.000000 -53.979401
28600.000000 -53.979401
28650.000000 -53.970722
28700.000000 -53.957428
28750.000000 -53.973572
28800.000000 -53.968937
28850.000000 -53.969929
28900.000000 -53.957756
28950.000000 -53.961197
29000.000000 -53.971054
29050.000000 -53.971519
29100.000000 -53.973240
29150.000000 -54.004353
29200.000000 -54.149780
29250.000000 -54.269955
29300.000000 -54.619293
29350.000000 -54.601120
29400.000000 -54.823917
29450.000000 -55.067211
29500.000000 -55.239101
29550.000000 -55.359364
29600.000000 -55.171867
29650.000000 -55.323551
29700.000000 -55.694000
29750.000000 -55.820042
29800.000000 -56.100304
29850.000000 -56.170464
29900.000000 -56.200535
29950.000000 -56.493031
30000.000000 -56.644096
30050.000000 -56.842407
30100.000000 -57.090649
30150.000000 -57.100800
30200.000000 -57.204693
30250.000000 -57.395645
30300.000000 -57.505337
30350.000000 -57.833267
30400.000000 -57.893684
30450.000000 -57.898781
30500.000000 -57.974766
30550.000000 -58.225883
30600.000000 -58.501415
30650.000000 -58.557587
30700.000000 -58.901062
30750.000000 -58.749634
30800.000000 -59.136868
30850.000000 -59.287933
30900.000000 -59.429375
30950.000000 -59.690029
31000.000000 -59.879047
31050.000000 -59.830559
31100.000000 -60.196911
31150.000000 -60.350651
31200.000000 -60.541370
31250.000000 -60.651955
31300.000000 -60.449883
31350.000000 -60.711739
31400.000000 -60.917862
31450.000000 -61.098259
31500.000000 -61.384781
31550.000000 -61.572075
31600.000000 -61.739014
31650.000000 -61.920792
31700.000000 -62.364979
31750.000000 -62.152855
31800.000000 -62.114056
31850.000000 -62.452072
31900.000000 -62.661274
31950.000000 -62.824116
32000.000000 -63.044849
32050.000000 -63.378029
32100.000000 -63.636227
32150.000000 -63.398781
32200.000000 -63.742428
32250.000000 -63.887806
32300.000000 -64.078796
32350.000000 -64.142838
32400.000000 -64.344826
32450.000000 -64.500069
32500.000000 -64.526810
32550.000000 -64.652252
32600.000000 -64.619934
32650.000000 -65.206924
32700.000000 -65.106621
32750.000000 -65.394058
32800.000000 -65.249031
32850.000000 -65.688026
32900.000000 -65.592369
32950.000000 -65.826370
33000.000000 -65.897949
33050.000000 -66.144470
33100.000000 -66.255692
33150.000000 -66.569023
33200.000000 -66.763466
33250.000000 -66.543373
33300.000000 -67.038017
33350.000000 -67.238495
33400.000000 -67.194389
33450.000000 -67.362587
33500.000000 -67.285591
33550.000000 -67.195900
33600.000000 -67.803284
33650.000000 -67.924545
33700.000000 -68.265472
33750.000000 -68.395500
33800.000000 -68.019783
33850.000000 -68.777283
33900.000000 -68.700439
33950.000000 -68.910461
34000.000000 -68.957169
34050.000000 -69.222870
34100.000000 -69.205254
34150.000000 -69.803291
34200.000000 -70.040039
34250.000000 -70.019012
34300.000000 -70.174973
34350.000000 -70.220421
34400.000000 -70.155754
34450.000000 -70.651367
34500.000000 -71.015793
34550.000000 -70.730331
34600.000000 -70.890907
34650.000000 -71.559143
34700.000000 -71.193802
34750.000000 -71.773407
34800.000000 -71.993095
34850.000000 -71.734428
34900.000000 -72.324631
34950.000000 -72.190384
35000.000000 -72.284195
35050.000000 -72.833916
35100.000000 -72.846657
35150.000000 -73.194984
35200.000000 -73.120232
35250.000000 -73.094460
35300.000000 -73.532661
35350.000000 -73.694664
35400.000000 -73.875458
35450.000000 -73.780380
35500.000000 -73.942505
35550.000000 -73.575554
35600.000000 -74.066788
35650.000000 -74.335991
35700.000000 -74.399048
35750.000000 -74.727898
35800.000000 -74.853767
35850.000000 -74.880188
35900.000000 -74.694016
35950.000000 -74.825966
36000.000000 -75.359985
36050.000000 -75.510437
36100.000000 -75.501747
36150.000000 -75.193031
36200.000000 -74.432495
36250.000000 -75.706284
36300.000000 -75.329742
36350.000000 -75.803841
36400.000000 -75.749237
36450.000000 -75.191505
36500.000000 -76.547729
36550.000000 -76.449425
36600.000000 -76.329605
36650.000000 -76.031631
36700.000000 -76.705917
36750.000000 -77.090744
36800.000000 -77.090744
36850.000000 -77.644684
36900.000000 -77.614418
36950.000000 -77.196632
37000.000000 -77.690277
37050.000000 -77.908363
37100.000000 -77.488449
37150.000000 -79.016869
37200.000000 -78.418945
37250.000000 -78.532372
37300.000000 -78.841125
37350.000000 -78.886475
37400.000000 -78.579506
37450.000000 -79.270248
37500.000000 -79.124039
37550.000000 -79.244698
37600.000000 -78.878319
37650.000000 -80.500000
37700.000000 -80.444023
37750.000000 -81.020706
37800.000000 -80.250908
37850.000000 -79.771881
37900.000000 -80.398117
37950.000000 -80.374565
38000.000000 -80.762238
38050.000000 -80.353828
38100.000000 -81.044586
38150.000000 -80.485977
38200.000000 -80.043320
38250.000000 -81.311729
38300.000000 -80.540810
38350.000000 -80.916985
38400.000000 -81.372047
38450.000000 -80.111519
38500.000000 -80.652962
38550.000000 -81.557167
38600.000000 -81.734970
38650.000000 -81.643211
38700.000000 -81.635208
38750.000000 -81.954590
38800.000000 -82.063156
38850.000000 -82.157791
38900.000000 -82.365852
38950.000000 -83.091461
39000.000000 -81.996185
39050.000000 -83.772057
39100.000000 -82.265495
39150.000000 -82.183311
39200.000000 -83.407417
39250.000000 -82.993629
39300.000000 -84.277557
39350.000000 -82.852608
39400.000000 -82.125565
39450.000000 -82.372818
39500.000000 -83.494179
39550.000000 -83.735298
39600.000000 -84.103638
39650.000000 -83.025490
39700.000000 -83.920639
39750.000000 -84.676979
39800.000000 -84.842033
39850.000000 -84.169792
39900.000000 -85.303047
39950.000000 -85.298172
40000.000000 -84.288406
