0.000000 -82.793907
50.000000 -82.882103
100.000000 -82.984283
150.000000 -83.613899
200.000000 -83.395653
250.000000 -83.646111
300.000000 -83.044289
350.000000 -84.042221
400.000000 -83.776146
450.000000 -84.040100
500.000000 -84.029556
550.000000 -84.327583
600.000000 -82.439255
650.000000 -84.426300
700.000000 -84.000099
750.000000 -84.472755
800.000000 -84.345047
850.000000 -84.303619
900.000000 -85.045761
950.000000 -85.633858
1000.000000 -84.004295
1050.000000 -86.089272
1100.000000 -84.977318
1150.000000 -86.057266
1200.000000 -86.102638
1250.000000 -84.743080
1300.000000 -85.463150
1350.000000 -86.471611
1400.000000 -85.218048
1450.000000 -85.266518
1500.000000 -86.758278
1550.000000 -87.741028
1600.000000 -88.714539
1650.000000 -86.784286
1700.000000 -85.810585
1750.000000 -85.692368
1800.000000 -85.588348
1850.000000 -87.467484
1900.000000 -87.096642
1950.000000 -86.391014
2000.000000 -87.426872
2050.000000 -86.689301
2100.000000 -88.395164
2150.000000 -86.637917
2200.000000 -88.465126
2250.000000 -87.392654
2300.000000 -88.287827
2350.000000 -87.096642
2400.000000 -85.813171
2450.000000 -87.327713
2500.000000 -89.852203
2550.000000 -89.386917
2600.000000 -89.034843
2650.000000 -89.449631
2700.000000 -86.804573
2750.000000 -88.867691
2800.000000 -89.255135
2850.000000 -88.253479
2900.000000 -90.244118
2950.000000 -88.790779
3000.000000 -91.204887
3050.000000 -93.277740
3100.000000 -91.316338
3150.000000 -91.180847
3200.000000 -89.485107
3250.000000 -89.102615
3300.000000 -68.308151
3350.000000 -60.638111
3400.000000 -56.686077
3450.000000 -54.165810
3500.000000 -53.974831
3550.000000 -53.934128
3600.000000 -53.978806
3650.000000 -54.050266
3700.000000 -54.574821
3750.000000 -54.322670
3800.000000 -53.971123
3850.000000 -53.950161
3900.000000 -53.967945
3950.000000 -54.554409
4000.000000 -55.341290
4050.000000 -57.450317
4100.000000 -61.163475
4150.000000 -61.666298
4200.000000 -54.007610
4250.000000 -56.322742
4300.000000 -62.547333
4350.000000 -59.960594
4400.000000 -58.183308
4450.000000 -55.008675
4500.000000 -53.937885
4550.000000 -55.975410
4600.000000 -58.396870
4650.000000 -54.406075
4700.000000 -56.913284
4750.000000 -60.268929
4800.000000 -59.127754
4850.000000 -56.945942
4900.000000 -54.849957
4950.000000 -54.427608
5000.000000 -54.518867
5050.000000 -53.984901
5100.000000 -55.876991
5150.000000 -57.354202
5200.000000 -59.704750
5250.000000 -54.003090
5300.000000 -54.735847
5350.000000 -55.658390
5400.000000 -60.108562
5450.000000 -57.038654
5500.000000 -56.358833
5550.000000 -56.252121
5600.000000 -56.516430
5650.000000 -56.004482
5700.000000 -55.955757
5750.000000 -55.824055
5800.000000 -56.646706
5850.000000 -54.081856
5900.000000 -53.972313
5950.000000 -55.187618
6000.000000 -54.665714
6050.000000 -56.031799
6100.000000 -57.320354
6150.000000 -55.774048
6200.000000 -56.749020
6250.000000 -62.558533
6300.000000 -58.414742
6350.000000 -59.522335
6400.000000 -56.675945
6450.000000 -55.430420
6500.000000 -54.917316
6550.000000 -54.081051
6600.000000 -54.016521
6650.000000 -55.440136
6700.000000 -57.641350
6750.000000 -59.591225
6800.000000 -58.585808
6850.000000 -62.215061
6900.000000 -58.073578
6950.000000 -55.957336
7000.000000 -55.450336
7050.000000 -54.485085
7100.000000 -54.531921
7150.000000 -54.760101
7200.000000 -55.769974
7250.000000 -59.392967
7300.000000 -58.842632
7350.000000 -57.585964
7400.000000 -58.815529
7450.000000 -56.594723
7500.000000 -54.104282
7550.000000 -56.770741
7600.000000 -54.507027
7650.000000 -55.638794
7700.000000 -57.555805
7750.000000 -58.178253
7800.000000 -56.585663
7850.000000 -58.599335
7900.000000 -55.998291
7950.000000 -55.078110
8000.000000 -56.087204
8050.000000 -54.848785
8100.000000 -54.879311
8150.000000 -57.328831
8200.000000 -56.833195
8250.000000 -58.353672
8300.000000 -58.272907
8350.000000 -55.276951
8400.000000 -56.476852
8450.000000 -56.267025
8500.000000 -56.227192
8550.000000 -58.554668
8600.000000 -54.893211
8650.000000 -58.602379
8700.000000 -58.877151
8750.000000 -57.813976
8800.000000 -53.956768
8850.000000 -55.252365
8900.000000 -55.690529
8950.000000 -56.662395
9000.000000 -56.717716
9050.000000 -55.914917
9100.000000 -57.439453
9150.000000 -59.531746
9200.000000 -57.833473
9250.000000 -57.973824
9300.000000 -57.158321
9350.000000 -59.184639
9400.000000 -56.759598
9450.000000 -59.546955
9500.000000 -60.925526
9550.000000 -56.395687
9600.000000 -53.978806
9650.000000 -53.956039
9700.000000 -58.281166
9750.000000 -57.785069
9800.000000 -59.231583
9850.000000 -54.612091
9900.000000 -54.462917
9950.000000 -56.172256
10000.000000 -59.199978
10050.000000 -60.276588
10100.000000 -55.750694
10150.000000 -55.990021
10200.000000 -53.961197
10250.000000 -57.472977
10300.000000 -56.180363
10350.000000 -56.624664
10400.000000 -53.921543
10450.000000 -55.624046
10500.000000 -59.874344
10550.000000 -57.982750
10600.000000 -57.598320
10650.000000 -57.026131
10700.000000 -55.623405
10750.000000 -56.569485
10800.000000 -55.224937
10850.000000 -58.858540
10900.000000 -59.850079
10950.000000 -56.592106
11000.000000 -54.671883
11050.000000 -58.760773
11100.000000 -56.388866
11150.000000 -55.910282
11200.000000 -56.617748
11250.000000 -56.223503
11300.000000 -55.792236
11350.000000 -53.969597
11400.000000 -54.890560
11450.000000 -56.486748
11500.000000 -64.393044
11550.000000 -58.135380
11600.000000 -54.505760
11650.000000 -54.903080
11700.000000 -55.428619
11750.000000 -60.736664
11800.000000 -61.759441
11850.000000 -56.181900
11900.000000 -53.950886
11950.000000 -53.943821
12000.000000 -55.004498
12050.000000 -59.625431
12100.000000 -59.849819
12150.000000 -55.780487
12200.000000 -53.934128
12250.000000 -53.960667
12300.000000 -56.506229
12350.000000 -58.197510
12400.000000 -59.648819
12450.000000 -54.856258
12500.000000 -54.181465
12550.000000 -55.573105
12600.000000 -56.452324
12650.000000 -56.700474
12700.000000 -58.992989
12750.000000 -57.899822
12800.000000 -55.399685
12850.000000 -54.762131
12900.000000 -58.153042
12950.000000 -53.928391
13000.000000 -56.446777
13050.000000 -59.269634
13100.000000 -57.470104
13150.000000 -55.416958
13200.000000 -56.633205
13250.000000 -54.591232
13300.000000 -54.306347
13350.000000 -54.962540
13400.000000 -55.919556
13450.000000 -59.808235
13500.000000 -56.618824
13550.000000 -55.278107
13600.000000 -53.960667
13650.000000 -56.336117
13700.000000 -57.781372
13750.000000 -60.897114
13800.000000 -58.824322
13850.000000 -56.294060
13900.000000 -54.786461
13950.000000 -53.948048
14000.000000 -56.908169
14050.000000 -60.041451
14100.000000 -56.627270
14150.000000 -55.763462
14200.000000 -54.288200
14250.000000 -54.825817
14300.000000 -57.282761
14350.000000 -59.087814
14400.000000 -56.837433
14450.000000 -54.927364
14500.000000 -54.740837
14550.000000 -56.828228
14600.000000 -55.936058
14650.000000 -57.781372
14700.000000 -60.506035
14750.000000 -55.313507
14800.000000 -54.732376
14850.000000 -53.965298
14900.000000 -55.269184
14950.000000 -57.163673
15000.000000 -58.916943
15050.000000 -56.881840
15100.000000 -57.360264
15150.000000 -55.080215
15200.000000 -53.959942
15250.000000 -55.297829
15300.000000 -57.203060
15350.000000 -56.456997
15400.000000 -57.040352
15450.000000 -57.312279
15500.000000 -58.389271
15550.000000 -56.080784
15600.000000 -56.200623
15650.000000 -57.395939
15700.000000 -54.235008
15750.000000 -58.499073
15800.000000 -59.420818
15850.000000 -56.168247
15900.000000 -54.679134
15950.000000 -55.647865
16000.000000 -54.857140
16050.000000 -59.065166
16100.000000 -57.207287
16150.000000 -55.619724
16200.000000 -54.675255
16250.000000 -55.293049
16300.000000 -57.773060
16350.000000 -60.921986
16400.000000 -59.529488
16450.000000 -54.320396
16500.000000 -54.557594
16550.000000 -55.542824
16600.000000 -59.846691
16650.000000 -59.034515
16700.000000 -56.171314
16750.000000 -56.974342
16800.000000 -55.089550
16850.000000 -56.707821
16900.000000 -60.233322
16950.000000 -60.599823
17000.000000 -55.343456
17050.000000 -55.683590
17100.000000 -57.686825
17150.000000 -56.380650
17200.000000 -57.536819
17250.000000 -58.453033
17300.000000 -56.155807
17350.000000 -58.974121
17400.000000 -58.033325
17450.000000 -58.113804
17500.000000 -53.969467
17550.000000 -55.139847
17600.000000 -56.992313
17650.000000 -55.917736
17700.000000 -56.355869
17750.000000 -58.569717
17800.000000 -58.113056
17850.000000 -54.859852
17900.000000 -55.378963
17950.000000 -55.237797
18000.000000 -58.130779
18050.000000 -57.867622
18100.000000 -54.566097
18150.000000 -54.112083
18200.000000 -53.942039
18250.000000 -55.204998
18300.000000 -58.270733
18350.000000 -58.988976
18400.000000 -54.828445
18450.000000 -54.401062
18500.000000 -55.084129
18550.000000 -57.042614
18600.000000 -57.640335
18650.000000 -57.397999
18700.000000 -54.096352
18750.000000 -54.574398
18800.000000 -56.540512
18850.000000 -58.123089
18900.000000 -56.878326
18950.000000 -54.020252
19000.000000 -54.737511
19050.000000 -54.705173
19100.000000 -56.971344
19150.000000 -58.697693
19200.000000 -58.867374
19250.000000 -54.469925
19300.000000 -55.783585
19350.000000 -57.782089
19400.000000 -56.382309
19450.000000 -57.463467
19500.000000 -55.382076
19550.000000 -55.195389
19600.000000 -56.301762
19650.000000 -55.270489
19700.000000 -54.866894
19750.000000 -54.147144
19800.000000 -56.137012
19850.000000 -56.012180
19900.000000 -57.437775
19950.000000 -56.434109
20000.000000 -57.936016
20050.000000 -56.401028
20100.000000 -53.960072
20150.000000 -53.921608
20200.000000 -55.209961
20250.000000 -57.134373
20300.000000 -60.691620
20350.000000 -57.445080
20400.000000 -53.960270
20450.000000 -56.419197
20500.000000 -55.246304
20550.000000 -58.714703
20600.000000 -59.278904
20650.000000 -55.062706
20700.000000 -54.218170
20750.000000 -54.393761
20800.000000 -55.822578
20850.000000 -62.393562
20900.000000 -56.259872
20950.000000 -54.025246
21000.000000 -53.953594
21050.000000 -55.000919
21100.000000 -58.095158
21150.000000 -56.641663
21200.000000 -56.133190
21250.000000 -54.162357
21300.000000 -54.173138
21350.000000 -56.000633
21400.000000 -58.618530
21450.000000 -56.738449
21500.000000 -56.828777
21550.000000 -55.026375
21600.000000 -54.445908
21650.000000 -59.262936
21700.000000 -57.643265
21750.000000 -57.128368
21800.000000 -55.672150
21850.000000 -58.133453
21900.000000 -59.444904
21950.000000 -56.095402
22000.000000 -58.710697
22050.000000 -57.096050
22100.000000 -58.857262
22150.000000 -57.307030
22200.000000 -56.996819
22250.000000 -59.018639
22300.000000 -57.088280
22350.000000 -56.752758
22400.000000 -53.963444
22450.000000 -55.228077
22500.000000 -59.135548
22550.000000 -63.146114
22600.000000 -56.783421
22650.000000 -56.304966
22700.000000 -57.043652
22750.000000 -56.561897
22800.000000 -57.638317
22850.000000 -59.849819
22900.000000 -56.804348
22950.000000 -53.962784
23000.000000 -53.969799
23050.000000 -56.928520
23100.000000 -58.430748
23150.000000 -55.114983
23200.000000 -54.456123
23250.000000 -54.244911
23300.000000 -56.056679
23350.000000 -56.601063
23400.000000 -59.522587
23450.000000 -58.365742
23500.000000 -56.385281
23550.000000 -56.154446
23600.000000 -54.667503
23650.000000 -54.754448
23700.000000 -57.918369
23750.000000 -55.790604
23800.000000 -56.442554
23850.000000 -57.514790
23900.000000 -57.907112
23950.000000 -60.042915
24000.000000 -56.504192
24050.000000 -57.729679
24100.000000 -56.343422
24150.000000 -54.503719
24200.000000 -54.101055
24250.000000 -56.646526
24300.000000 -57.196438
24350.000000 -56.414528
24400.000000 -55.468250
24450.000000 -55.058952
24500.000000 -55.375149
24550.000000 -58.461246
24600.000000 -56.939884
24650.000000 -55.405396
24700.000000 -53.957756
24750.000000 -54.591446
24800.000000 -55.879547
24850.000000 -58.816223
24900.000000 -58.299778
24950.000000 -57.550205
25000.000000 -54.499706
25050.000000 -53.959278
25100.000000 -53.973637
25150.000000 -55.212479
25200.000000 -58.935932
25250.000000 -57.587372
25300.000000 -56.422951
25350.000000 -56.280315
25400.000000 -53.952007
25450.000000 -54.525497
25500.000000 -53.937290
25550.000000 -54.060760
25600.000000 -55.301533
25650.000000 -57.759636
25700.000000 -63.342514
25750.000000 -60.680576
25800.000000 -58.935463
25850.000000 -55.959000
25900.000000 -54.478134
25950.000000 -53.959743
26000.000000 -53.989491
26050.000000 -53.938808
26100.000000 -53.929249
26150.000000 -54.486839
26200.000000 -55.550842
26250.000000 -56.548882
26300.000000 -55.014942
26350.000000 -55.617096
26400.000000 -53.960732
26450.000000 -53.975491
26500.000000 -53.969269
26550.000000 -53.958420
26600.000000 -54.953716
26650.000000 -56.167225
26700.000000 -55.889698
26750.000000 -55.809319
26800.000000 -56.984818
26850.000000 -54.111748
26900.000000 -55.050781
26950.000000 -53.964901
27000.000000 -53.948112
27050.000000 -53.930828
27100.000000 -53.963181
27150.000000 -54.882835
27200.000000 -56.051968
27250.000000 -57.440933
27300.000000 -58.286602
27350.000000 -58.986145
27400.000000 -58.724762
27450.000000 -57.623383
27500.000000 -56.236465
27550.000000 -55.585613
27600.000000 -55.095802
27650.000000 -54.362820
27700.000000 -54.423840
27750.000000 -55.016510
27800.000000 -56.781803
27850.000000 -58.221561
27900.000000 -60.484989
27950.000000 -62.417690
28000.000000 -63.801971
28050.000000 -63.286617
28100.000000 -60.777729
28150.000000 -57.300228
28200.000000 -59.589958
28250.000000 -57.676575
28300.000000 -56.695492
28350.000000 -55.952679
28400.000000 -54.896671
28450.000000 -53.985367
28500.000000 -53.978142
28550.000000 -53.940060
28600.000000 -53.921940
28650.000000 -53.929314
28700.000000 -53.939865
28750.000000 -53.926811
28800.000000 -53.973373
28850.000000 -53.979401
28900.000000 -53.979069
28950.000000 -53.977879
29000.000000 -54.262009
29050.000000 -54.582134
29100.000000 -54.808155
29150.000000 -54.737511
29200.000000 -55.448921
29250.000000 -55.331600
29300.000000 -54.955273
29350.000000 -55.786934
29400.000000 -54.787403
29450.000000 -54.611023
29500.000000 -54.574112
29550.000000 -54.108315
29600.000000 -54.410530
29650.000000 -54.479046
29700.000000 -53.941116
29750.000000 -53.967480
29800.000000 -53.968010
29850.000000 -53.976021
29900.000000 -53.964638
29950.000000 -53.969532
30000.000000 -53.968342
30050.000000 -54.024513
30100.000000 -54.323841
30150.000000 -54.420563
30200.000000 -54.670303
30250.000000 -54.633858
30300.000000 -54.650021
30350.000000 -55.123730
30400.000000 -55.227539
30450.000000 -55.435593
30500.000000 -55.375225
30550.000000 -55.592949
30600.000000 -55.801628
30650.000000 -55.862656
30700.000000 -55.847527
30750.000000 -56.042801
30800.000000 -56.167137
30850.000000 -56.406109
30900.000000 -56.666187
30950.000000 -56.639412
31000.000000 -56.835682
31050.000000 -57.091881
31100.000000 -56.995129
31150.000000 -57.217094
31200.000000 -57.500664
31250.000000 -57.750729
31300.000000 -57.962490
31350.000000 -58.092285
31400.000000 -58.195251
31450.000000 -58.582657
31500.000000 -58.578716
31550.000000 -58.639584
31600.000000 -58.958828
31650.000000 -58.891605
31700.000000 -59.271099
31750.000000 -59.393459
31800.000000 -59.455479
31850.000000 -59.556644
31900.000000 -59.772011
31950.000000 -59.814716
32000.000000 -59.942932
32050.000000 -60.012203
32100.000000 -60.307426
32150.000000 -60.435101
32200.000000 -60.776714
32250.000000 -60.816952
32300.000000 -60.807350
32350.000000 -61.110600
32400.000000 -61.361961
32450.000000 -61.433418
32500.000000 -61.742577
32550.000000 -61.821003
32600.000000 -61.948944
32650.000000 -61.892727
32700.000000 -62.190807
32750.000000 -62.220879
32800.000000 -62.622112
32850.000000 -62.775089
32900.000000 -62.803226
32950.000000 -63.098648
33000.000000 -63.070477
33050.000000 -63.465679
33100.000000 -63.508450
33150.000000 -63.683289
33200.000000 -63.849529
33250.000000 -63.993580
33300.000000 -64.069473
33350.000000 -63.960480
33400.000000 -64.492950
33450.000000 -64.596954
33500.000000 -64.814995
33550.000000 -64.902412
33600.000000 -65.110435
33650.000000 -64.869843
33700.000000 -65.704109
33750.000000 -65.445259
33800.000000 -65.734322
33850.000000 -65.845833
33900.000000 -65.968277
33950.000000 -66.273415
34000.000000 -66.265228
34050.000000 -66.431206
34100.000000 -66.550415
34150.000000 -66.857521
34200.000000 -67.026405
34250.000000 -67.207443
34300.000000 -67.140244
34350.000000 -67.073555
34400.000000 -67.483139
34450.000000 -67.494759
34500.000000 -67.668289
34550.000000 -67.868286
34600.000000 -67.820549
34650.000000 -68.159035
34700.000000 -68.400726
34750.000000 -68.340279
34800.000000 -68.618187
34850.000000 -68.609970
34900.000000 -68.720673
34950.000000 -69.101089
35000.000000 -69.081459
35050.000000 -69.371300
35100.000000 -69.430367
35150.000000 -69.568840
35200.000000 -69.731888
35250.000000 -69.914635
35300.000000 -69.879837
35350.000000 -70.199387
35400.000000 -70.302055
35450.000000 -70.522232
35500.000000 -70.831673
35550.000000 -70.764137
35600.000000 -70.511551
35650.000000 -71.305115
35700.000000 -70.801743
35750.000000 -71.061142
35800.000000 -72.011040
35850.000000 -71.885681
35900.000000 -71.862801
35950.000000 -71.869034
36000.000000 -72.403862
36050.000000 -71.898186
36100.000000 -72.786377
36150.000000 -72.689873
36200.000000 -72.370216
36250.000000 -72.627831
36300.000000 -72.688728
36350.000000 -72.414925
36400.000000 -73.098045
36450.000000 -73.465553
36500.000000 -73.637772
36550.000000 -73.572395
36600.000000 -73.895119
36650.000000 -74.495560
36700.000000 -74.408791
36750.000000 -74.450668
36800.000000 -74.573265
36850.000000 -74.088905
36900.000000 -74.427612
36950.000000 -74.653099
37000.000000 -74.885338
37050.000000 -74.778610
37100.000000 -75.640244
37150.000000 -75.666756
37200.000000 -75.871964
37250.000000 -75.819389
37300.000000 -76.141434
37350.000000 -75.745987
37400.000000 -76.267288
37450.000000 -76.704109
37500.000000 -76.138031
37550.000000 -76.721352
37600.000000 -76.390617
37650.000000 -76.961815
37700.000000 -77.333023
37750.000000 -76.745918
37800.000000 -76.699570
37850.000000 -77.212959
37900.000000 -76.545944
37950.000000 -77.381912
38000.000000 -78.012115
38050.000000 -77.978439
38100.000000 -77.808929
38150.000000 -77.953278
38200.000000 -77.854362
38250.000000 -78.162048
38300.000000 -78.485481
38350.000000 -78.069229
38400.000000 -78.521179
38450.000000 -79.724258
38500.000000 -79.088165
38550.000000 -79.376915
38600.000000 -79.295876
38650.000000 -80.178902
38700.000000 -79.065529
38750.000000 -79.284882
38800.000000 -80.391182
38850.000000 -80.188377
38900.000000 -79.801628
38950.000000 -79.283669
39000.000000 -80.392570
39050.000000 -80.192444
39100.000000 -80.031342
39150.000000 -81.181686
39200.000000 -80.507027
39250.000000 -80.478966
39300.000000 -80.637260
39350.000000 -80.442635
39400.000000 -81.741447
39450.000000 -80.883171
39500.000000 -81.395363
39550.000000 -81.163483
39600.000000 -81.378258
39650.000000 -81.977859
39700.000000 -82.393745
39750.000000 -82.688507
39800.000000 -82.338051
39850.000000 -84.236450
39900.000000 -82.385017
39950.000000 -83.236450
40000.000000 -81.949615
