0.000000 -86.360641
50.000000 -86.388252
100.000000 -86.824905
150.000000 -87.724884
200.000000 -86.324883
250.000000 -86.527626
300.000000 -86.874481
350.000000 -86.057266
400.000000 -86.204918
450.000000 -87.686264
500.000000 -87.090645
550.000000 -88.982498
600.000000 -87.933800
650.000000 -87.848320
700.000000 -87.108650
750.000000 -89.243607
800.000000 -88.542747
850.000000 -87.851593
900.000000 -89.770180
950.000000 -91.262856
1000.000000 -91.932732
1050.000000 -91.901337
1100.000000 -89.786522
1150.000000 -89.910080
1200.000000 -91.674774
1250.000000 -91.094849
1300.000000 -91.674774
1350.000000 -91.296852
1400.000000 -92.117897
1450.000000 -90.103020
1500.000000 -92.144684
1550.000000 -93.054474
1600.000000 -91.009689
1650.000000 -91.563675
1700.000000 -94.111099
1750.000000 -93.742271
1800.000000 -90.953377
1850.000000 -90.953377
1900.000000 -91.629158
1950.000000 -87.129707
2000.000000 -90.287331
2050.000000 -92.160789
2100.000000 -94.412300
2150.000000 -92.439331
2200.000000 -90.103020
2250.000000 -86.862793
2300.000000 -88.592499
2350.000000 -92.367477
2400.000000 -90.745407
2450.000000 -90.466789
2500.000000 -89.652611
2550.000000 -92.296219
2600.000000 -91.766747
2650.000000 -89.125320
2700.000000 -91.118652
2750.000000 -91.316338
2800.000000 -91.335869
2850.000000 -93.363739
2900.000000 -92.006302
2950.000000 -90.466789
3000.000000 -90.466789
3050.000000 -90.627480
3100.000000 -91.224167
3150.000000 -93.475578
3200.000000 -91.326096
3250.000000 -94.104378
3300.000000 -93.204887
3350.000000 -88.503853
3400.000000 -92.630119
3450.000000 -92.075218
3500.000000 -68.200165
3550.000000 -60.800369
3600.000000 -56.452148
3650.000000 -54.657112
3700.000000 -54.341927
3750.000000 -55.655094
3800.000000 -58.157753
3850.000000 -61.173027
3900.000000 -62.841747
3950.000000 -59.104771
4000.000000 -56.694950
4050.000000 -55.301453
4100.000000 -56.739998
4150.000000 -54.697899
4200.000000 -57.143047
4250.000000 -55.764763
4300.000000 -56.143898
4350.000000 -60.208851
4400.000000 -59.127754
4450.000000 -60.038654
4500.000000 -61.662926
4550.000000 -60.109501
4600.000000 -59.617310
4650.000000 -57.807484
4700.000000 -56.422600
4750.000000 -56.771381
4800.000000 -56.004147
4850.000000 -55.816685
4900.000000 -55.679157
4950.000000 -55.677063
5000.000000 -55.246151
5050.000000 -55.075027
5100.000000 -55.129856
5150.000000 -54.827278
5200.000000 -55.919060
5250.000000 -55.862492
5300.000000 -57.775623
5350.000000 -57.706547
5400.000000 -59.191032
5450.000000 -59.702572
5500.000000 -61.183804
5550.000000 -60.955063
5600.000000 -58.946724
5650.000000 -57.691292
5700.000000 -58.742405
5750.000000 -58.477917
5800.000000 -56.385456
5850.000000 -56.654369
5900.000000 -55.157131
5950.000000 -55.310795
6000.000000 -58.165585
6050.000000 -55.307705
6100.000000 -54.234329
6150.000000 -54.559792
6200.000000 -54.425861
6250.000000 -54.737873
6300.000000 -54.571983
6350.000000 -54.870491
6400.000000 -54.504635
6450.000000 -55.377407
6500.000000 -55.112244
6550.000000 -54.807354
6600.000000 -55.127357
6650.000000 -54.428097
6700.000000 -54.497383
6750.000000 -54.647018
6800.000000 -54.264065
6850.000000 -54.613800
6900.000000 -55.286423
6950.000000 -56.416546
7000.000000 -57.146481
7050.000000 -58.006523
7100.000000 -58.284100
7150.000000 -57.439751
7200.000000 -56.511108
7250.000000 -55.963745
7300.000000 -55.249985
7350.000000 -55.616924
7400.000000 -55.410084
7450.000000 -54.859924
7500.000000 -55.431595
7550.000000 -56.697849
7600.000000 -53.962387
7650.000000 -54.481644
7700.000000 -53.969997
7750.000000 -53.961262
7800.000000 -53.906483
7850.000000 -53.972778
7900.000000 -53.960403
7950.000000 -53.932545
8000.000000 -55.011284
8050.000000 -53.970394
8100.000000 -53.953529
8150.000000 -54.165810
8200.000000 -55.124031
8250.000000 -54.917835
8300.000000 -55.362473
8350.000000 -55.176125
8400.000000 -57.016724
8450.000000 -57.135227
8500.000000 -55.975498
8550.000000 -56.298473
8600.000000 -55.509171
8650.000000 -55.553940
8700.000000 -55.748501
8750.000000 -55.252518
8800.000000 -56.560291
8850.000000 -56.957512
8900.000000 -57.789585
8950.000000 -57.931309
9000.000000 -58.043907
9050.000000 -57.928593
9100.000000 -57.947830
9150.000000 -57.416191
9200.000000 -57.173431
9250.000000 -56.671246
9300.000000 -56.209267
9350.000000 -55.700863
9400.000000 -54.730209
9450.000000 -53.979069
9500.000000 -53.970722
9550.000000 -53.946133
9600.000000 -53.976486
9650.000000 -53.979401
9700.000000 -53.974300
9750.000000 -53.959808
9800.000000 -53.974300
9850.000000 -53.982780
9900.000000 -55.180157
9950.000000 -54.348286
10000.000000 -56.343334
10050.000000 -54.638004
10100.000000 -54.129257
10150.000000 -54.023647
10200.000000 -55.278183
10250.000000 -53.975956
10300.000000 -53.934128
10350.000000 -53.967480
10400.000000 -53.903591
10450.000000 -53.915882
10500.000000 -53.924442
10550.000000 -53.966423
10600.000000 -54.380844
10650.000000 -55.273029
10700.000000 -56.227276
10750.000000 -57.248127
10800.000000 -58.090263
10850.000000 -59.086731
10900.000000 -60.504208
10950.000000 -61.479496
11000.000000 -61.103676
11050.000000 -59.416355
11100.000000 -60.379402
11150.000000 -59.796574
11200.000000 -57.279854
11250.000000 -57.507526
11300.000000 -55.961082
11350.000000 -55.717121
11400.000000 -55.566578
11450.000000 -55.153564
11500.000000 -55.141968
11550.000000 -54.020184
11600.000000 -53.972115
11650.000000 -53.952007
11700.000000 -53.974766
11750.000000 -54.574680
11800.000000 -54.406631
11850.000000 -53.947453
11900.000000 -53.974102
11950.000000 -53.933270
12000.000000 -53.961395
12050.000000 -53.962917
12100.000000 -54.053539
12150.000000 -56.698753
12200.000000 -54.824062
12250.000000 -55.843090
12300.000000 -55.731945
12350.000000 -58.641510
12400.000000 -55.310486
12450.000000 -57.979172
12500.000000 -55.077660
12550.000000 -55.146057
12600.000000 -56.231483
12650.000000 -54.166759
12700.000000 -54.656967
12750.000000 -53.929710
12800.000000 -53.931820
12850.000000 -53.957165
12900.000000 -53.945736
12950.000000 -53.938347
13000.000000 -53.959942
13050.000000 -53.967812
13100.000000 -53.978806
13150.000000 -54.822163
13200.000000 -55.928677
13250.000000 -57.066219
13300.000000 -58.270191
13350.000000 -58.960236
13400.000000 -60.071198
13450.000000 -61.571758
13500.000000 -60.876568
13550.000000 -60.768600
13600.000000 -60.663109
13650.000000 -59.440182
13700.000000 -58.213791
13750.000000 -57.031120
13800.000000 -56.519180
13850.000000 -55.474388
13900.000000 -54.628521
13950.000000 -54.113495
14000.000000 -53.983711
14050.000000 -53.963444
14100.000000 -53.908714
14150.000000 -53.958355
14200.000000 -53.930435
14250.000000 -53.937092
14300.000000 -53.966488
14350.000000 -54.869537
14400.000000 -54.135735
14450.000000 -54.370804
14500.000000 -56.716354
14550.000000 -56.447926
14600.000000 -56.298126
14650.000000 -56.515633
14700.000000 -56.287575
14750.000000 -56.178314
14800.000000 -57.071609
14850.000000 -55.280109
14900.000000 -54.406914
14950.000000 -54.385216
15000.000000 -53.956436
15050.000000 -53.963776
15100.000000 -53.953331
15150.000000 -53.935707
15200.000000 -53.926285
15250.000000 -53.973438
15300.000000 -53.944218
15350.000000 -54.863007
15400.000000 -54.071602
15450.000000 -54.553486
15500.000000 -55.565941
15550.000000 -55.277874
15600.000000 -55.226929
15650.000000 -55.693920
15700.000000 -56.487015
15750.000000 -57.610592
15800.000000 -57.727539
15850.000000 -57.931831
15900.000000 -58.664207
15950.000000 -57.839363
16000.000000 -57.391815
16050.000000 -56.644184
16100.000000 -56.744736
16150.000000 -55.264343
16200.000000 -56.140156
16250.000000 -54.699989
16300.000000 -55.122669
16350.000000 -54.675041
16400.000000 -53.956039
16450.000000 -53.929314
16500.000000 -53.947254
16550.000000 -53.945999
16600.000000 -53.910030
16650.000000 -53.946529
16700.000000 -53.958420
16750.000000 -54.519993
16800.000000 -54.024712
16850.000000 -55.945114
16900.000000 -54.437523
16950.000000 -56.171829
17000.000000 -55.200878
17050.000000 -57.542618
17100.000000 -56.008499
17150.000000 -56.295532
17200.000000 -56.159554
17250.000000 -54.657040
17300.000000 -54.707695
17350.000000 -53.968342
17400.000000 -53.963444
17450.000000 -53.949631
17500.000000 -53.870350
17550.000000 -53.951084
17600.000000 -53.967216
17650.000000 -53.941841
17700.000000 -53.957294
17750.000000 -54.337437
17800.000000 -54.360256
17850.000000 -54.757999
17900.000000 -56.600525
17950.000000 -55.792973
18000.000000 -55.909370
18050.000000 -56.479679
18100.000000 -56.313976
18150.000000 -56.735264
18200.000000 -57.320255
18250.000000 -57.113625
18300.000000 -56.829330
18350.000000 -56.625023
18400.000000 -56.292503
18450.000000 -55.821022
18500.000000 -55.362392
18550.000000 -58.198914
18600.000000 -58.279861
18650.000000 -57.292557
18700.000000 -57.456646
18750.000000 -56.611465
18800.000000 -55.128796
18850.000000 -54.975315
18900.000000 -53.939468
18950.000000 -54.794460
19000.000000 -53.934456
19050.000000 -53.962849
19100.000000 -53.964901
19150.000000 -54.304970
19200.000000 -54.967144
19250.000000 -56.207897
19300.000000 -55.112167
19350.000000 -55.840954
19400.000000 -58.161724
19450.000000 -58.635731
19500.000000 -55.265263
19550.000000 -55.772987
19600.000000 -56.094757
19650.000000 -54.948677
19700.000000 -54.943787
19750.000000 -53.968342
19800.000000 -53.963974
19850.000000 -53.978737
19900.000000 -54.118008
19950.000000 -53.973175
20000.000000 -53.948509
20050.000000 -53.970329
20100.000000 -56.382133
20150.000000 -54.095882
20200.000000 -57.385338
20250.000000 -54.892105
20300.000000 -54.509773
20350.000000 -55.749233
20400.000000 -55.063908
20450.000000 -56.562347
20500.000000 -56.256771
20550.000000 -56.358047
20600.000000 -56.502598
20650.000000 -56.848858
20700.000000 -55.665710
20750.000000 -55.630615
20800.000000 -55.334854
20850.000000 -56.379074
20900.000000 -55.302998
20950.000000 -55.313114
21000.000000 -56.557617
21050.000000 -55.754841
21100.000000 -53.952404
21150.000000 -54.300571
21200.000000 -53.964371
21250.000000 -53.964371
21300.000000 -54.065243
21350.000000 -53.946594
21400.000000 -53.929775
21450.000000 -53.973373
21500.000000 -54.080181
21550.000000 -54.300705
21600.000000 -55.015244
21650.000000 -55.067589
21700.000000 -55.854347
21750.000000 -55.910778
21800.000000 -56.853378
21850.000000 -55.277798
21900.000000 -56.684265
21950.000000 -55.894981
22000.000000 -55.799995
22050.000000 -54.151806
22100.000000 -54.200954
22150.000000 -53.952671
22200.000000 -53.939137
22250.000000 -53.962322
22300.000000 -53.936169
22350.000000 -53.963314
22400.000000 -53.973507
22450.000000 -54.174618
22500.000000 -55.223717
22550.000000 -57.157940
22600.000000 -55.315510
22650.000000 -55.243160
22700.000000 -58.229664
22750.000000 -55.767452
22800.000000 -54.905586
22850.000000 -54.774033
22900.000000 -54.833637
22950.000000 -54.978363
23000.000000 -54.977917
23050.000000 -55.544331
23100.000000 -54.816833
23150.000000 -55.185486
23200.000000 -55.125996
23250.000000 -55.609406
23300.000000 -56.132595
23350.000000 -54.491688
23400.000000 -54.126629
23450.000000 -56.294407
23500.000000 -56.586823
23550.000000 -56.542114
23600.000000 -54.677914
23650.000000 -55.012630
23700.000000 -55.972496
23750.000000 -58.750092
23800.000000 -59.705772
23850.000000 -62.038815
23900.000000 -64.536194
23950.000000 -62.106789
24000.000000 -61.453606
24050.000000 -57.986530
24100.000000 -56.108429
24150.000000 -55.971161
24200.000000 -55.452297
24250.000000 -54.354996
24300.000000 -54.917835
24350.000000 -53.984703
24400.000000 -54.012264
24450.000000 -55.294514
24500.000000 -56.192753
24550.000000 -57.625099
24600.000000 -58.843559
24650.000000 -60.233730
24700.000000 -62.182796
24750.000000 -64.927849
24800.000000 -64.975899
24850.000000 -64.962746
24900.000000 -65.436584
24950.000000 -63.210896
25000.000000 -61.467873
25050.000000 -59.448135
25100.000000 -58.413307
25150.000000 -57.572525
25200.000000 -56.738358
25250.000000 -55.653168
25300.000000 -55.003975
25350.000000 -54.259888
25400.000000 -53.978474
25450.000000 -53.958748
25500.000000 -53.926350
25550.000000 -53.928196
25600.000000 -53.908192
25650.000000 -53.887051
25700.000000 -53.874866
25750.000000 -53.878403
25800.000000 -53.927799
25850.000000 -53.939995
25900.000000 -53.929115
25950.000000 -53.960667
26000.000000 -53.939335
26050.000000 -53.953659
26100.000000 -53.971916
26150.000000 -53.979202
26200.000000 -54.161072
26250.000000 -53.973240
26300.000000 -54.278728
26350.000000 -54.459553
26400.000000 -54.362194
26450.000000 -54.334949
26500.000000 -55.105000
26550.000000 -54.818733
26600.000000 -54.682224
26650.000000 -54.588531
26700.000000 -54.340752
26750.000000 -54.890488
26800.000000 -54.396542
26850.000000 -54.535240
26900.000000 -54.544289
26950.000000 -54.562908
27000.000000 -54.113899
27050.000000 -54.107376
27100.000000 -54.030510
27150.000000 -54.183773
27200.000000 -54.455917
27250.000000 -54.585758
27300.000000 -54.715626
27350.000000 -54.902199
27400.000000 -54.979107
27450.000000 -54.974571
27500.000000 -55.401413
27550.000000 -55.542191
27600.000000 -55.587524
27650.000000 -55.900024
27700.000000 -56.020477
27750.000000 -56.195999
27800.000000 -56.373310
27850.000000 -56.501446
27900.000000 -56.678928
27950.000000 -56.726440
28000.000000 -56.801132
28050.000000 -57.191158
28100.000000 -57.298283
28150.000000 -57.212574
28200.000000 -57.681850
28250.000000 -57.712654
28300.000000 -57.929745
28350.000000 -58.145115
28400.000000 -58.193207
28450.000000 -58.202034
28500.000000 -58.550518
28550.000000 -58.627918
28600.000000 -58.819576
28650.000000 -58.851452
28700.000000 -59.150440
28750.000000 -59.368896
28800.000000 -59.370007
28850.000000 -59.553879
28900.000000 -59.712566
28950.000000 -59.784672
29000.000000 -60.085510
29050.000000 -60.210209
29100.000000 -60.380646
29150.000000 -60.325436
29200.000000 -60.579681
29250.000000 -60.581524
29300.000000 -60.686314
29350.000000 -61.033978
29400.000000 -61.027111
29450.000000 -61.238350
29500.000000 -61.312183
29550.000000 -61.750031
29600.000000 -61.819206
29650.000000 -62.080647
29700.000000 -62.089745
29750.000000 -62.081993
29800.000000 -62.338921
29850.000000 -62.646702
29900.000000 -62.732685
29950.000000 -62.847816
30000.000000 -62.873241
30050.000000 -63.252426
30100.000000 -63.260334
30150.000000 -63.881176
30200.000000 -63.560413
30250.000000 -64.087067
30300.000000 -64.283844
30350.000000 -64.257187
30400.000000 -64.464325
30450.000000 -64.735756
30500.000000 -64.723648
30550.000000 -64.992607
30600.000000 -65.027290
30650.000000 -65.218277
30700.000000 -65.056419
30750.000000 -65.476822
30800.000000 -65.736633
30850.000000 -65.654160
30900.000000 -65.803589
30950.000000 -65.958794
31000.000000 -66.403740
31050.000000 -66.248070
31100.000000 -66.582024
31150.000000 -66.585136
31200.000000 -66.685280
31250.000000 -66.836533
31300.000000 -67.069366
31350.000000 -67.373108
31400.000000 -67.391716
31450.000000 -67.684647
31500.000000 -67.915962
31550.000000 -68.083412
31600.000000 -67.971863
31650.000000 -68.174988
31700.000000 -67.964897
31750.000000 -68.714165
31800.000000 -68.691063
31850.000000 -68.780930
31900.000000 -69.066765
31950.000000 -69.197990
32000.000000 -69.474831
32050.000000 -69.581215
32100.000000 -69.464577
32150.000000 -69.463394
32200.000000 -69.880661
32250.000000 -69.869926
32300.000000 -70.223862
32350.000000 -70.718033
32400.000000 -70.498230
32450.000000 -70.707115
32500.000000 -70.899277
32550.000000 -70.978188
32600.000000 -71.088173
32650.000000 -71.154457
32700.000000 -71.599869
32750.000000 -71.788841
32800.000000 -71.577217
32850.000000 -71.836349
32900.000000 -71.713982
32950.000000 -72.022667
33000.000000 -72.085312
33050.000000 -72.616493
33100.000000 -72.326820
33150.000000 -72.802567
33200.000000 -73.233215
33250.000000 -72.967316
33300.000000 -73.473679
33350.000000 -73.154510
33400.000000 -73.131042
33450.000000 -73.960335
33500.000000 -74.092255
33550.000000 -73.883316
33600.000000 -74.123871
33650.000000 -73.975563
33700.000000 -73.910233
33750.000000 -74.327705
33800.000000 -74.473083
33850.000000 -74.691856
33900.000000 -74.965881
33950.000000 -74.730789
34000.000000 -75.158043
34050.000000 -75.349121
34100.000000 -75.927353
34150.000000 -75.368538
34200.000000 -75.830040
34250.000000 -75.548462
34300.000000 -75.586655
34350.000000 -76.379250
34400.000000 -77.032158
34450.000000 -75.907471
34500.000000 -76.819130
34550.000000 -77.352547
34600.000000 -76.906868
34650.000000 -77.325226
34700.000000 -77.501358
34750.000000 -77.502357
34800.000000 -78.141693
34850.000000 -77.680130
34900.000000 -77.817177
34950.000000 -77.827492
35000.000000 -78.020554
35050.000000 -78.525658
35100.000000 -78.878319
35150.000000 -78.925041
35200.000000 -78.621246
35250.000000 -79.182953
35300.000000 -78.933243
35350.000000 -78.999130
35400.000000 -79.418961
35450.000000 -79.577835
35500.000000 -79.632294
35550.000000 -79.892784
35600.000000 -80.381485
35650.000000 -80.516861
35700.000000 -81.210587
35750.000000 -79.994179
35800.000000 -80.382866
35850.000000 -80.044655
35900.000000 -81.041595
35950.000000 -80.518272
36000.000000 -80.439842
36050.000000 -80.289192
36100.000000 -81.154396
36150.000000 -81.508148
36200.000000 -81.795059
36250.000000 -82.814041
36300.000000 -82.587952
36350.000000 -83.804855
36400.000000 -81.600082
36450.000000 -81.782036
36500.000000 -82.933975
36550.000000 -82.479713
36600.000000 -83.819244
36650.000000 -84.182648
36700.000000 -82.196953
36750.000000 -83.282745
36800.000000 -82.078293
36850.000000 -83.937309
36900.000000 -82.437500
36950.000000 -83.666298
37000.000000 -83.186577
37050.000000 -83.755699
37100.000000 -83.924805
37150.000000 -83.854286
37200.000000 -84.048546
37250.000000 -84.532852
37300.000000 -84.397667
37350.000000 -84.338493
37400.000000 -83.589821
37450.000000 -84.223503
37500.000000 -85.893776
37550.000000 -86.761169
37600.000000 -84.107895
37650.000000 -84.186943
37700.000000 -85.423470
37750.000000 -86.137497
37800.000000 -87.081650
37850.000000 -84.818924
37900.000000 -84.652039
37950.000000 -85.565674
38000.000000 -86.995224
38050.000000 -84.708832
38100.000000 -85.293289
38150.000000 -88.083763
38200.000000 -85.059990
38250.000000 -85.669426
38300.000000 -84.521690
38350.000000 -84.286240
38400.000000 -85.109985
38450.000000 -84.110023
38500.000000 -84.893105
38550.000000 -84.521690
38600.000000 -85.909462
38650.000000 -84.107895
38700.000000 -84.779770
38750.000000 -84.658829
38800.000000 -85.638931
38850.000000 -85.205971
38900.000000 -85.148239
38950.000000 -84.918747
39000.000000 -85.862488
39050.000000 -85.677071
39100.000000 -84.618134
39150.000000 -86.116028
39200.000000 -86.352379
39250.000000 -84.122795
39300.000000 -85.904228
39350.000000 -86.479988
39400.000000 -85.669426
39450.000000 -85.603493
39500.000000 -85.129082
39550.000000 -85.022156
39600.000000 -84.584373
39650.000000 -84.647507
39700.000000 -85.930428
39750.000000 -85.169846
39800.000000 -88.151611
39850.000000 -84.860573
39900.000000 -85.438324
39950.000000 -84.937447
40000.000000 -86.477196
