0.000000 -83.395653
50.000000 -84.152672
100.000000 -84.897758
150.000000 -85.717934
200.000000 -84.593361
250.000000 -85.818352
300.000000 -84.397667
350.000000 -83.995895
400.000000 -85.483063
450.000000 -86.578362
500.000000 -85.677071
550.000000 -85.674522
600.000000 -86.603836
650.000000 -86.305687
700.000000 -85.633858
750.000000 -86.172493
800.000000 -83.733261
850.000000 -84.793571
900.000000 -85.633858
950.000000 -86.261971
1000.000000 -84.519455
1050.000000 -86.672142
1100.000000 -86.338615
1150.000000 -86.338615
1200.000000 -85.445763
1250.000000 -85.022095
1300.000000 -86.513588
1350.000000 -87.066689
1400.000000 -85.588348
1450.000000 -83.891548
1500.000000 -84.294922
1550.000000 -86.006836
1600.000000 -90.582558
1650.000000 -90.791191
1700.000000 -89.922539
1750.000000 -94.057442
1800.000000 -93.413269
1850.000000 -91.296852
1900.000000 -91.272560
1950.000000 -92.562302
2000.000000 -94.659576
2050.000000 -93.369919
2100.000000 -93.588875
2150.000000 -95.329773
2200.000000 -92.721367
2250.000000 -92.534203
2300.000000 -95.509674
2350.000000 -92.230949
2400.000000 -91.807938
2450.000000 -93.180489
2500.000000 -93.990829
2550.000000 -90.094536
2600.000000 -92.767357
2650.000000 -89.285965
2700.000000 -91.854591
2750.000000 -92.871727
2800.000000 -91.553650
2850.000000 -91.593834
2900.000000 -93.289978
2950.000000 -87.423759
3000.000000 -89.027344
3050.000000 -94.192215
3100.000000 -91.854507
3150.000000 -90.449112
3200.000000 -93.614250
3250.000000 -92.214706
3300.000000 -95.337517
3350.000000 -91.513641
3400.000000 -91.634216
3450.000000 -67.910408
3500.000000 -60.391323
3550.000000 -56.461941
3600.000000 -53.976486
3650.000000 -53.970657
3700.000000 -53.977547
3750.000000 -54.223892
3800.000000 -54.811508
3850.000000 -54.491619
3900.000000 -56.692230
3950.000000 -54.520557
4000.000000 -54.033443
4050.000000 -53.968540
4100.000000 -54.075489
4150.000000 -53.968342
4200.000000 -54.940380
4250.000000 -54.888645
4300.000000 -55.360764
4350.000000 -57.879864
4400.000000 -56.826389
4450.000000 -57.397213
4500.000000 -61.376244
4550.000000 -58.490269
4600.000000 -55.986763
4650.000000 -56.147896
4700.000000 -55.932491
4750.000000 -56.741817
4800.000000 -57.115620
4850.000000 -56.349686
4900.000000 -58.750092
4950.000000 -57.281887
5000.000000 -58.073902
5050.000000 -60.590881
5100.000000 -59.245422
5150.000000 -60.375385
5200.000000 -61.198551
5250.000000 -55.859612
5300.000000 -57.101463
5350.000000 -57.472183
5400.000000 -56.787846
5450.000000 -58.953773
5500.000000 -57.004044
5550.000000 -57.370148
5600.000000 -59.317776
5650.000000 -55.667965
5700.000000 -56.604019
5750.000000 -56.709366
5800.000000 -56.916805
5850.000000 -54.988407
5900.000000 -53.960999
5950.000000 -53.957756
6000.000000 -53.952801
6050.000000 -53.954720
6100.000000 -53.932213
6150.000000 -53.960140
6200.000000 -53.963444
6250.000000 -53.946926
6300.000000 -55.069550
6350.000000 -54.681793
6400.000000 -54.991310
6450.000000 -56.127335
6500.000000 -58.235722
6550.000000 -56.475788
6600.000000 -55.319145
6650.000000 -56.048267
6700.000000 -55.890522
6750.000000 -56.158958
6800.000000 -55.448608
6850.000000 -54.786385
6900.000000 -54.908020
6950.000000 -54.253319
7000.000000 -54.026844
7050.000000 -54.098503
7100.000000 -54.817711
7150.000000 -55.157665
7200.000000 -55.169205
7250.000000 -54.567516
7300.000000 -55.395638
7350.000000 -54.405933
7400.000000 -54.986916
7450.000000 -54.151806
7500.000000 -55.179092
7550.000000 -54.964695
7600.000000 -55.269798
7650.000000 -55.632298
7700.000000 -56.093117
7750.000000 -54.601120
7800.000000 -54.405170
7850.000000 -53.949963
7900.000000 -54.373974
7950.000000 -53.925560
8000.000000 -53.955181
8050.000000 -53.969666
8100.000000 -55.499771
8150.000000 -56.664291
8200.000000 -57.389065
8250.000000 -60.414917
8300.000000 -58.264107
8350.000000 -57.087708
8400.000000 -57.104122
8450.000000 -57.955791
8500.000000 -54.309032
8550.000000 -54.296032
8600.000000 -54.062634
8650.000000 -53.936039
8700.000000 -53.963116
8750.000000 -53.959278
8800.000000 -56.483585
8850.000000 -55.014942
8900.000000 -58.155289
8950.000000 -59.178608
9000.000000 -59.918476
9050.000000 -60.837658
9100.000000 -58.446602
9150.000000 -56.966576
9200.000000 -55.533627
9250.000000 -54.817345
9300.000000 -54.114037
9350.000000 -53.960072
9400.000000 -53.931885
9450.000000 -53.953068
9500.000000 -53.957428
9550.000000 -55.010689
9600.000000 -53.967682
9650.000000 -55.494953
9700.000000 -55.336246
9750.000000 -55.720924
9800.000000 -55.476593
9850.000000 -55.650272
9900.000000 -58.533482
9950.000000 -58.946022
10000.000000 -58.928429
10050.000000 -60.397697
10100.000000 -59.669334
10150.000000 -57.304501
10200.000000 -58.313194
10250.000000 -56.994099
10300.000000 -55.748745
10350.000000 -54.663921
10400.000000 -54.135868
10450.000000 -53.932411
10500.000000 -54.853691
10550.000000 -53.952801
10600.000000 -53.957428
10650.000000 -53.963181
10700.000000 -55.588562
10750.000000 -55.231060
10800.000000 -55.551476
10850.000000 -56.708096
10900.000000 -55.388622
10950.000000 -55.901543
11000.000000 -55.054451
11050.000000 -54.888500
11100.000000 -53.953396
11150.000000 -53.961658
11200.000000 -54.717648
11250.000000 -53.978607
11300.000000 -55.056477
11350.000000 -56.079182
11400.000000 -57.815624
11450.000000 -58.974007
11500.000000 -61.178337
11550.000000 -62.510269
11600.000000 -60.410469
11650.000000 -57.385338
11700.000000 -57.760361
11750.000000 -56.239044
11800.000000 -54.866528
11850.000000 -53.977146
11900.000000 -53.961525
11950.000000 -53.896698
12000.000000 -53.915031
12050.000000 -55.742294
12100.000000 -53.955711
12150.000000 -54.023582
12200.000000 -55.722301
12250.000000 -56.314327
12300.000000 -58.767208
12350.000000 -59.087574
12400.000000 -57.917221
12450.000000 -61.371578
12500.000000 -60.492279
12550.000000 -57.700745
12600.000000 -57.982235
12650.000000 -56.163731
12700.000000 -54.535522
12750.000000 -54.480801
12800.000000 -53.960007
12850.000000 -54.598560
12900.000000 -56.004814
12950.000000 -57.183105
13000.000000 -58.481697
13050.000000 -56.747467
13100.000000 -56.710815
13150.000000 -56.453999
13200.000000 -55.721489
13250.000000 -55.538620
13300.000000 -54.402039
13350.000000 -53.955116
13400.000000 -53.963314
13450.000000 -53.960270
13500.000000 -54.553844
13550.000000 -56.487457
13600.000000 -58.368378
13650.000000 -59.842785
13700.000000 -61.869026
13750.000000 -62.066345
13800.000000 -64.318199
13850.000000 -63.079166
13900.000000 -59.989140
13950.000000 -57.380058
14000.000000 -55.159332
14050.000000 -55.163963
14100.000000 -58.690956
14150.000000 -56.241108
14200.000000 -53.965099
14250.000000 -54.241749
14300.000000 -53.977016
14350.000000 -55.677708
14400.000000 -55.995449
14450.000000 -55.601013
14500.000000 -55.358822
14550.000000 -55.854839
14600.000000 -56.673054
14650.000000 -59.008816
14700.000000 -61.968204
14750.000000 -63.214924
14800.000000 -59.452370
14850.000000 -57.802544
14900.000000 -57.076057
14950.000000 -56.411106
15000.000000 -54.044121
15050.000000 -53.961857
15100.000000 -53.918121
15150.000000 -53.943623
15200.000000 -53.942833
15250.000000 -53.968475
15300.000000 -54.730572
15350.000000 -55.627331
15400.000000 -57.119137
15450.000000 -55.836109
15500.000000 -55.965828
15550.000000 -56.346642
15600.000000 -56.215694
15650.000000 -54.398487
15700.000000 -53.964504
15750.000000 -53.959942
15800.000000 -53.959347
15850.000000 -53.958618
15900.000000 -54.250584
15950.000000 -54.795918
16000.000000 -56.548527
16050.000000 -58.787472
16100.000000 -59.119015
16150.000000 -60.146893
16200.000000 -59.999737
16250.000000 -59.884144
16300.000000 -57.023777
16350.000000 -56.763798
16400.000000 -55.566658
16450.000000 -55.450649
16500.000000 -56.985195
16550.000000 -56.112156
16600.000000 -54.355755
16650.000000 -53.946728
16700.000000 -55.946609
16750.000000 -56.968910
16800.000000 -54.345936
16850.000000 -55.116096
16900.000000 -55.790768
16950.000000 -55.669895
17000.000000 -57.028484
17050.000000 -57.190105
17100.000000 -59.345512
17150.000000 -59.133507
17200.000000 -58.832081
17250.000000 -57.470398
17300.000000 -55.834225
17350.000000 -54.920284
17400.000000 -53.970261
17450.000000 -53.941776
17500.000000 -53.965431
17550.000000 -53.928391
17600.000000 -53.971981
17650.000000 -54.584126
17700.000000 -55.786034
17750.000000 -57.554302
17800.000000 -56.674320
17850.000000 -55.869576
17900.000000 -56.259182
17950.000000 -55.567059
18000.000000 -53.954388
18050.000000 -53.953461
18100.000000 -53.896435
18150.000000 -53.967812
18200.000000 -54.061161
18250.000000 -55.473366
18300.000000 -56.624844
18350.000000 -58.136124
18400.000000 -58.455585
18450.000000 -57.840912
18500.000000 -58.012112
18550.000000 -56.919224
18600.000000 -56.419090
18650.000000 -56.040955
18700.000000 -55.150078
18750.000000 -54.830418
18800.000000 -55.888458
18850.000000 -55.133942
18900.000000 -54.259480
18950.000000 -54.769749
19000.000000 -54.522884
19050.000000 -58.065514
19100.000000 -57.096622
19150.000000 -55.509487
19200.000000 -55.462982
19250.000000 -54.964767
19300.000000 -55.923038
19350.000000 -57.251316
19400.000000 -56.105721
19450.000000 -57.685303
19500.000000 -55.679157
19550.000000 -56.380821
19600.000000 -55.466835
19650.000000 -54.774757
19700.000000 -54.231258
19750.000000 -53.953529
19800.000000 -53.943161
19850.000000 -53.956833
19900.000000 -53.962322
19950.000000 -54.159176
20000.000000 -55.348110
20050.000000 -56.113850
20100.000000 -55.071644
20150.000000 -56.289650
20200.000000 -55.371567
20250.000000 -54.481361
20300.000000 -55.439587
20350.000000 -53.942238
20400.000000 -53.931160
20450.000000 -53.952869
20500.000000 -53.967350
20550.000000 -54.504562
20600.000000 -56.272980
20650.000000 -56.326561
20700.000000 -56.885170
20750.000000 -55.365891
20800.000000 -55.203625
20850.000000 -55.157890
20900.000000 -55.188835
20950.000000 -54.200684
21000.000000 -55.442726
21050.000000 -55.943699
21100.000000 -55.959583
21150.000000 -55.629894
21200.000000 -54.368431
21250.000000 -55.876167
21300.000000 -54.621433
21350.000000 -54.165268
21400.000000 -54.586967
21450.000000 -55.318447
21500.000000 -54.856625
21550.000000 -55.350826
21600.000000 -54.922932
21650.000000 -55.644894
21700.000000 -55.957584
21750.000000 -57.227493
21800.000000 -56.684265
21850.000000 -57.446957
21900.000000 -57.415600
21950.000000 -57.911591
22000.000000 -55.331299
22050.000000 -54.497807
22100.000000 -53.934853
22150.000000 -54.596722
22200.000000 -54.353748
22250.000000 -55.352299
22300.000000 -57.261948
22350.000000 -58.697342
22400.000000 -55.563793
22450.000000 -55.653728
22500.000000 -58.012974
22550.000000 -56.211323
22600.000000 -57.230476
22650.000000 -55.883507
22700.000000 -54.057281
22750.000000 -55.672150
22800.000000 -53.944878
22850.000000 -54.046993
22900.000000 -56.319618
22950.000000 -57.969097
23000.000000 -56.872128
23050.000000 -57.726212
23100.000000 -54.404404
23150.000000 -54.024315
23200.000000 -55.297443
23250.000000 -53.954189
23300.000000 -55.293896
23350.000000 -55.214314
23400.000000 -54.724068
23450.000000 -55.761753
23500.000000 -54.516399
23550.000000 -55.847279
23600.000000 -56.270130
23650.000000 -55.450180
23700.000000 -56.722260
23750.000000 -58.148327
23800.000000 -57.599525
23850.000000 -58.522633
23900.000000 -56.655090
23950.000000 -56.192921
24000.000000 -57.381023
24050.000000 -56.246956
24100.000000 -57.271523
24150.000000 -55.626129
24200.000000 -54.283466
24250.000000 -54.067184
24300.000000 -53.951153
24350.000000 -53.978672
24400.000000 -53.960339
24450.000000 -53.960468
24500.000000 -53.968803
24550.000000 -53.940521
24600.000000 -53.917397
24650.000000 -53.972115
24700.000000 -55.058052
24750.000000 -53.931358
24800.000000 -53.963245
24850.000000 -53.920555
24900.000000 -54.696102
24950.000000 -54.434448
25000.000000 -53.957165
25050.000000 -53.958221
25100.000000 -53.996052
25150.000000 -54.235489
25200.000000 -54.130203
25250.000000 -54.810268
25300.000000 -54.918205
25350.000000 -55.627571
25400.000000 -57.025284
25450.000000 -57.100613
25500.000000 -57.839878
25550.000000 -58.764565
25600.000000 -59.602230
25650.000000 -59.786865
25700.000000 -60.988857
25750.000000 -61.564137
25800.000000 -62.366203
25850.000000 -65.552345
25900.000000 -66.126205
25950.000000 -66.066849
26000.000000 -66.250526
26050.000000 -64.574928
26100.000000 -64.905678
26150.000000 -63.614498
26200.000000 -63.471409
26250.000000 -61.935516
26300.000000 -62.095818
26350.000000 -62.263084
26400.000000 -62.172405
26450.000000 -60.097427
26500.000000 -59.188381
26550.000000 -60.121857
26600.000000 -59.085300
26650.000000 -58.550743
26700.000000 -58.586372
26750.000000 -58.059364
26800.000000 -57.262814
26850.000000 -56.981262
26900.000000 -57.251411
26950.000000 -55.546635
27000.000000 -56.054825
27050.000000 -55.435749
27100.000000 -55.444138
27150.000000 -55.574299
27200.000000 -55.284573
27250.000000 -55.320072
27300.000000 -55.006287
27350.000000 -54.746338
27400.000000 -54.981560
27450.000000 -55.086536
27500.000000 -54.622147
27550.000000 -54.276466
27600.000000 -54.347870
27650.000000 -54.438221
27700.000000 -54.493519
27750.000000 -54.171772
27800.000000 -54.468315
27850.000000 -54.348976
27900.000000 -54.232689
27950.000000 -54.496189
28000.000000 -53.976486
28050.000000 -54.028111
28100.000000 -54.091518
28150.000000 -54.219193
28200.000000 -54.285934
28250.000000 -54.553982
28300.000000 -54.827789
28350.000000 -55.028915
28400.000000 -55.190510
28450.000000 -55.198742
28500.000000 -55.286423
28550.000000 -55.517475
28600.000000 -55.750290
28650.000000 -55.829628
28700.000000 -55.998375
28750.000000 -55.913757
28800.000000 -56.352211
28850.000000 -56.342552
28900.000000 -56.658699
28950.000000 -56.794624
29000.000000 -56.997379
29050.000000 -57.221039
29100.000000 -57.174103
29150.000000 -57.329121
29200.000000 -57.440540
29250.000000 -57.473175
29300.000000 -57.775211
29350.000000 -58.123837
29400.000000 -57.988842
29450.000000 -58.233776
29500.000000 -58.406242
29550.000000 -58.535614
29600.000000 -58.624863
29650.000000 -58.712872
29700.000000 -58.953888
29750.000000 -59.282684
29800.000000 -59.185966
29850.000000 -59.504288
29900.000000 -59.576569
29950.000000 -59.685425
30000.000000 -59.825363
30050.000000 -60.149994
30100.000000 -60.197723
30150.000000 -60.479805
30200.000000 -60.490036
30250.000000 -60.887714
30300.000000 -60.869678
30350.000000 -61.067181
30400.000000 -61.100666
30450.000000 -61.438419
30500.000000 -61.353130
30550.000000 -61.784794
30600.000000 -61.619377
30650.000000 -61.897511
30700.000000 -62.121666
30750.000000 -61.936016
30800.000000 -62.462975
30850.000000 -62.436268
30900.000000 -62.827602
30950.000000 -62.780380
31000.000000 -62.895409
31050.000000 -63.295528
31100.000000 -63.091454
31150.000000 -63.573803
31200.000000 -63.452850
31250.000000 -63.593224
31300.000000 -63.789249
31350.000000 -63.961315
31400.000000 -64.287315
31450.000000 -64.623093
31500.000000 -64.415047
31550.000000 -64.558784
31600.000000 -64.825378
31650.000000 -64.826073
31700.000000 -65.267235
31750.000000 -65.343407
31800.000000 -65.309631
31850.000000 -65.590103
31900.000000 -66.035454
31950.000000 -65.966957
32000.000000 -65.985947
32050.000000 -65.975395
32100.000000 -66.095680
32150.000000 -66.457649
32200.000000 -66.696732
32250.000000 -67.073555
32300.000000 -67.215958
32350.000000 -67.278847
32400.000000 -67.172569
32450.000000 -67.583786
32500.000000 -67.322151
32550.000000 -67.650047
32600.000000 -67.761719
32650.000000 -67.995789
32700.000000 -68.169556
32750.000000 -68.417480
32800.000000 -68.285065
32850.000000 -68.620689
32900.000000 -69.090889
32950.000000 -69.315727
33000.000000 -69.093910
33050.000000 -69.060745
33100.000000 -69.537788
33150.000000 -69.568047
33200.000000 -70.078018
33250.000000 -70.083511
33300.000000 -70.084785
33350.000000 -70.392784
33400.000000 -70.460136
33450.000000 -70.752243
33500.000000 -71.051674
33550.000000 -70.829826
33600.000000 -70.966934
33650.000000 -70.848289
33700.000000 -71.448517
33750.000000 -71.533615
33800.000000 -71.777008
33850.000000 -71.624084
33900.000000 -72.478806
33950.000000 -72.031136
34000.000000 -72.517921
34050.000000 -72.555527
34100.000000 -72.454872
34150.000000 -72.275475
34200.000000 -72.785225
34250.000000 -72.899757
34300.000000 -73.106438
34350.000000 -73.205284
34400.000000 -73.467430
34450.000000 -73.955711
34500.000000 -74.004089
34550.000000 -74.125328
34600.000000 -73.711998
34650.000000 -74.193550
34700.000000 -74.267899
34750.000000 -74.442276
34800.000000 -75.141365
34850.000000 -74.496262
34900.000000 -74.992653
34950.000000 -74.782974
35000.000000 -75.228920
35050.000000 -75.534180
35100.000000 -75.590637
35150.000000 -75.438019
35200.000000 -75.219742
35250.000000 -75.825943
35300.000000 -74.933281
35350.000000 -76.076233
35400.000000 -75.867027
35450.000000 -75.861259
35500.000000 -76.587006
35550.000000 -76.751389
35600.000000 -76.066956
35650.000000 -77.401543
35700.000000 -77.177460
35750.000000 -77.419258
35800.000000 -76.919876
35850.000000 -77.503349
35900.000000 -77.317436
35950.000000 -77.464661
36000.000000 -77.441925
36050.000000 -77.868866
36100.000000 -78.137413
36150.000000 -77.531235
36200.000000 -78.044853
36250.000000 -77.761688
36300.000000 -77.549210
36350.000000 -77.672012
36400.000000 -77.861610
36450.000000 -78.000549
36500.000000 -78.699623
36550.000000 -79.333847
36600.000000 -78.297180
36650.000000 -77.906281
36700.000000 -78.733925
36750.000000 -79.247124
36800.000000 -78.921524
36850.000000 -79.786095
36900.000000 -79.436333
36950.000000 -78.711044
37000.000000 -79.755119
37050.000000 -78.362778
37100.000000 -79.900642
37150.000000 -79.841881
37200.000000 -80.229111
37250.000000 -80.360733
37300.000000 -78.665466
37350.000000 -80.573311
37400.000000 -81.670479
37450.000000 -81.506577
37500.000000 -81.285561
37550.000000 -81.847366
37600.000000 -82.085030
37650.000000 -82.088402
37700.000000 -81.906586
37750.000000 -81.817902
37800.000000 -81.511307
37850.000000 -82.012878
37900.000000 -81.668869
37950.000000 -81.723656
38000.000000 -82.557648
38050.000000 -83.409378
38100.000000 -83.860489
38150.000000 -84.832787
38200.000000 -84.078171
38250.000000 -82.404228
38300.000000 -84.517227
38350.000000 -83.591827
38400.000000 -83.579811
38450.000000 -83.788437
38500.000000 -83.619934
38550.000000 -84.844353
38600.000000 -84.724800
38650.000000 -84.463882
38700.000000 -83.434929
38750.000000 -82.730148
38800.000000 -82.338051
38850.000000 -82.546982
38900.000000 -82.823204
38950.000000 -83.964462
39000.000000 -84.277557
39050.000000 -83.571808
39100.000000 -84.046432
39150.000000 -83.862556
39200.000000 -84.268883
39250.000000 -84.135582
39300.000000 -84.514999
39350.000000 -85.438324
39400.000000 -83.053703
39450.000000 -84.893105
39500.000000 -84.483849
39550.000000 -83.864624
39600.000000 -83.405457
39650.000000 -85.391357
39700.000000 -86.270149
39750.000000 -84.266716
39800.000000 -84.251572
39850.000000 -84.855934
39900.000000 -84.014816
39950.000000 -84.410866
40000.000000 -84.752243
