0.000000 -89.806999
50.000000 -91.161659
100.000000 -90.462364
150.000000 -90.497803
200.000000 -92.912659
250.000000 -93.885307
300.000000 -90.162598
350.000000 -91.042709
400.000000 -90.555695
450.000000 -91.649399
500.000000 -90.869591
550.000000 -89.102615
600.000000 -89.422134
650.000000 -89.351837
700.000000 -89.997627
750.000000 -89.926689
800.000000 -90.681709
850.000000 -91.195259
900.000000 -92.579208
950.000000 -91.262856
1000.000000 -91.932732
1050.000000 -91.901337
1100.000000 -89.786522
1150.000000 -89.910080
1200.000000 -91.674774
1250.000000 -91.094849
1300.000000 -91.674774
1350.000000 -91.296852
1400.000000 -92.117897
1450.000000 -90.103020
1500.000000 -92.144684
1550.000000 -93.054474
1600.000000 -91.009689
1650.000000 -91.563675
1700.000000 -94.111099
1750.000000 -93.742271
1800.000000 -90.953377
1850.000000 -90.953377
1900.000000 -91.629158
1950.000000 -87.129707
2000.000000 -90.287331
2050.000000 -92.160789
2100.000000 -94.412300
2150.000000 -92.439331
2200.000000 -90.103020
2250.000000 -86.862793
2300.000000 -88.592499
2350.000000 -92.367477
2400.000000 -90.745407
2450.000000 -90.466789
2500.000000 -89.652611
2550.000000 -92.296219
2600.000000 -91.766747
2650.000000 -89.125320
2700.000000 -91.118652
2750.000000 -91.316338
2800.000000 -91.335869
2850.000000 -93.363739
2900.000000 -92.006302
2950.000000 -90.466789
3000.000000 -90.466789
3050.000000 -90.627480
3100.000000 -91.224167
3150.000000 -93.475578
3200.000000 -91.326096
3250.000000 -94.104378
3300.000000 -93.204887
3350.000000 -88.503853
3400.000000 -92.630119
3450.000000 -92.075218
3500.000000 -68.200165
3550.000000 -60.800369
3600.000000 -56.452148
3650.000000 -54.657112
3700.000000 -54.341927
3750.000000 -55.655094
3800.000000 -58.157753
3850.000000 -61.173027
3900.000000 -62.841747
3950.000000 -59.104771
4000.000000 -56.694950
4050.000000 -55.301453
4100.000000 -56.739998
4150.000000 -54.697899
4200.000000 -57.143047
4250.000000 -55.764763
4300.000000 -56.143898
4350.000000 -60.208851
4400.000000 -59.127754
4450.000000 -60.038654
4500.000000 -61.662926
4550.000000 -60.109501
4600.000000 -59.617310
4650.000000 -57.807484
4700.000000 -56.422600
4750.000000 -56.771381
4800.000000 -56.004147
4850.000000 -55.816685
4900.000000 -55.679157
4950.000000 -55.677063
5000.000000 -55.246151
5050.000000 -55.075027
5100.000000 -55.129856
5150.000000 -54.827278
5200.000000 -55.919060
5250.000000 -55.862492
5300.000000 -57.775623
5350.000000 -57.706547
5400.000000 -59.191032
5450.000000 -59.702572
5500.000000 -61.183804
5550.000000 -60.955063
5600.000000 -58.946724
5650.000000 -57.691292
5700.000000 -58.742405
5750.000000 -58.477917
5800.000000 -56.385456
5850.000000 -56.654369
5900.000000 -55.157131
5950.000000 -55.310795
6000.000000 -58.165585
6050.000000 -55.307705
6100.000000 -54.234329
6150.000000 -54.559792
6200.000000 -54.425861
6250.000000 -54.737873
6300.000000 -54.571983
6350.000000 -54.870491
6400.000000 -54.504635
6450.000000 -55.377407
6500.000000 -55.112244
6550.000000 -54.807354
6600.000000 -55.127357
6650.000000 -54.428097
6700.000000 -54.497383
6750.000000 -54.647018
6800.000000 -54.264065
6850.000000 -54.613800
6900.000000 -55.286423
6950.000000 -56.416546
7000.000000 -57.146481
7050.000000 -58.006523
7100.000000 -58.284100
7150.000000 -57.439751
7200.000000 -56.511108
7250.000000 -55.963745
7300.000000 -55.249985
7350.000000 -55.616924
7400.000000 -55.410084
7450.000000 -54.859924
7500.000000 -55.431595
7550.000000 -56.697849
7600.000000 -53.962387
7650.000000 -54.481644
7700.000000 -53.969997
7750.000000 -53.961262
7800.000000 -53.906483
7850.000000 -53.972778
7900.000000 -53.960403
7950.000000 -53.932545
8000.000000 -55.011284
8050.000000 -53.970394
8100.000000 -53.953529
8150.000000 -54.165810
8200.000000 -55.124031
8250.000000 -54.917835
8300.000000 -55.362473
8350.000000 -55.176125
8400.000000 -57.016724
8450.000000 -57.135227
8500.000000 -55.975498
8550.000000 -56.298473
8600.000000 -55.509171
8650.000000 -55.553940
8700.000000 -55.748501
8750.000000 -55.252518
8800.000000 -56.560291
8850.000000 -56.957512
8900.000000 -57.789585
8950.000000 -57.931309
9000.000000 -58.043907
9050.000000 -57.928593
9100.000000 -57.947830
9150.000000 -57.416191
9200.000000 -57.173431
9250.000000 -56.671246
9300.000000 -56.209267
9350.000000 -55.700863
9400.000000 -54.730209
9450.000000 -53.979069
9500.000000 -53.970722
9550.000000 -53.946133
9600.000000 -53.976486
9650.000000 -53.979401
9700.000000 -53.974300
9750.000000 -53.959808
9800.000000 -53.974300
9850.000000 -53.982780
9900.000000 -55.180157
9950.000000 -54.348286
10000.000000 -56.343334
10050.000000 -54.638004
10100.000000 -54.129257
10150.000000 -54.023647
10200.000000 -55.278183
10250.000000 -53.975956
10300.000000 -53.934128
10350.000000 -53.967480
10400.000000 -53.903591
10450.000000 -53.915882
10500.000000 -53.924442
10550.000000 -53.966423
10600.000000 -54.380844
10650.000000 -55.273029
10700.000000 -56.227276
10750.000000 -57.248127
10800.000000 -58.090263
10850.000000 -59.086731
10900.000000 -60.504208
10950.000000 -61.479496
11000.000000 -61.103676
11050.000000 -59.416355
11100.000000 -60.379402
11150.000000 -59.796574
11200.000000 -57.279854
11250.000000 -57.507526
11300.000000 -55.961082
11350.000000 -55.717121
11400.000000 -55.566578
11450.000000 -55.153564
11500.000000 -55.141968
11550.000000 -54.020184
11600.000000 -53.972115
11650.000000 -53.952007
11700.000000 -53.974766
11750.000000 -54.574680
11800.000000 -54.406631
11850.000000 -53.947453
11900.000000 -53.974102
11950.000000 -53.933270
12000.000000 -53.961395
12050.000000 -53.962917
12100.000000 -54.053539
12150.000000 -56.698753
12200.000000 -54.824062
12250.000000 -55.843090
12300.000000 -55.731945
12350.000000 -58.641510
12400.000000 -55.310486
12450.000000 -57.979172
12500.000000 -55.077660
12550.000000 -55.146057
12600.000000 -56.231483
12650.000000 -54.166759
12700.000000 -54.656967
12750.000000 -53.929710
12800.000000 -53.931820
12850.000000 -53.957165
12900.000000 -53.945736
12950.000000 -53.938347
13000.000000 -53.959942
13050.000000 -53.967812
13100.000000 -53.978806
13150.000000 -54.822163
13200.000000 -55.928677
13250.000000 -57.066219
13300.000000 -58.270191
13350.000000 -58.960236
13400.000000 -60.071198
13450.000000 -61.571758
13500.000000 -60.876568
13550.000000 -60.768600
13600.000000 -60.663109
13650.000000 -59.440182
13700.000000 -58.213791
13750.000000 -57.031120
13800.000000 -56.519180
13850.000000 -55.474388
13900.000000 -54.628521
13950.000000 -54.113495
14000.000000 -53.983711
14050.000000 -53.963444
14100.000000 -53.908714
14150.000000 -53.958355
14200.000000 -53.930435
14250.000000 -53.937092
14300.000000 -53.966488
14350.000000 -54.869537
14400.000000 -54.135735
14450.000000 -54.370804
14500.000000 -56.716354
14550.000000 -56.447926
14600.000000 -56.298126
14650.000000 -56.515633
14700.000000 -56.287575
14750.000000 -56.178314
14800.000000 -57.071609
14850.000000 -55.280109
14900.000000 -54.406914
14950.000000 -54.385216
15000.000000 -53.956436
15050.000000 -53.963776
15100.000000 -53.953331
15150.000000 -53.935707
15200.000000 -53.926285
15250.000000 -53.973438
15300.000000 -53.944218
15350.000000 -54.863007
15400.000000 -54.071602
15450.000000 -54.553486
15500.000000 -55.565941
15550.000000 -55.277874
15600.000000 -55.226929
15650.000000 -55.693920
15700.000000 -56.487015
15750.000000 -57.610592
15800.000000 -57.727539
15850.000000 -57.931831
15900.000000 -58.664207
15950.000000 -57.839363
16000.000000 -57.391815
16050.000000 -56.644184
16100.000000 -56.744736
16150.000000 -55.264343
16200.000000 -56.140156
16250.000000 -54.699989
16300.000000 -55.122669
16350.000000 -54.675041
16400.000000 -53.956039
16450.000000 -53.929314
16500.000000 -53.947254
16550.000000 -53.945999
16600.000000 -53.910030
16650.000000 -53.946529
16700.000000 -53.958420
16750.000000 -54.519993
16800.000000 -54.497246
16850.000000 -54.940678
16900.000000 -54.862785
16950.000000 -55.373512
17000.000000 -55.234123
17050.000000 -56.512882
17100.000000 -55.643047
17150.000000 -56.726166
17200.000000 -57.261948
17250.000000 -56.635365
17300.000000 -56.529575
17350.000000 -56.322044
17400.000000 -57.077194
17450.000000 -57.310432
17500.000000 -56.902504
17550.000000 -56.814716
17600.000000 -55.654774
17650.000000 -55.067364
17700.000000 -55.434498
17750.000000 -54.921230
17800.000000 -56.069904
17850.000000 -54.488739
17900.000000 -54.354649
17950.000000 -53.972446
18000.000000 -54.379387
18050.000000 -55.093090
18100.000000 -55.733646
18150.000000 -56.151722
18200.000000 -56.404182
18250.000000 -56.985943
18300.000000 -57.830582
18350.000000 -57.705833
18400.000000 -58.091858
18450.000000 -57.882462
18500.000000 -58.079525
18550.000000 -58.291065
18600.000000 -57.806355
18650.000000 -57.149918
18700.000000 -58.195789
18750.000000 -56.928989
18800.000000 -56.287403
18850.000000 -55.427834
18900.000000 -55.203091
18950.000000 -54.928989
19000.000000 -54.393761
19050.000000 -54.065578
19100.000000 -55.160625
19150.000000 -54.365173
19200.000000 -54.492744
19250.000000 -55.188606
19300.000000 -55.614521
19350.000000 -55.602055
19400.000000 -55.651237
19450.000000 -57.220367
19500.000000 -57.507225
19550.000000 -57.326683
19600.000000 -56.317360
19650.000000 -58.326519
19700.000000 -57.065937
19750.000000 -57.926300
19800.000000 -57.806664
19850.000000 -57.949711
19900.000000 -56.836235
19950.000000 -56.260128
20000.000000 -56.306355
20050.000000 -55.787010
20100.000000 -55.039165
20150.000000 -54.807793
20200.000000 -55.880947
20250.000000 -54.396889
20300.000000 -53.972378
20350.000000 -53.973175
20400.000000 -54.668732
20450.000000 -55.579155
20500.000000 -56.082981
20550.000000 -55.765739
20600.000000 -56.201477
20650.000000 -57.036392
20700.000000 -57.391323
20750.000000 -57.926716
20800.000000 -58.349506
20850.000000 -57.750832
20900.000000 -57.382103
20950.000000 -58.113377
21000.000000 -57.303917
21050.000000 -56.747013
21100.000000 -57.254887
21150.000000 -56.559044
21200.000000 -55.721813
21250.000000 -55.356335
21300.000000 -54.532345
21350.000000 -53.960007
21400.000000 -53.979202
21450.000000 -55.824711
21500.000000 -56.000633
21550.000000 -54.388691
21600.000000 -55.145302
21650.000000 -55.496853
21700.000000 -55.732754
21750.000000 -56.888504
21800.000000 -57.146385
21850.000000 -58.799122
21900.000000 -58.779869
21950.000000 -58.644115
22000.000000 -59.471554
22050.000000 -60.232368
22100.000000 -58.997829
22150.000000 -58.266064
22200.000000 -57.134182
22250.000000 -57.413532
22300.000000 -57.221615
22350.000000 -56.503483
22400.000000 -56.068893
22450.000000 -55.215996
22500.000000 -54.929508
22550.000000 -54.545490
22600.000000 -54.029644
22650.000000 -53.968540
22700.000000 -53.962917
22750.000000 -53.972977
22800.000000 -54.014328
22850.000000 -54.653957
22900.000000 -54.955864
22950.000000 -55.491013
23000.000000 -55.889778
23050.000000 -55.816109
23100.000000 -55.997707
23150.000000 -56.674046
23200.000000 -56.785740
23250.000000 -56.944077
23300.000000 -56.647697
23350.000000 -56.971344
23400.000000 -56.362495
23450.000000 -55.666275
23500.000000 -55.204006
23550.000000 -55.345791
23600.000000 -56.633205
23650.000000 -58.036392
23700.000000 -59.356705
23750.000000 -58.812637
23800.000000 -58.278339
23850.000000 -57.238670
23900.000000 -55.632298
23950.000000 -54.478413
24000.000000 -54.380360
24050.000000 -54.536373
24100.000000 -55.174225
24150.000000 -53.977348
24200.000000 -54.116257
24250.000000 -54.001163
24300.000000 -53.966354
24350.000000 -54.113766
24400.000000 -53.978275
24450.000000 -55.090527
24500.000000 -56.360226
24550.000000 -57.713165
24600.000000 -59.012482
24650.000000 -60.205997
24700.000000 -60.343479
24750.000000 -60.522911
24800.000000 -58.727852
24850.000000 -58.160328
24900.000000 -57.370148
24950.000000 -55.545364
25000.000000 -54.835758
25050.000000 -53.973309
25100.000000 -53.979004
25150.000000 -53.928658
25200.000000 -53.919701
25250.000000 -53.963711
25300.000000 -53.931225
25350.000000 -53.920227
25400.000000 -53.932545
25450.000000 -53.953728
25500.000000 -53.962055
25550.000000 -53.965694
25600.000000 -54.109795
25650.000000 -54.262146
25700.000000 -54.334606
25750.000000 -54.642582
25800.000000 -54.953049
25850.000000 -54.649162
25900.000000 -54.841755
25950.000000 -54.548248
26000.000000 -54.299126
26050.000000 -54.409622
26100.000000 -54.060558
26150.000000 -53.966686
26200.000000 -53.967480
26250.000000 -53.971519
26300.000000 -54.021984
26350.000000 -54.065643
26400.000000 -54.161751
26450.000000 -54.255577
26500.000000 -54.578728
26550.000000 -54.651524
26600.000000 -55.032955
26650.000000 -55.066311
26700.000000 -55.304928
26750.000000 -55.333614
26800.000000 -55.625648
26850.000000 -55.884251
26900.000000 -55.840954
26950.000000 -55.849579
27000.000000 -56.208241
27050.000000 -56.282303
27100.000000 -56.278763
27150.000000 -56.556992
27200.000000 -56.910118
27250.000000 -57.125610
27300.000000 -56.979668
27350.000000 -57.182339
27400.000000 -57.468220
27450.000000 -57.442612
27500.000000 -57.649734
27550.000000 -57.802750
27600.000000 -58.021076
27650.000000 -57.989159
27700.000000 -58.385418
27750.000000 -58.436630
27800.000000 -58.612091
27850.000000 -58.733009
27900.000000 -58.839848
27950.000000 -59.213039
28000.000000 -59.413506
28050.000000 -59.598938
28100.000000 -59.666275
28150.000000 -59.967720
28200.000000 -59.954002
28250.000000 -60.067726
28300.000000 -60.287678
28350.000000 -60.388126
28400.000000 -60.660675
28450.000000 -60.873341
28500.000000 -60.880379
28550.000000 -61.221249
28600.000000 -61.211037
28650.000000 -61.339046
28700.000000 -61.824928
28750.000000 -61.723000
28800.000000 -61.951267
28850.000000 -62.393215
28900.000000 -62.428551
28950.000000 -62.744495
29000.000000 -63.024548
29050.000000 -62.738132
29100.000000 -63.180450
29150.000000 -63.274231
29200.000000 -63.305397
29250.000000 -63.204952
29300.000000 -63.595631
29350.000000 -63.549240
29400.000000 -64.003029
29450.000000 -64.237091
29500.000000 -64.458565
29550.000000 -64.506523
29600.000000 -64.785973
29650.000000 -64.724106
29700.000000 -64.948914
29750.000000 -65.155670
29800.000000 -65.257034
29850.000000 -65.632835
29900.000000 -65.663567
29950.000000 -65.581276
30000.000000 -65.541801
30050.000000 -65.936188
30100.000000 -66.224976
30150.000000 -66.476067
30200.000000 -66.578911
30250.000000 -66.742699
30300.000000 -66.683853
30350.000000 -66.945534
30400.000000 -67.033554
30450.000000 -67.344048
30500.000000 -67.567932
30550.000000 -67.702644
30600.000000 -67.826416
30650.000000 -68.058243
30700.000000 -68.336472
30750.000000 -68.410149
30800.000000 -68.754738
30850.000000 -68.723206
30900.000000 -69.043457
30950.000000 -68.975403
31000.000000 -69.100334
31050.000000 -68.967957
31100.000000 -69.275162
31150.000000 -69.533813
31200.000000 -69.617638
31250.000000 -69.967918
31300.000000 -70.107246
31350.000000 -69.924599
31400.000000 -70.593742
31450.000000 -70.677612
31500.000000 -70.458374
31550.000000 -71.273026
31600.000000 -71.390282
31650.000000 -71.654961
31700.000000 -71.550125
31750.000000 -71.609444
31800.000000 -71.645332
31850.000000 -72.219017
31900.000000 -71.848785
31950.000000 -72.188766
32000.000000 -71.924301
32050.000000 -72.018967
32100.000000 -72.381233
32150.000000 -72.601776
32200.000000 -72.704735
32250.000000 -73.083092
32300.000000 -73.066376
32350.000000 -72.913223
32400.000000 -73.457443
32450.000000 -73.526985
32500.000000 -73.555969
32550.000000 -73.704933
32600.000000 -74.186081
32650.000000 -73.821930
32700.000000 -74.948082
32750.000000 -74.644508
32800.000000 -74.431099
32850.000000 -75.171028
32900.000000 -74.824501
32950.000000 -75.005318
33000.000000 -75.373207
33050.000000 -75.740303
33100.000000 -75.343689
33150.000000 -75.576294
33200.000000 -76.386246
33250.000000 -75.956421
33300.000000 -76.269875
33350.000000 -76.413391
33400.000000 -76.803520
33450.000000 -76.647163
33500.000000 -76.799850
33550.000000 -76.184891
33600.000000 -76.427429
33650.000000 -76.160156
33700.000000 -76.294060
33750.000000 -77.510315
33800.000000 -77.109726
33850.000000 -77.708588
33900.000000 -77.188957
33950.000000 -77.501358
34000.000000 -77.840919
34050.000000 -78.246117
34100.000000 -78.228806
34150.000000 -78.184601
34200.000000 -78.171707
34250.000000 -78.920357
34300.000000 -78.768364
34350.000000 -79.321579
34400.000000 -80.127640
34450.000000 -80.119576
34500.000000 -79.862724
34550.000000 -80.877304
34600.000000 -80.242729
34650.000000 -80.726143
34700.000000 -80.086044
34750.000000 -80.603096
34800.000000 -80.241364
34850.000000 -80.924347
34900.000000 -80.600258
34950.000000 -79.349815
35000.000000 -79.436333
35050.000000 -80.683022
35100.000000 -80.791222
35150.000000 -80.752113
35200.000000 -81.415619
35250.000000 -80.955360
35300.000000 -81.282486
35350.000000 -80.074013
35400.000000 -81.813004
35450.000000 -83.294357
35500.000000 -82.193542
35550.000000 -82.241447
35600.000000 -83.514015
35650.000000 -81.961235
35700.000000 -83.376091
35750.000000 -82.692123
35800.000000 -84.595612
35850.000000 -83.059357
35900.000000 -83.157928
35950.000000 -83.966553
36000.000000 -82.582596
36050.000000 -83.889473
36100.000000 -83.178932
36150.000000 -83.372169
36200.000000 -83.516006
36250.000000 -83.815125
36300.000000 -86.102638
36350.000000 -83.833656
36400.000000 -85.779587
36450.000000 -84.844353
36500.000000 -82.941406
36550.000000 -86.049286
36600.000000 -84.199829
36650.000000 -86.349625
36700.000000 -84.761406
36750.000000 -87.081650
36800.000000 -85.403717
36850.000000 -85.307930
36900.000000 -85.925179
36950.000000 -86.004189
37000.000000 -87.884384
37050.000000 -87.153831
37100.000000 -86.240189
37150.000000 -85.288414
37200.000000 -88.461617
37250.000000 -85.880722
37300.000000 -86.022728
37350.000000 -86.903778
37400.000000 -86.865707
37450.000000 -86.906715
37500.000000 -86.689301
37550.000000 -87.380249
37600.000000 -87.514580
37650.000000 -87.260185
37700.000000 -85.329933
37750.000000 -86.374435
37800.000000 -86.816185
37850.000000 -89.309158
37900.000000 -89.652611
37950.000000 -88.353455
38000.000000 -87.676636
38050.000000 -87.120674
38100.000000 -90.636490
38150.000000 -88.856667
38200.000000 -85.638931
38250.000000 -88.158028
38300.000000 -88.528580
38350.000000 -89.461441
38400.000000 -88.549835
38450.000000 -89.174728
38500.000000 -86.338615
38550.000000 -88.790779
38600.000000 -90.192543
38650.000000 -89.445702
38700.000000 -88.878738
38750.000000 -89.901794
38800.000000 -89.881096
38850.000000 -89.648582
38900.000000 -88.952721
38950.000000 -88.934166
39000.000000 -89.576431
39050.000000 -88.919350
39100.000000 -89.262833
39150.000000 -88.934166
39200.000000 -89.228249
39250.000000 -89.980888
39300.000000 -90.378784
39350.000000 -89.493011
39400.000000 -88.325760
39450.000000 -88.838310
39500.000000 -90.309013
39550.000000 -89.811096
39600.000000 -91.885696
39650.000000 -92.076172
39700.000000 -87.159874
39750.000000 -90.300331
39800.000000 -90.374405
39850.000000 -90.613968
39900.000000 -90.052269
39950.000000 -89.964172
40000.000000 -89.524696
