0.000000 -62.926537
50.000000 -62.332497
100.000000 -62.700794
150.000000 -62.886349
200.000000 -62.682003
250.000000 -62.571354
300.000000 -62.724159
350.000000 -62.881916
400.000000 -62.768524
450.000000 -62.796825
500.000000 -62.584553
550.000000 -62.483768
600.000000 -62.466671
650.000000 -62.213863
700.000000 -62.965424
750.000000 -62.827419
800.000000 -62.257065
850.000000 -62.718719
900.000000 -62.616199
950.000000 -62.915222
1000.000000 -62.745403
1050.000000 -63.117031
1100.000000 -62.888382
1150.000000 -62.788052
1200.000000 -62.637897
1250.000000 -62.953686
1300.000000 -62.688324
1350.000000 -62.659294
1400.000000 -62.939358
1450.000000 -62.564228
1500.000000 -62.993065
1550.000000 -62.949776
1600.000000 -62.988762
1650.000000 -63.035820
1700.000000 -62.675148
1750.000000 -62.609035
1800.000000 -62.306877
1850.000000 -63.074066
1900.000000 -63.209362
1950.000000 -62.922642
2000.000000 -63.167652
2050.000000 -63.221451
2100.000000 -62.998302
2150.000000 -62.380829
2200.000000 -62.732506
2250.000000 -62.897442
2300.000000 -62.554974
2350.000000 -62.842850
2400.000000 -63.036385
2450.000000 -62.791889
2500.000000 -62.867153
2550.000000 -62.860332
2600.000000 -62.442936
2650.000000 -62.644184
2700.000000 -62.567078
2750.000000 -62.862728
2800.000000 -62.561916
2850.000000 -62.763603
2900.000000 -62.428024
2950.000000 -62.397930
3000.000000 -62.211639
3050.000000 -62.935638
3100.000000 -62.764149
3150.000000 -62.420841
3200.000000 -62.651375
3250.000000 -62.805241
3300.000000 -62.333366
3350.000000 -62.529045
3400.000000 -62.564228
3450.000000 -62.612080
3500.000000 -62.758141
3550.000000 -62.500721
3600.000000 -62.812199
3650.000000 -62.859043
3700.000000 -62.953312
3750.000000 -63.205719
3800.000000 -62.830357
3850.000000 -63.040520
3900.000000 -62.893372
3950.000000 -62.786591
4000.000000 -62.767067
4050.000000 -63.098648
4100.000000 -63.007668
4150.000000 -63.065197
4200.000000 -63.464890
4250.000000 -63.522953
4300.000000 -62.956104
4350.000000 -63.097336
4400.000000 -63.269211
4450.000000 -63.011417
4500.000000 -63.282547
4550.000000 -62.966915
4600.000000 -63.123867
4650.000000 -63.050682
4700.000000 -63.128803
4750.000000 -62.837704
4800.000000 -62.897259
4850.000000 -62.736500
4900.000000 -63.082188
4950.000000 -63.329086
5000.000000 -63.317818
5050.000000 -63.639248
5100.000000 -63.762230
5150.000000 -64.054665
5200.000000 -64.454796
5250.000000 -64.648628
5300.000000 -64.556099
5350.000000 -65.329926
5400.000000 -65.457672
5450.000000 -66.078850
5500.000000 -66.426208
5550.000000 -66.606941
5600.000000 -66.507408
5650.000000 -66.669556
5700.000000 -66.863075
5750.000000 -66.750771
5800.000000 -67.275475
5850.000000 -67.674385
5900.000000 -67.734230
5950.000000 -67.974518
6000.000000 -67.808487
6050.000000 -67.845039
6100.000000 -68.336128
6150.000000 -68.284370
6200.000000 -68.775459
6250.000000 -69.291740
6300.000000 -69.409195
6350.000000 -69.689720
6400.000000 -69.482727
6450.000000 -69.766907
6500.000000 -70.134445
6550.000000 -70.166000
6600.000000 -70.479607
6650.000000 -70.773750
6700.000000 -70.941208
6750.000000 -70.913696
6800.000000 -71.668663
6850.000000 -71.736984
6900.000000 -72.195244
6950.000000 -71.689514
7000.000000 -72.455421
7050.000000 -72.476021
7100.000000 -73.241119
7150.000000 -73.217415
7200.000000 -73.149696
7250.000000 -73.022934
7300.000000 -73.818672
7350.000000 -73.733871
7400.000000 -73.851913
7450.000000 -74.554832
7500.000000 -74.289848
7550.000000 -75.430191
7600.000000 -75.399696
7650.000000 -75.344467
7700.000000 -75.675613
7750.000000 -75.003830
7800.000000 -75.339043
7850.000000 -75.707092
7900.000000 -76.453827
7950.000000 -76.610298
8000.000000 -76.406372
8050.000000 -77.294113
8100.000000 -77.411369
8150.000000 -77.052902
8200.000000 -77.320358
8250.000000 -78.060745
8300.000000 -78.278664
8350.000000 -79.288544
8400.000000 -79.224068
8450.000000 -78.465469
8500.000000 -79.146835
8550.000000 -79.211952
8600.000000 -79.491158
8650.000000 -79.688370
8700.000000 -79.721680
8750.000000 -79.596794
8800.000000 -80.430092
8850.000000 -80.556343
8900.000000 -81.241112
8950.000000 -82.083344
9000.000000 -81.350349
9050.000000 -81.646416
9100.000000 -82.896896
9150.000000 -81.847366
9200.000000 -81.022194
9250.000000 -82.069878
9300.000000 -83.583824
9350.000000 -82.004532
9400.000000 -83.040527
9450.000000 -82.374557
9500.000000 -83.144600
9550.000000 -85.119522
9600.000000 -83.872894
9650.000000 -84.000099
9700.000000 -83.895699
9750.000000 -83.261497
9800.000000 -82.562988
9850.000000 -84.417480
9900.000000 -84.116402
9950.000000 -84.219200
10000.000000 -83.417229
10050.000000 -83.698700
10100.000000 -84.141991
10150.000000 -84.828163
10200.000000 -84.373512
10250.000000 -84.881470
10300.000000 -85.261658
10350.000000 -83.983307
10400.000000 -85.105194
10450.000000 -85.687263
10500.000000 -86.283798
10550.000000 -86.839455
10600.000000 -86.297470
10650.000000 -87.045784
10700.000000 -86.766937
10750.000000 -84.893105
10800.000000 -86.989296
10850.000000 -86.856949
10900.000000 -88.454597
10950.000000 -87.226624
11000.000000 -90.690796
11050.000000 -86.368912
11100.000000 -87.976852
11150.000000 -86.968575
11200.000000 -88.363869
11250.000000 -87.874535
11300.000000 -89.852203
11350.000000 -87.897530
11400.000000 -86.900841
11450.000000 -88.642540
11500.000000 -89.068665
11550.000000 -87.789635
11600.000000 -90.213989
11650.000000 -87.514580
11700.000000 -87.711990
11750.000000 -90.213989
11800.000000 -88.291267
11850.000000 -88.754387
11900.000000 -89.004890
11950.000000 -89.790611
12000.000000 -88.613914
12050.000000 -87.917297
12100.000000 -89.027344
12150.000000 -90.453529
12200.000000 -86.692162
12250.000000 -87.933800
12300.000000 -89.481163
12350.000000 -88.635376
12400.000000 -90.265694
12450.000000 -90.387543
12500.000000 -92.059265
12550.000000 -91.700226
12600.000000 -91.634216
12650.000000 -92.613113
12700.000000 -87.370956
12750.000000 -93.168404
12800.000000 -91.321220
12850.000000 -92.912659
12900.000000 -93.748726
12950.000000 -93.042564
13000.000000 -94.767746
13050.000000 -95.462387
13100.000000 -92.495010
13150.000000 -93.018799
13200.000000 -91.147301
13250.000000 -93.018799
13300.000000 -95.470245
13350.000000 -93.997467
13400.000000 -91.922226
13450.000000 -90.086067
13500.000000 -96.399399
13550.000000 -90.555695
13600.000000 -94.623817
13650.000000 -93.768105
13700.000000 -93.918251
13750.000000 -90.846458
13800.000000 -94.178642
13850.000000 -93.228981
13900.000000 -94.731537
13950.000000 -94.531525
14000.000000 -96.329636
14050.000000 -93.042564
14100.000000 -95.085510
14150.000000 -92.123253
14200.000000 -90.827995
14250.000000 -91.603912
14300.000000 -92.193100
14350.000000 -92.214706
14400.000000 -92.807793
14450.000000 -93.833023
14500.000000 -91.715530
14550.000000 -91.922226
14600.000000 -92.900940
14650.000000 -91.424301
14700.000000 -91.258011
14750.000000 -92.624443
14800.000000 -93.839539
14850.000000 -92.709908
14900.000000 -94.070824
14950.000000 -90.400703
15000.000000 -91.624100
15050.000000 -94.995659
15100.000000 -92.692749
15150.000000 -92.472702
15200.000000 -92.406097
15250.000000 -97.016197
15300.000000 -94.538589
15350.000000 -90.948700
15400.000000 -91.864891
15450.000000 -94.552849
15500.000000 -93.332932
15550.000000 -93.755180
15600.000000 -91.766747
15650.000000 -96.784309
15700.000000 -92.790443
15750.000000 -94.226234
15800.000000 -92.977371
15850.000000 -90.972107
15900.000000 -90.365662
15950.000000 -93.036621
16000.000000 -89.410385
16050.000000 -85.867691
16100.000000 -90.972107
16150.000000 -93.283859
16200.000000 -86.851120
16250.000000 -90.736328
16300.000000 -90.654549
16350.000000 -89.864571
16400.000000 -90.124245
16450.000000 -93.964333
16500.000000 -94.280952
16550.000000 -90.090302
16600.000000 -91.180847
16650.000000 -90.515572
16700.000000 -91.901337
16750.000000 -91.634216
16800.000000 -94.688286
16850.000000 -92.285301
16900.000000 -93.132263
16950.000000 -92.176933
17000.000000 -93.595215
17050.000000 -91.052162
17100.000000 -90.300331
17150.000000 -92.790443
17200.000000 -89.520729
17250.000000 -90.832611
17300.000000 -92.750084
17350.000000 -93.351402
17400.000000 -91.807938
17450.000000 -94.178642
17500.000000 -96.505112
17550.000000 -96.269043
17600.000000 -90.976799
17650.000000 -92.483849
17700.000000 -92.511787
17750.000000 -95.573135
17800.000000 -93.722946
17850.000000 -93.690842
17900.000000 -93.314491
17950.000000 -89.258980
18000.000000 -91.365250
18050.000000 -91.896118
18100.000000 -91.859703
18150.000000 -93.048515
18200.000000 -91.056892
18250.000000 -91.654472
18300.000000 -88.560486
18350.000000 -91.864937
18400.000000 -92.977371
18450.000000 -92.965569
18500.000000 -91.654472
18550.000000 -94.440201
18600.000000 -91.370155
18650.000000 -91.807938
18700.000000 -90.883499
18750.000000 -90.995575
18800.000000 -94.862595
18850.000000 -94.253548
18900.000000 -93.755180
18950.000000 -91.985207
19000.000000 -91.649399
19050.000000 -89.947495
19100.000000 -92.279854
19150.000000 -94.426239
19200.000000 -94.151566
19250.000000 -92.193100
19300.000000 -95.621033
19350.000000 -90.179695
19400.000000 -94.468201
19450.000000 -94.468201
19500.000000 -96.657104
19550.000000 -94.017418
19600.000000 -90.695320
19650.000000 -93.066391
19700.000000 -94.315323
19750.000000 -94.609550
19800.000000 -94.818687
19850.000000 -93.891861
19900.000000 -92.971466
19950.000000 -92.389526
20000.000000 -93.030678
20050.000000 -92.406097
20100.000000 -92.613113
20150.000000 -93.126396
20200.000000 -93.066391
20250.000000 -94.104378
20300.000000 -92.128601
20350.000000 -91.090096
20400.000000 -94.050758
20450.000000 -92.889244
20500.000000 -94.855263
20550.000000 -93.120255
20600.000000 -92.930260
20650.000000 -93.569885
20700.000000 -95.040466
20750.000000 -93.665237
20800.000000 -95.848129
20850.000000 -90.287331
20900.000000 -90.035423
20950.000000 -88.871376
21000.000000 -92.384010
21050.000000 -92.692749
21100.000000 -94.158325
21150.000000 -95.376343
21200.000000 -94.630959
21250.000000 -92.539818
21300.000000 -93.761642
21350.000000 -90.855705
21400.000000 -90.786606
21450.000000 -90.953377
21500.000000 -93.431915
21550.000000 -92.551048
21600.000000 -91.870087
21650.000000 -90.274338
21700.000000 -91.316338
21750.000000 -86.936111
21800.000000 -90.713501
21850.000000 -87.708771
21900.000000 -90.934692
21950.000000 -92.738586
22000.000000 -91.654472
22050.000000 -88.023468
22100.000000 -89.959999
22150.000000 -91.365250
22200.000000 -91.262856
22250.000000 -90.874222
22300.000000 -91.478790
22350.000000 -90.352554
22400.000000 -91.598877
22450.000000 -92.312607
22500.000000 -91.047432
22550.000000 -88.465126
22600.000000 -90.864960
22650.000000 -90.916039
22700.000000 -92.123253
22750.000000 -88.006790
22800.000000 -92.681351
22850.000000 -92.340004
22900.000000 -92.652840
22950.000000 -92.006302
23000.000000 -94.004112
23050.000000 -93.048515
23100.000000 -91.291992
23150.000000 -89.905930
23200.000000 -89.437843
23250.000000 -88.621063
23300.000000 -90.995575
23350.000000 -90.916039
23400.000000 -91.725754
23450.000000 -91.128189
23500.000000 -91.424301
23550.000000 -93.601555
23600.000000 -94.030739
23650.000000 -90.622971
23700.000000 -91.985207
23750.000000 -95.399727
23800.000000 -91.777023
23850.000000 -93.925369
23900.000000 -95.848129
23950.000000 -93.872208
24000.000000 -95.168701
24050.000000 -91.080597
24100.000000 -91.287125
24150.000000 -93.872208
24200.000000 -91.710426
24250.000000 -94.097656
24300.000000 -94.178642
24350.000000 -93.964333
24400.000000 -93.475578
24450.000000 -93.846062
24500.000000 -94.356750
24550.000000 -90.179695
24600.000000 -95.637062
24650.000000 -94.212608
24700.000000 -95.446678
24750.000000 -93.620613
24800.000000 -94.165092
24850.000000 -91.104362
24900.000000 -92.545433
24950.000000 -81.104584
25000.000000 -76.236298
25050.000000 -72.800835
25100.000000 -70.011032
25150.000000 -68.009781
25200.000000 -66.623978
25250.000000 -65.841156
25300.000000 -64.659729
25350.000000 -64.064392
25400.000000 -63.066326
25450.000000 -62.657314
25500.000000 -62.105099
25550.000000 -61.557159
25600.000000 -60.808514
25650.000000 -60.598263
25700.000000 -60.387299
25750.000000 -59.986893
25800.000000 -59.875256
25850.000000 -59.452866
25900.000000 -59.300274
25950.000000 -59.261353
26000.000000 -58.968121
26050.000000 -58.883911
26100.000000 -58.685829
26150.000000 -58.688446
26200.000000 -58.870747
26250.000000 -58.889038
26300.000000 -58.940975
26350.000000 -59.047569
26400.000000 -59.288422
26450.000000 -59.249676
26500.000000 -59.665508
26550.000000 -59.805382
26600.000000 -59.824326
26650.000000 -59.940956
26700.000000 -59.999470
26750.000000 -60.083767
26800.000000 -60.881844
26850.000000 -60.991829
26900.000000 -61.215149
26950.000000 -61.300323
27000.000000 -61.508144
27050.000000 -61.883339
27100.000000 -62.170197
27150.000000 -62.580627
27200.000000 -62.718178
27250.000000 -62.926353
27300.000000 -63.292221
27350.000000 -63.657402
27400.000000 -63.869785
27450.000000 -63.773479
27500.000000 -63.995468
27550.000000 -64.294701
27600.000000 -63.864822
27650.000000 -64.114265
27700.000000 -64.304703
27750.000000 -64.132164
27800.000000 -64.062698
27850.000000 -64.283623
27900.000000 -64.386230
27950.000000 -64.238380
28000.000000 -64.004921
28050.000000 -63.599041
28100.000000 -63.367672
28150.000000 -63.412315
28200.000000 -63.210129
28250.000000 -63.281193
28300.000000 -63.188484
28350.000000 -62.407539
28400.000000 -62.842113
28450.000000 -62.432232
28500.000000 -62.451546
28550.000000 -62.474598
28600.000000 -62.747585
28650.000000 -62.143692
28700.000000 -62.047699
28750.000000 -62.145386
28800.000000 -61.360565
28850.000000 -61.574459
28900.000000 -61.573666
28950.000000 -61.261463
29000.000000 -61.168476
29050.000000 -61.292320
29100.000000 -60.874073
29150.000000 -61.303555
29200.000000 -60.819721
29250.000000 -61.252121
29300.000000 -61.391312
29350.000000 -61.692829
29400.000000 -61.832619
29450.000000 -62.014378
29500.000000 -61.993511
29550.000000 -61.919304
29600.000000 -62.161350
29650.000000 -61.807449
29700.000000 -62.208221
29750.000000 -61.987011
29800.000000 -62.377518
29850.000000 -62.426273
29900.000000 -62.476185
29950.000000 -62.489239
30000.000000 -62.574917
30050.000000 -62.438374
30100.000000 -62.714550
30150.000000 -62.445747
30200.000000 -62.245560
30250.000000 -62.419266
30300.000000 -62.495949
30350.000000 -62.409641
30400.000000 -62.500542
30450.000000 -62.583481
30500.000000 -61.984844
30550.000000 -62.421368
30600.000000 -62.403347
30650.000000 -62.437847
30700.000000 -62.341171
30750.000000 -62.307571
30800.000000 -62.192173
30850.000000 -62.167645
30900.000000 -62.031609
30950.000000 -62.082329
31000.000000 -62.691936
31050.000000 -62.923393
31100.000000 -62.471428
31150.000000 -62.464561
31200.000000 -62.630898
31250.000000 -62.111012
31300.000000 -62.422066
31350.000000 -62.245216
31400.000000 -62.729237
31450.000000 -62.276680
31500.000000 -62.609394
31550.000000 -62.488003
31600.000000 -62.017220
31650.000000 -62.341171
31700.000000 -62.565121
31750.000000 -62.436619
31800.000000 -62.574917
31850.000000 -62.819530
31900.000000 -62.732506
31950.000000 -62.565121
32000.000000 -62.557110
32050.000000 -62.687599
32100.000000 -62.522667
32150.000000 -62.505848
32200.000000 -62.557823
32250.000000 -62.461746
32300.000000 -62.777824
32350.000000 -62.715637
32400.000000 -62.562092
32450.000000 -62.769981
32500.000000 -62.731236
32550.000000 -62.730873
32600.000000 -62.747223
32650.000000 -62.896519
32700.000000 -62.847816
32750.000000 -62.836601
32800.000000 -62.713829
32850.000000 -62.818066
32900.000000 -62.757957
32950.000000 -62.801945
33000.000000 -62.874161
33050.000000 -62.595982
33100.000000 -62.659832
33150.000000 -62.804325
33200.000000 -62.724159
33250.000000 -62.799934
33300.000000 -62.685074
33350.000000 -62.754135
33400.000000 -62.955730
33450.000000 -62.424694
33500.000000 -62.733593
33550.000000 -62.784580
33600.000000 -62.612259
33650.000000 -62.837704
33700.000000 -62.696095
33750.000000 -62.683811
33800.000000 -62.613152
33850.000000 -62.648140
33900.000000 -62.615662
33950.000000 -62.731052
34000.000000 -62.839725
34050.000000 -62.737225
34100.000000 -62.386234
34150.000000 -62.709301
34200.000000 -62.365849
34250.000000 -62.639874
34300.000000 -62.594730
34350.000000 -62.802494
34400.000000 -62.476009
34450.000000 -62.452423
34500.000000 -62.870655
34550.000000 -62.767796
34600.000000 -62.660915
34650.000000 -62.731236
34700.000000 -62.572781
34750.000000 -62.636822
34800.000000 -62.738132
34850.000000 -62.513630
34900.000000 -62.680740
34950.000000 -62.669018
35000.000000 -62.052734
35050.000000 -62.486416
35100.000000 -62.311550
35150.000000 -62.242641
35200.000000 -62.877483
35250.000000 -62.734138
35300.000000 -62.573849
35350.000000 -62.790058
35400.000000 -62.250710
35450.000000 -62.519653
35500.000000 -62.621037
35550.000000 -62.268417
35600.000000 -62.230125
35650.000000 -62.615128
35700.000000 -62.472836
35750.000000 -62.578663
35800.000000 -62.291679
35850.000000 -62.402821
35900.000000 -62.128777
35950.000000 -62.091938
36000.000000 -62.168674
36050.000000 -62.137924
36100.000000 -62.203609
36150.000000 -62.035965
36200.000000 -62.401772
36250.000000 -62.292542
36300.000000 -62.019562
36350.000000 -62.117947
36400.000000 -62.160843
36450.000000 -62.094635
36500.000000 -61.972363
36550.000000 -62.239723
36600.000000 -61.952595
36650.000000 -62.143692
36700.000000 -62.296513
36750.000000 -62.242641
36800.000000 -62.542534
36850.000000 -62.344990
36900.000000 -62.456993
36950.000000 -62.380829
37000.000000 -62.644543
37050.000000 -62.749767
37100.000000 -62.661095
37150.000000 -62.433460
37200.000000 -62.647060
37250.000000 -62.737591
37300.000000 -62.502487
37350.000000 -62.838440
37400.000000 -62.517704
37450.000000 -63.122158
37500.000000 -63.028305
37550.000000 -62.614227
37600.000000 -62.606350
37650.000000 -62.661633
37700.000000 -62.753952
37750.000000 -62.770531
37800.000000 -62.854256
37850.000000 -62.175472
37900.000000 -62.795727
37950.000000 -62.688503
38000.000000 -62.518059
38050.000000 -62.665234
38100.000000 -62.598484
38150.000000 -62.722343
38200.000000 -62.849102
38250.000000 -62.642029
38300.000000 -62.689949
38350.000000 -62.589371
38400.000000 -62.608143
38450.000000 -62.801945
38500.000000 -62.661453
38550.000000 -62.823566
38600.000000 -62.852417
38650.000000 -62.908180
38700.000000 -62.275993
38750.000000 -62.472485
38800.000000 -62.581341
38850.000000 -62.757774
38900.000000 -62.477066
38950.000000 -61.990513
39000.000000 -62.570286
39050.000000 -62.887089
39100.000000 -62.770348
39150.000000 -62.763966
39200.000000 -62.782753
39250.000000 -62.609215
39300.000000 -62.514694
39350.000000 -62.572960
39400.000000 -62.639515
39450.000000 -62.824852
39500.000000 -62.915035
39550.000000 -63.005608
39600.000000 -62.590622
39650.000000 -62.811470
39700.000000 -62.766884
39750.000000 -62.776363
39800.000000 -62.340649
39850.000000 -62.451035
39900.000000 -62.667580
39950.000000 -62.843216
40000.000000 -62.616913
