0.000000 -70.205818
50.000000 -70.216995
100.000000 -70.409470
150.000000 -70.654083
200.000000 -70.460136
250.000000 -70.693481
300.000000 -70.136147
350.000000 -70.816925
400.000000 -70.494232
450.000000 -70.452629
500.000000 -70.800362
550.000000 -70.620705
600.000000 -71.231873
650.000000 -70.328133
700.000000 -71.082474
750.000000 -71.276909
800.000000 -70.950089
850.000000 -70.706207
900.000000 -70.572220
950.000000 -70.981476
1000.000000 -70.322472
1050.000000 -70.848755
1100.000000 -70.240219
1150.000000 -69.927925
1200.000000 -69.752228
1250.000000 -69.755898
1300.000000 -69.884796
1350.000000 -70.141258
1400.000000 -70.147224
1450.000000 -69.699432
1500.000000 -70.233757
1550.000000 -70.676704
1600.000000 -70.199814
1650.000000 -70.679878
1700.000000 -70.608559
1750.000000 -70.599121
1800.000000 -70.503998
1850.000000 -70.257904
1900.000000 -70.880699
1950.000000 -70.915558
2000.000000 -70.623405
2050.000000 -70.824806
2100.000000 -70.546295
2150.000000 -70.586563
2200.000000 -70.934204
2250.000000 -70.443359
2300.000000 -70.856613
2350.000000 -70.623405
2400.000000 -70.119133
2450.000000 -70.631516
2500.000000 -70.626106
2550.000000 -70.397614
2600.000000 -70.734436
2650.000000 -70.612152
2700.000000 -70.754074
2750.000000 -70.661766
2800.000000 -70.211830
2850.000000 -69.650581
2900.000000 -69.643745
2950.000000 -70.514221
3000.000000 -69.916290
3050.000000 -70.295547
3100.000000 -70.444244
3150.000000 -70.355156
3200.000000 -70.520447
3250.000000 -70.480049
3300.000000 -70.492905
3350.000000 -70.832596
3400.000000 -70.393227
3450.000000 -70.130615
3500.000000 -70.710297
3550.000000 -70.523567
3600.000000 -70.308563
3650.000000 -70.741280
3700.000000 -70.785667
3750.000000 -70.758644
3800.000000 -70.443359
3850.000000 -70.735802
3900.000000 -70.512001
3950.000000 -70.905319
4000.000000 -70.728516
4050.000000 -70.040039
4100.000000 -70.574013
4150.000000 -70.847366
4200.000000 -70.428818
4250.000000 -70.867722
4300.000000 -70.305962
4350.000000 -70.503555
4400.000000 -69.921692
4450.000000 -69.893074
4500.000000 -70.616203
4550.000000 -70.433228
4600.000000 -71.110054
4650.000000 -70.907646
4700.000000 -71.153023
4750.000000 -71.218842
4800.000000 -71.447525
4850.000000 -71.420334
4900.000000 -71.643814
4950.000000 -72.329567
5000.000000 -71.919067
5050.000000 -72.535866
5100.000000 -72.680740
5150.000000 -72.358658
5200.000000 -73.446213
5250.000000 -73.082497
5300.000000 -73.574928
5350.000000 -73.979538
5400.000000 -73.831696
5450.000000 -74.197624
5500.000000 -74.360191
5550.000000 -74.772072
5600.000000 -75.137573
5650.000000 -75.682869
5700.000000 -75.481239
5750.000000 -75.294205
5800.000000 -76.328735
5850.000000 -76.730446
5900.000000 -76.646263
5950.000000 -76.364418
6000.000000 -77.726929
6050.000000 -77.759636
6100.000000 -77.941765
6150.000000 -77.489441
6200.000000 -77.528244
6250.000000 -77.643677
6300.000000 -77.826454
6350.000000 -77.960609
6400.000000 -77.873016
6450.000000 -78.324448
6500.000000 -78.571632
6550.000000 -79.140831
6600.000000 -79.879707
6650.000000 -79.912445
6700.000000 -80.114204
6750.000000 -79.850998
6800.000000 -80.439842
6850.000000 -80.485977
6900.000000 -80.968689
6950.000000 -80.883171
7000.000000 -80.826134
7050.000000 -81.847366
7100.000000 -81.728500
7150.000000 -81.991180
7200.000000 -81.977859
7250.000000 -82.571892
7300.000000 -82.728340
7350.000000 -83.207642
7400.000000 -81.697830
7450.000000 -82.710213
7500.000000 -83.221077
7550.000000 -82.804878
7600.000000 -82.795731
7650.000000 -83.500122
7700.000000 -84.238609
7750.000000 -83.780243
7800.000000 -84.236450
7850.000000 -84.544022
7900.000000 -82.946991
7950.000000 -84.798172
8000.000000 -85.983047
8050.000000 -84.375702
8100.000000 -84.699715
8150.000000 -85.687263
8200.000000 -84.699715
8250.000000 -86.341370
8300.000000 -86.752510
8350.000000 -85.420990
8400.000000 -86.180588
8450.000000 -86.294731
8500.000000 -86.505180
8550.000000 -88.664078
8600.000000 -88.549835
8650.000000 -88.783485
8700.000000 -86.099960
8750.000000 -87.392654
8800.000000 -90.094536
8850.000000 -89.201447
8900.000000 -88.229515
8950.000000 -87.609543
9000.000000 -88.010124
9050.000000 -88.468643
9100.000000 -89.019852
9150.000000 -88.772568
9200.000000 -87.900826
9250.000000 -89.110176
9300.000000 -88.703697
9350.000000 -89.174728
9400.000000 -90.056488
9450.000000 -90.502235
9500.000000 -90.650032
9550.000000 -92.807793
9600.000000 -88.440582
9650.000000 -90.431480
9700.000000 -91.478790
9750.000000 -92.953781
9800.000000 -92.372986
9850.000000 -92.965569
9900.000000 -91.219345
9950.000000 -93.394661
10000.000000 -94.246712
10050.000000 -92.727104
10100.000000 -93.519463
10150.000000 -92.930260
10200.000000 -92.166168
10250.000000 -93.626968
10300.000000 -91.109123
10350.000000 -92.573570
10400.000000 -92.517387
10450.000000 -90.759117
10500.000000 -92.965569
10550.000000 -92.647156
10600.000000 -94.804100
10650.000000 -91.156868
10700.000000 -91.746223
10750.000000 -92.675621
10800.000000 -92.225533
10850.000000 -91.047432
10900.000000 -90.115746
10950.000000 -87.789635
11000.000000 -93.345238
11050.000000 -92.043343
11100.000000 -92.318085
11150.000000 -89.612434
11200.000000 -90.800377
11250.000000 -91.901337
11300.000000 -91.473824
11350.000000 -89.383011
11400.000000 -88.930466
11450.000000 -93.742271
11500.000000 -91.932693
11550.000000 -93.332932
11600.000000 -87.858139
11650.000000 -91.538628
11700.000000 -92.618774
11750.000000 -90.995598
11800.000000 -90.864960
11850.000000 -91.568695
11900.000000 -93.444366
11950.000000 -92.551048
12000.000000 -93.048515
12050.000000 -94.205811
12100.000000 -90.418274
12150.000000 -90.226891
12200.000000 -88.823662
12250.000000 -92.613113
12300.000000 -96.260422
12350.000000 -89.457504
12400.000000 -91.875290
12450.000000 -91.943169
12500.000000 -92.230949
12550.000000 -91.578743
12600.000000 -92.268959
12650.000000 -92.715637
12700.000000 -91.156868
12750.000000 -93.376099
12800.000000 -91.558662
12850.000000 -94.117828
12900.000000 -93.569885
12950.000000 -93.885307
13000.000000 -89.422134
13050.000000 -92.439331
13100.000000 -95.750076
13150.000000 -92.096535
13200.000000 -94.538589
13250.000000 -93.964333
13300.000000 -94.988213
13350.000000 -94.144806
13400.000000 -92.160789
13450.000000 -93.090286
13500.000000 -93.265549
13550.000000 -91.880493
13600.000000 -95.613029
13650.000000 -92.011581
13700.000000 -92.428238
13750.000000 -94.329109
13800.000000 -95.108124
13850.000000 -96.434494
13900.000000 -97.589317
13950.000000 -93.425697
14000.000000 -93.665237
14050.000000 -92.080544
14100.000000 -90.953377
14150.000000 -93.951111
14200.000000 -92.836800
14250.000000 -90.860329
14300.000000 -95.758202
14350.000000 -93.419479
14400.000000 -98.192169
14450.000000 -97.469643
14500.000000 -93.138275
14550.000000 -95.493881
14600.000000 -93.614250
14650.000000 -93.550941
14700.000000 -93.090286
14750.000000 -91.664619
14800.000000 -95.298859
14850.000000 -93.690842
14900.000000 -96.200310
14950.000000 -93.614250
15000.000000 -95.597054
15050.000000 -92.755836
15100.000000 -94.652412
15150.000000 -92.647156
15200.000000 -92.618774
15250.000000 -97.539253
15300.000000 -93.601555
15350.000000 -92.517387
15400.000000 -94.050781
15450.000000 -95.517586
15500.000000 -93.839539
15550.000000 -93.382278
15600.000000 -91.710426
15650.000000 -93.042564
15700.000000 -93.407059
15750.000000 -90.777435
15800.000000 -91.287125
15850.000000 -91.558662
15900.000000 -92.790443
15950.000000 -94.475212
16000.000000 -91.943169
16050.000000 -94.454193
16100.000000 -95.478119
16150.000000 -93.030678
16200.000000 -92.296219
16250.000000 -92.556679
16300.000000 -90.916039
16350.000000 -92.193100
16400.000000 -92.016869
16450.000000 -92.263519
16500.000000 -93.813492
16550.000000 -94.233055
16600.000000 -94.124565
16650.000000 -92.263519
16700.000000 -92.607452
16750.000000 -90.622971
16800.000000 -93.351402
16850.000000 -95.509674
16900.000000 -92.069893
16950.000000 -93.684433
17000.000000 -92.895096
17050.000000 -95.493881
17100.000000 -92.727104
17150.000000 -93.800499
17200.000000 -96.469734
17250.000000 -93.550941
17300.000000 -93.108253
17350.000000 -92.101868
17400.000000 -95.415535
17450.000000 -94.746002
17500.000000 -90.295998
17550.000000 -93.550941
17600.000000 -93.339081
17650.000000 -89.410385
17700.000000 -91.782173
17750.000000 -95.229713
17800.000000 -92.395042
17850.000000 -93.977570
17900.000000 -94.681099
17950.000000 -93.918144
18000.000000 -93.846062
18050.000000 -92.279854
18100.000000 -91.085342
18150.000000 -92.641472
18200.000000 -89.098831
18250.000000 -93.302223
18300.000000 -92.727104
18350.000000 -93.588875
18400.000000 -90.422676
18450.000000 -92.836800
18500.000000 -92.123253
18550.000000 -91.953659
18600.000000 -90.569107
18650.000000 -91.568695
18700.000000 -92.802010
18750.000000 -94.489258
18800.000000 -97.332085
18850.000000 -91.995750
18900.000000 -94.030739
18950.000000 -92.778893
19000.000000 -91.419365
19050.000000 -95.384132
19100.000000 -95.963943
19150.000000 -94.151566
19200.000000 -94.595314
19250.000000 -92.900940
19300.000000 -92.350983
19350.000000 -95.222061
19400.000000 -91.335869
19450.000000 -92.350983
19500.000000 -93.924728
19550.000000 -92.601799
19600.000000 -94.057442
19650.000000 -91.906555
19700.000000 -93.899040
19750.000000 -95.807144
19800.000000 -94.004112
19850.000000 -92.329033
19900.000000 -93.108444
19950.000000 -90.591507
20000.000000 -91.424301
20050.000000 -94.084229
20100.000000 -95.138359
20150.000000 -90.958061
20200.000000 -96.115158
20250.000000 -97.110710
20300.000000 -96.784309
20350.000000 -96.531746
20400.000000 -96.106682
20450.000000 -93.296097
20500.000000 -95.123230
20550.000000 -92.461563
20600.000000 -93.904999
20650.000000 -93.852592
20700.000000 -93.036621
20750.000000 -93.865662
20800.000000 -91.238655
20850.000000 -95.077988
20900.000000 -91.634216
20950.000000 -93.241142
21000.000000 -93.729385
21050.000000 -94.899353
21100.000000 -93.475578
21150.000000 -92.091194
21200.000000 -92.091194
21250.000000 -94.659576
21300.000000 -97.025604
21350.000000 -92.166168
21400.000000 -94.144806
21450.000000 -94.178642
21500.000000 -94.702705
21550.000000 -91.958908
21600.000000 -95.130791
21650.000000 -93.984200
21700.000000 -90.248428
21750.000000 -90.916039
21800.000000 -92.618774
21850.000000 -94.695480
21900.000000 -95.701462
21950.000000 -94.673920
22000.000000 -92.389526
22050.000000 -93.132263
22100.000000 -92.732841
22150.000000 -92.384010
22200.000000 -94.138054
22250.000000 -95.431000
22300.000000 -91.705322
22350.000000 -94.287819
22400.000000 -90.740837
22450.000000 -96.226021
22500.000000 -91.195259
22550.000000 -89.239761
22600.000000 -91.927460
22650.000000 -91.885696
22700.000000 -94.673920
22750.000000 -94.090942
22800.000000 -89.113960
22850.000000 -90.128502
22900.000000 -90.663589
22950.000000 -93.716515
23000.000000 -94.804100
23050.000000 -91.771881
23100.000000 -91.394722
23150.000000 -96.089767
23200.000000 -92.675621
23250.000000 -94.545662
23300.000000 -95.493881
23350.000000 -94.980774
23400.000000 -88.860336
23450.000000 -96.098221
23500.000000 -96.132118
23550.000000 -93.363739
23600.000000 -95.677536
23650.000000 -95.168701
23700.000000 -96.811813
23750.000000 -91.340759
23800.000000 -92.367477
23850.000000 -92.367477
23900.000000 -92.860069
23950.000000 -91.990479
24000.000000 -95.431000
24050.000000 -97.895912
24100.000000 -95.391922
24150.000000 -94.356750
24200.000000 -94.566902
24250.000000 -91.204887
24300.000000 -96.149117
24350.000000 -92.528595
24400.000000 -95.693382
24450.000000 -91.287125
24500.000000 -90.948700
24550.000000 -95.003105
24600.000000 -96.793465
24650.000000 -94.363678
24700.000000 -93.646080
24750.000000 -92.551048
24800.000000 -80.783989
24850.000000 -75.711136
24900.000000 -72.129654
24950.000000 -70.047195
25000.000000 -68.907875
25050.000000 -67.502922
25100.000000 -66.248611
25150.000000 -65.681900
25200.000000 -65.397758
25250.000000 -65.498016
25300.000000 -65.151588
25350.000000 -65.029419
25400.000000 -65.337761
25450.000000 -65.999687
25500.000000 -66.374153
25550.000000 -66.866287
25600.000000 -67.779877
25650.000000 -69.079216
25700.000000 -69.753448
25750.000000 -71.751335
25800.000000 -73.129837
25850.000000 -74.914810
25900.000000 -75.879387
25950.000000 -76.448540
26000.000000 -74.910385
26050.000000 -73.024712
26100.000000 -71.610451
26150.000000 -70.592392
26200.000000 -69.834488
26250.000000 -68.911201
26300.000000 -68.423073
26350.000000 -67.669250
26400.000000 -67.477180
26450.000000 -67.229355
26500.000000 -67.538208
26550.000000 -67.183167
26600.000000 -67.708435
26650.000000 -68.165138
26700.000000 -68.131279
26750.000000 -68.794777
26800.000000 -69.465759
26850.000000 -70.535591
26900.000000 -70.940742
26950.000000 -71.475296
27000.000000 -72.168839
27050.000000 -72.940224
27100.000000 -73.210136
27150.000000 -72.095444
27200.000000 -72.205498
27250.000000 -70.895554
27300.000000 -70.522232
27350.000000 -70.608559
27400.000000 -69.979202
27450.000000 -69.746117
27500.000000 -68.995537
27550.000000 -68.952713
27600.000000 -68.524323
27650.000000 -68.937866
27700.000000 -68.872833
27750.000000 -68.870255
27800.000000 -69.248970
27850.000000 -68.793320
27900.000000 -68.910881
27950.000000 -69.686089
28000.000000 -70.333359
28050.000000 -70.299019
28100.000000 -70.443359
28150.000000 -71.000259
28200.000000 -71.323151
28250.000000 -71.587776
28300.000000 -71.528107
28350.000000 -71.281761
28400.000000 -71.757484
28450.000000 -70.733978
28500.000000 -70.774666
28550.000000 -70.489799
28600.000000 -69.946648
28650.000000 -69.597206
28700.000000 -69.907578
28750.000000 -69.631279
28800.000000 -69.285950
28850.000000 -69.521912
28900.000000 -69.702675
28950.000000 -69.600403
29000.000000 -70.008095
29050.000000 -70.090714
29100.000000 -70.090714
29150.000000 -70.625656
29200.000000 -70.964127
29250.000000 -71.220291
29300.000000 -70.984291
29350.000000 -70.604515
29400.000000 -70.925346
29450.000000 -70.818764
29500.000000 -70.887657
29550.000000 -70.471191
29600.000000 -70.749046
29650.000000 -70.140404
29700.000000 -70.295982
29750.000000 -70.457047
29800.000000 -69.294449
29850.000000 -69.414284
29900.000000 -70.018593
29950.000000 -70.013130
30000.000000 -70.008095
30050.000000 -70.242805
30100.000000 -70.279518
30150.000000 -70.636475
30200.000000 -70.660408
30250.000000 -70.288177
30300.000000 -70.579834
30350.000000 -70.786591
30400.000000 -70.864479
30450.000000 -70.293381
30500.000000 -70.621605
30550.000000 -70.672630
30600.000000 -70.417381
30650.000000 -70.153618
30700.000000 -70.457047
30750.000000 -70.695755
30800.000000 -70.611710
30850.000000 -70.305092
30900.000000 -69.900528
30950.000000 -69.919617
31000.000000 -69.947060
31050.000000 -69.769356
31100.000000 -70.522232
31150.000000 -70.025734
31200.000000 -70.268707
31250.000000 -70.459702
31300.000000 -70.311172
31350.000000 -70.629715
31400.000000 -70.684860
31450.000000 -70.781082
31500.000000 -70.488472
31550.000000 -70.742653
31600.000000 -70.486694
31650.000000 -70.268272
31700.000000 -70.316383
31750.000000 -70.210968
31800.000000 -70.064072
31850.000000 -70.304657
31900.000000 -70.020271
31950.000000 -70.104698
32000.000000 -70.402443
32050.000000 -70.679878
32100.000000 -70.070404
32150.000000 -69.993423
32200.000000 -70.050148
32250.000000 -70.242805
32300.000000 -69.513977
32350.000000 -69.895973
32400.000000 -69.972511
32450.000000 -69.938736
32500.000000 -69.800835
32550.000000 -69.093536
32600.000000 -69.535400
32650.000000 -69.647362
32700.000000 -70.039192
32750.000000 -70.316818
32800.000000 -69.980873
32850.000000 -70.394981
32900.000000 -69.908409
32950.000000 -70.259201
33000.000000 -70.263084
33050.000000 -70.014389
33100.000000 -70.365646
33150.000000 -70.394104
33200.000000 -70.611259
33250.000000 -70.402443
33300.000000 -70.389717
33350.000000 -70.553444
33400.000000 -70.464119
33450.000000 -70.248413
33500.000000 -70.200668
33550.000000 -70.365204
33600.000000 -70.303352
33650.000000 -70.472519
33700.000000 -69.995522
33750.000000 -70.067024
33800.000000 -69.863731
33850.000000 -69.776291
33900.000000 -70.215263
33950.000000 -70.163437
34000.000000 -70.129761
34050.000000 -69.786102
34100.000000 -69.811081
34150.000000 -69.993004
34200.000000 -69.848480
34250.000000 -70.382271
34300.000000 -70.461021
34350.000000 -70.341637
34400.000000 -70.251427
34450.000000 -70.540497
34500.000000 -70.283852
34550.000000 -70.608109
34600.000000 -70.260925
34650.000000 -70.467216
34700.000000 -70.567299
34750.000000 -70.305092
34800.000000 -70.472961
34850.000000 -70.038773
34900.000000 -70.540947
34950.000000 -69.848480
35000.000000 -70.823837
35050.000000 -70.302490
35100.000000 -70.289047
35150.000000 -70.157455
35200.000000 -70.490242
35250.000000 -70.233757
35300.000000 -70.064072
35350.000000 -70.373512
35400.000000 -70.478722
35450.000000 -70.843674
35500.000000 -70.648659
35550.000000 -70.318993
35600.000000 -70.640533
35650.000000 -70.900665
35700.000000 -70.597328
35750.000000 -70.428383
35800.000000 -70.347305
35850.000000 -70.333359
35900.000000 -70.884415
35950.000000 -70.718033
36000.000000 -70.043404
36050.000000 -70.643692
36100.000000 -70.454842
36150.000000 -70.461021
36200.000000 -70.095367
36250.000000 -70.765968
36300.000000 -70.048042
36350.000000 -70.041725
36400.000000 -70.309868
36450.000000 -70.512886
36500.000000 -70.063225
36550.000000 -70.627457
36600.000000 -70.203674
36650.000000 -70.066605
36700.000000 -70.489799
36750.000000 -70.636925
36800.000000 -70.587006
36850.000000 -70.915558
36900.000000 -70.261787
36950.000000 -70.471199
37000.000000 -70.222145
37050.000000 -70.333794
37100.000000 -70.978188
37150.000000 -70.790718
37200.000000 -70.687134
37250.000000 -70.430138
37300.000000 -71.062561
37350.000000 -70.854301
37400.000000 -70.606308
37450.000000 -71.109581
37500.000000 -70.287315
37550.000000 -70.721222
37600.000000 -70.724411
37650.000000 -70.248840
37700.000000 -70.284279
37750.000000 -70.654083
37800.000000 -70.180107
37850.000000 -70.488022
37900.000000 -70.623856
37950.000000 -70.769173
38000.000000 -70.337273
38050.000000 -70.445129
38100.000000 -70.176254
38150.000000 -70.821991
38200.000000 -70.342072
38250.000000 -70.465004
38300.000000 -70.023209
38350.000000 -70.912766
38400.000000 -70.210114
38450.000000 -70.533806
38500.000000 -70.536484
38550.000000 -70.599571
38600.000000 -70.651367
38650.000000 -70.700294
38700.000000 -70.437187
38750.000000 -70.531136
38800.000000 -70.749504
38850.000000 -70.628365
38900.000000 -70.160019
38950.000000 -70.765053
39000.000000 -70.997910
39050.000000 -70.669456
39100.000000 -70.851067
39150.000000 -70.551208
39200.000000 -70.336838
39250.000000 -70.612152
39300.000000 -70.331177
39350.000000 -70.220856
39400.000000 -70.180107
39450.000000 -70.069557
39500.000000 -70.420898
39550.000000 -70.683960
39600.000000 -70.604065
39650.000000 -70.757271
39700.000000 -70.565063
39750.000000 -70.814163
39800.000000 -70.488022
39850.000000 -70.851067
39900.000000 -70.295982
39950.000000 -70.503555
40000.000000 -70.271301
