0.000000 -71.651917
50.000000 -71.611458
100.000000 -72.176376
150.000000 -72.327370
200.000000 -72.277107
250.000000 -72.494438
300.000000 -72.630661
350.000000 -72.787529
400.000000 -72.989754
450.000000 -72.930237
500.000000 -73.280167
550.000000 -72.766762
600.000000 -72.406631
650.000000 -72.167763
700.000000 -72.086914
750.000000 -71.645332
800.000000 -72.055527
850.000000 -71.828583
900.000000 -71.887764
950.000000 -72.130188
1000.000000 -72.566223
1050.000000 -72.895073
1100.000000 -72.597252
1150.000000 -72.987389
1200.000000 -73.521957
1250.000000 -73.046707
1300.000000 -72.707024
1350.000000 -72.301659
1400.000000 -72.337784
1450.000000 -72.440979
1500.000000 -72.144661
1550.000000 -72.021606
1600.000000 -71.918549
1650.000000 -72.141983
1700.000000 -71.745178
1750.000000 -71.864876
1800.000000 -72.468224
1850.000000 -72.357010
1900.000000 -72.371864
1950.000000 -72.299477
2000.000000 -72.208824
2050.000000 -72.008392
2100.000000 -72.972626
2150.000000 -72.508408
2200.000000 -72.549347
2250.000000 -72.885719
2300.000000 -72.543724
2350.000000 -72.618195
2400.000000 -72.618195
2450.000000 -72.195786
2500.000000 -71.695114
2550.000000 -71.572197
2600.000000 -71.936340
2650.000000 -72.025314
2700.000000 -71.887764
2750.000000 -72.237976
2800.000000 -72.064026
2850.000000 -72.366913
2900.000000 -72.473236
2950.000000 -72.347672
3000.000000 -72.516808
3050.000000 -72.418251
3100.000000 -72.699020
3150.000000 -72.075195
3200.000000 -72.259155
3250.000000 -71.864357
3300.000000 -71.892448
3350.000000 -72.037491
3400.000000 -72.528572
3450.000000 -72.558342
3500.000000 -72.847824
3550.000000 -72.739136
3600.000000 -72.549347
3650.000000 -73.296074
3700.000000 -73.039574
3750.000000 -72.695587
3800.000000 -72.652252
3850.000000 -72.277107
3900.000000 -72.172066
3950.000000 -72.098648
4000.000000 -72.279831
4050.000000 -71.964142
4100.000000 -71.999420
4150.000000 -72.659081
4200.000000 -73.178650
4250.000000 -72.667625
4300.000000 -72.708748
4350.000000 -72.907951
4400.000000 -72.930824
4450.000000 -73.056831
4500.000000 -72.838524
4550.000000 -72.968498
4600.000000 -72.551033
4650.000000 -72.003639
4700.000000 -72.717339
4750.000000 -72.397789
4800.000000 -73.113632
4850.000000 -72.426003
4900.000000 -73.470558
4950.000000 -73.313248
5000.000000 -73.431892
5050.000000 -73.307106
5100.000000 -73.838211
5150.000000 -73.901031
5200.000000 -73.947121
5250.000000 -74.153564
5300.000000 -74.480103
5350.000000 -74.115784
5400.000000 -74.313919
5450.000000 -74.865501
5500.000000 -74.888306
5550.000000 -75.379433
5600.000000 -75.189980
5650.000000 -75.895065
5700.000000 -75.431755
5750.000000 -76.142288
5800.000000 -76.067802
5850.000000 -76.037514
5900.000000 -76.033310
5950.000000 -75.974747
6000.000000 -77.135422
6050.000000 -76.628265
6100.000000 -76.927315
6150.000000 -77.442909
6200.000000 -78.024780
6250.000000 -77.750427
6300.000000 -77.851257
6350.000000 -78.560394
6400.000000 -78.530128
6450.000000 -78.969666
6500.000000 -79.259285
6550.000000 -79.127632
6600.000000 -78.760315
6650.000000 -79.778343
6700.000000 -80.645821
6750.000000 -79.840576
6800.000000 -79.411530
6850.000000 -80.304276
6900.000000 -80.319389
6950.000000 -81.059547
7000.000000 -80.906677
7050.000000 -81.013252
7100.000000 -80.630127
7150.000000 -81.392250
7200.000000 -80.846565
7250.000000 -81.050568
7300.000000 -80.952408
7350.000000 -81.325607
7400.000000 -82.338051
7450.000000 -81.992851
7500.000000 -83.755699
7550.000000 -82.224312
7600.000000 -82.509743
7650.000000 -82.832382
7700.000000 -83.502106
7750.000000 -82.532776
7800.000000 -82.411217
7850.000000 -82.105278
7900.000000 -84.046432
7950.000000 -83.125580
8000.000000 -82.741051
8050.000000 -82.883957
8100.000000 -84.756821
8150.000000 -83.366310
8200.000000 -83.714951
8250.000000 -84.782066
8300.000000 -83.895699
8350.000000 -83.652161
8400.000000 -84.253731
8450.000000 -83.531914
8500.000000 -86.237473
8550.000000 -84.888451
8600.000000 -85.730743
8650.000000 -84.331947
8700.000000 -85.553108
8750.000000 -86.652161
8800.000000 -86.643616
8850.000000 -87.075661
8900.000000 -87.303093
8950.000000 -88.507378
9000.000000 -86.544510
9050.000000 -86.333122
9100.000000 -86.516396
9150.000000 -86.839455
9200.000000 -86.234756
9250.000000 -86.126755
9300.000000 -88.721771
9350.000000 -86.305687
9400.000000 -88.100586
9450.000000 -87.947021
9500.000000 -85.730743
9550.000000 -85.748703
9600.000000 -87.854866
9650.000000 -86.632233
9700.000000 -87.799385
9750.000000 -87.953644
9800.000000 -87.217491
9850.000000 -87.066689
9900.000000 -87.933800
9950.000000 -88.739876
10000.000000 -89.328529
10050.000000 -85.927803
10100.000000 -87.238815
10150.000000 -90.039627
10200.000000 -87.247963
10250.000000 -87.081650
10300.000000 -86.338615
10350.000000 -89.305290
10400.000000 -89.274391
10450.000000 -89.113960
10500.000000 -86.865707
10550.000000 -87.609543
10600.000000 -87.132713
10650.000000 -88.458107
10700.000000 -87.336960
10750.000000 -86.947906
10800.000000 -87.266304
10850.000000 -87.063698
10900.000000 -86.051949
10950.000000 -86.992256
11000.000000 -88.147865
11050.000000 -86.148247
11100.000000 -89.216751
11150.000000 -86.821999
11200.000000 -89.367416
11250.000000 -87.940407
11300.000000 -89.098831
11350.000000 -87.676636
11400.000000 -87.527184
11450.000000 -88.856667
11500.000000 -89.648582
11550.000000 -90.391930
11600.000000 -89.532639
11650.000000 -90.427071
11700.000000 -89.980888
11750.000000 -90.166870
11800.000000 -90.124245
11850.000000 -89.398643
11900.000000 -91.033264
11950.000000 -89.964172
12000.000000 -92.220116
12050.000000 -90.192543
12100.000000 -89.548538
12150.000000 -90.892784
12200.000000 -91.439125
12250.000000 -90.640999
12300.000000 -89.159492
12350.000000 -92.155418
12400.000000 -86.992256
12450.000000 -92.080544
12500.000000 -93.012871
12550.000000 -90.727158
12600.000000 -90.814178
12650.000000 -90.039627
12700.000000 -94.884628
12750.000000 -93.500626
12800.000000 -92.517387
12850.000000 -90.768272
12900.000000 -95.130791
12950.000000 -95.597054
13000.000000 -93.898430
13050.000000 -98.577301
13100.000000 -95.268059
13150.000000 -92.080544
13200.000000 -90.435883
13250.000000 -92.889244
13300.000000 -96.373169
13350.000000 -96.320953
13400.000000 -94.138054
13450.000000 -91.974678
13500.000000 -92.953781
13550.000000 -93.964333
13600.000000 -89.989250
13650.000000 -95.138359
13700.000000 -91.176048
13750.000000 -94.419266
13800.000000 -92.225533
13850.000000 -93.210762
13900.000000 -96.226021
13950.000000 -92.995102
14000.000000 -97.771973
14050.000000 -90.768272
14100.000000 -90.888138
14150.000000 -90.006012
14200.000000 -90.976799
14250.000000 -90.391930
14300.000000 -90.609474
14350.000000 -88.060265
14400.000000 -89.876961
14450.000000 -90.600487
14500.000000 -90.295998
14550.000000 -91.777023
14600.000000 -91.593834
14650.000000 -90.944031
14700.000000 -89.163300
14750.000000 -93.450600
14800.000000 -89.274391
14850.000000 -87.577766
14900.000000 -90.339470
14950.000000 -90.718048
15000.000000 -93.096275
15050.000000 -91.384888
15100.000000 -92.350983
15150.000000 -90.713501
15200.000000 -92.406097
15250.000000 -92.556679
15300.000000 -93.084312
15350.000000 -93.235062
15400.000000 -89.705116
15450.000000 -91.563675
15500.000000 -91.538628
15550.000000 -90.257057
15600.000000 -91.161659
15650.000000 -94.702682
15700.000000 -96.303612
15750.000000 -92.263519
15800.000000 -89.766098
15850.000000 -92.842613
15900.000000 -88.779846
15950.000000 -91.513641
16000.000000 -95.153519
16050.000000 -93.413269
16100.000000 -90.609474
16150.000000 -93.684433
16200.000000 -95.549286
16250.000000 -93.710091
16300.000000 -95.206779
16350.000000 -94.666740
16400.000000 -93.036621
16450.000000 -90.480064
16500.000000 -91.548637
16550.000000 -95.438835
16600.000000 -92.947891
16650.000000 -91.710426
16700.000000 -90.645515
16750.000000 -90.990883
16800.000000 -89.383011
16850.000000 -90.731720
16900.000000 -92.296219
16950.000000 -87.398865
17000.000000 -90.962738
17050.000000 -90.555695
17100.000000 -90.878860
17150.000000 -90.600487
17200.000000 -90.435883
17250.000000 -90.953377
17300.000000 -91.828606
17350.000000 -88.097221
17400.000000 -87.937103
17450.000000 -89.885231
17500.000000 -89.031097
17550.000000 -90.749977
17600.000000 -90.244118
17650.000000 -92.176933
17700.000000 -91.394722
17750.000000 -89.668732
17800.000000 -89.457504
17850.000000 -89.406471
17900.000000 -90.528923
17950.000000 -93.872208
18000.000000 -89.668732
18050.000000 -89.989250
18100.000000 -92.744331
18150.000000 -92.123253
18200.000000 -92.123253
18250.000000 -92.160812
18300.000000 -91.880493
18350.000000 -90.699860
18400.000000 -91.533661
18450.000000 -91.523628
18500.000000 -88.834648
18550.000000 -89.504883
18600.000000 -92.085869
18650.000000 -91.751350
18700.000000 -92.123253
18750.000000 -92.101868
18800.000000 -91.326096
18850.000000 -91.028542
18900.000000 -91.453979
18950.000000 -91.901337
19000.000000 -94.510368
19050.000000 -93.018799
19100.000000 -91.593834
19150.000000 -92.744331
19200.000000 -93.532043
19250.000000 -91.787315
19300.000000 -91.927460
19350.000000 -92.579208
19400.000000 -91.797623
19450.000000 -92.241791
19500.000000 -92.285301
19550.000000 -91.375061
19600.000000 -93.265526
19650.000000 -91.664619
19700.000000 -92.182320
19750.000000 -90.244118
19800.000000 -92.193100
19850.000000 -91.583771
19900.000000 -91.741104
19950.000000 -90.196823
20000.000000 -91.844139
20050.000000 -91.409500
20100.000000 -89.624466
20150.000000 -91.166451
20200.000000 -90.453529
20250.000000 -91.243492
20300.000000 -93.716515
20350.000000 -92.848427
20400.000000 -90.772850
20450.000000 -92.836800
20500.000000 -93.846062
20550.000000 -93.253326
20600.000000 -92.209305
20650.000000 -95.815323
20700.000000 -93.494362
20750.000000 -92.664223
20800.000000 -93.369919
20850.000000 -93.761642
20900.000000 -92.467125
20950.000000 -95.501778
21000.000000 -94.440201
21050.000000 -91.287125
21100.000000 -89.556503
21150.000000 -89.064896
21200.000000 -92.732841
21250.000000 -95.306580
21300.000000 -93.781052
21350.000000 -92.545433
21400.000000 -93.126259
21450.000000 -93.283859
21500.000000 -94.077522
21550.000000 -92.721367
21600.000000 -91.885696
21650.000000 -95.283447
21700.000000 -93.595215
21750.000000 -95.766342
21800.000000 -92.664223
21850.000000 -94.921478
21900.000000 -94.185425
21950.000000 -91.424301
22000.000000 -94.151566
22050.000000 -93.774574
22100.000000 -94.322212
22150.000000 -91.700226
22200.000000 -93.768105
22250.000000 -93.833023
22300.000000 -95.733841
22350.000000 -93.060432
22400.000000 -93.407059
22450.000000 -91.700226
22500.000000 -90.704399
22550.000000 -92.450439
22600.000000 -95.161110
22650.000000 -92.889244
22700.000000 -91.725754
22750.000000 -95.597054
22800.000000 -91.066368
22850.000000 -95.758240
22900.000000 -93.357567
22950.000000 -91.498688
23000.000000 -92.709908
23050.000000 -95.176308
23100.000000 -93.289978
23150.000000 -95.693382
23200.000000 -92.378494
23250.000000 -93.339081
23300.000000 -96.857841
23350.000000 -96.558456
23400.000000 -93.469330
23450.000000 -94.724312
23500.000000 -91.365250
23550.000000 -90.995575
23600.000000 -94.524467
23650.000000 -92.101868
23700.000000 -91.917000
23750.000000 -94.666740
23800.000000 -94.645256
23850.000000 -93.096275
23900.000000 -96.251877
23950.000000 -91.948410
24000.000000 -93.060432
24050.000000 -93.977570
24100.000000 -94.652412
24150.000000 -94.681099
24200.000000 -90.484497
24250.000000 -92.064575
24300.000000 -87.644623
24350.000000 -90.681709
24400.000000 -91.123421
24450.000000 -91.379974
24500.000000 -92.203896
24550.000000 -91.272560
24600.000000 -92.433784
24650.000000 -91.807938
24700.000000 -91.844139
24750.000000 -80.776733
24800.000000 -75.328194
24850.000000 -72.432098
24900.000000 -70.290359
24950.000000 -68.679176
25000.000000 -67.926521
25050.000000 -67.539787
25100.000000 -67.330162
25150.000000 -66.927856
25200.000000 -67.209267
25250.000000 -67.413155
25300.000000 -67.753624
25350.000000 -68.473549
25400.000000 -69.631683
25450.000000 -70.858032
25500.000000 -73.117836
25550.000000 -74.953285
25600.000000 -77.648727
25650.000000 -79.834076
25700.000000 -76.968353
25750.000000 -75.163361
25800.000000 -71.959419
25850.000000 -70.813240
25900.000000 -70.406830
25950.000000 -69.543755
26000.000000 -68.713074
26050.000000 -68.240448
26100.000000 -68.317459
26150.000000 -68.465828
26200.000000 -68.546989
26250.000000 -69.019470
26300.000000 -70.121254
26350.000000 -70.376579
26400.000000 -71.534103
26450.000000 -73.221664
26500.000000 -74.371277
26550.000000 -74.939941
26600.000000 -74.913338
26650.000000 -75.128494
26700.000000 -74.034050
26750.000000 -72.769066
26800.000000 -72.386192
26850.000000 -71.158768
26900.000000 -70.270866
26950.000000 -70.302925
27000.000000 -69.967079
27050.000000 -70.324211
27100.000000 -70.402878
27150.000000 -70.545403
27200.000000 -71.004494
27250.000000 -71.584259
27300.000000 -72.022141
27350.000000 -72.160774
27400.000000 -73.049088
27450.000000 -73.967613
27500.000000 -73.935905
27550.000000 -73.953728
27600.000000 -73.335983
27650.000000 -72.294014
27700.000000 -72.799675
27750.000000 -71.986252
27800.000000 -71.477783
27850.000000 -71.357872
27900.000000 -71.031357
27950.000000 -71.307060
28000.000000 -71.168358
28050.000000 -71.271088
28100.000000 -71.373077
28150.000000 -70.909508
28200.000000 -71.541107
28250.000000 -72.067749
28300.000000 -72.125374
28350.000000 -72.332306
28400.000000 -72.816467
28450.000000 -73.187119
28500.000000 -72.825745
28550.000000 -72.915565
28600.000000 -72.838524
28650.000000 -72.607430
28700.000000 -72.444313
28750.000000 -71.136292
28800.000000 -71.574707
28850.000000 -70.868187
28900.000000 -71.030884
28950.000000 -71.638748
29000.000000 -71.538109
29050.000000 -71.223671
29100.000000 -71.782150
29150.000000 -71.562157
29200.000000 -72.306030
29250.000000 -72.846657
29300.000000 -72.929062
29350.000000 -73.084885
29400.000000 -72.814148
29450.000000 -73.380402
29500.000000 -72.876961
29550.000000 -72.081055
29600.000000 -72.395576
29650.000000 -71.437134
29700.000000 -71.412933
29750.000000 -70.659958
29800.000000 -70.660866
29850.000000 -71.464867
29900.000000 -70.897881
29950.000000 -71.254120
30000.000000 -71.874229
30050.000000 -71.255569
30100.000000 -71.940529
30150.000000 -72.260239
30200.000000 -72.117882
30250.000000 -72.371315
30300.000000 -72.116272
30350.000000 -72.001007
30400.000000 -71.849823
30450.000000 -72.364159
30500.000000 -72.305481
30550.000000 -72.447647
30600.000000 -72.189308
30650.000000 -72.222267
30700.000000 -72.245033
30750.000000 -71.683403
30800.000000 -71.318764
30850.000000 -71.233322
30900.000000 -71.998367
30950.000000 -71.911758
31000.000000 -71.621056
31050.000000 -71.706329
31100.000000 -71.927963
31150.000000 -72.172066
31200.000000 -72.554970
31250.000000 -72.942581
31300.000000 -72.471008
31350.000000 -72.474907
31400.000000 -72.332306
31450.000000 -71.593315
31500.000000 -72.679024
31550.000000 -72.081055
31600.000000 -71.711937
31650.000000 -71.968346
31700.000000 -71.587273
31750.000000 -71.373077
31800.000000 -71.408989
31850.000000 -71.885162
31900.000000 -71.434166
31950.000000 -71.972031
32000.000000 -72.156471
32050.000000 -71.771355
32100.000000 -72.173683
32150.000000 -72.239059
32200.000000 -71.887764
32250.000000 -72.314781
32300.000000 -72.347672
32350.000000 -72.149490
32400.000000 -71.732384
32450.000000 -71.765190
32500.000000 -71.534103
32550.000000 -71.845154
32600.000000 -71.642799
32650.000000 -71.346123
32700.000000 -71.934242
32750.000000 -71.765701
32800.000000 -72.028488
32850.000000 -72.563972
32900.000000 -72.735695
32950.000000 -72.375725
33000.000000 -72.475464
33050.000000 -71.740570
33100.000000 -72.743164
33150.000000 -72.329567
33200.000000 -72.067749
33250.000000 -71.945770
33300.000000 -72.016853
33350.000000 -71.556641
33400.000000 -72.144127
33450.000000 -71.962570
33500.000000 -71.416389
33550.000000 -72.181221
33600.000000 -72.326820
33650.000000 -72.226593
33700.000000 -72.287468
33750.000000 -72.250999
33800.000000 -72.412163
33850.000000 -72.567917
33900.000000 -72.164001
33950.000000 -72.221184
34000.000000 -71.935814
34050.000000 -72.417694
34100.000000 -72.223892
34150.000000 -71.865913
34200.000000 -71.580734
34250.000000 -71.773926
34300.000000 -71.959938
34350.000000 -72.114677
34400.000000 -71.870590
34450.000000 -72.089577
34500.000000 -72.366356
34550.000000 -72.636337
34600.000000 -72.683594
34650.000000 -72.353714
34700.000000 -72.751213
34750.000000 -72.857719
34800.000000 -72.692162
34850.000000 -72.334496
34900.000000 -72.161850
34950.000000 -72.123230
35000.000000 -72.264046
35050.000000 -72.644859
35100.000000 -72.130730
35150.000000 -71.582245
35200.000000 -72.079987
35250.000000 -71.896622
35300.000000 -72.284195
35350.000000 -72.452087
35400.000000 -72.176910
35450.000000 -72.517921
35500.000000 -72.530258
35550.000000 -72.623856
35600.000000 -72.617622
35650.000000 -72.958473
35700.000000 -72.959061
35750.000000 -72.624428
35800.000000 -72.292374
35850.000000 -72.397789
35900.000000 -71.714493
35950.000000 -72.121628
36000.000000 -72.109329
36050.000000 -71.825485
36100.000000 -71.629135
36150.000000 -71.809982
36200.000000 -71.831688
36250.000000 -71.866951
36300.000000 -71.842049
36350.000000 -72.199020
36400.000000 -72.596687
36450.000000 -72.664207
36500.000000 -72.433769
36550.000000 -72.438759
36600.000000 -72.630661
36650.000000 -72.155937
36700.000000 -72.146812
36750.000000 -71.645332
36800.000000 -72.259155
36850.000000 -71.845154
36900.000000 -72.169380
36950.000000 -72.131264
37000.000000 -73.028275
37050.000000 -72.779449
37100.000000 -72.808357
37150.000000 -72.893318
37200.000000 -73.213165
37250.000000 -72.833870
37300.000000 -72.611961
37350.000000 -72.313683
37400.000000 -72.145203
37450.000000 -71.498177
37500.000000 -71.774437
37550.000000 -71.975708
37600.000000 -71.983078
37650.000000 -72.458763
37700.000000 -71.985710
37750.000000 -72.687592
37800.000000 -72.832710
37850.000000 -72.495552
37900.000000 -73.046707
37950.000000 -73.012253
38000.000000 -72.662498
38050.000000 -72.384544
38100.000000 -72.413269
38150.000000 -72.016853
38200.000000 -72.025841
38250.000000 -72.102921
38300.000000 -72.364708
38350.000000 -72.230385
38400.000000 -72.154327
38450.000000 -72.398895
38500.000000 -72.361412
38550.000000 -72.453201
38600.000000 -72.420464
38650.000000 -72.617622
38700.000000 -72.417145
38750.000000 -72.472679
38800.000000 -72.583702
38850.000000 -72.218475
38900.000000 -71.616508
38950.000000 -71.915932
39000.000000 -72.087982
39050.000000 -71.858124
39100.000000 -71.998367
39150.000000 -71.718582
39200.000000 -71.774437
39250.000000 -71.848785
39300.000000 -72.248833
39350.000000 -72.510086
39400.000000 -72.564537
39450.000000 -72.411057
39500.000000 -72.123230
39550.000000 -72.646568
39600.000000 -72.025841
39650.000000 -72.102921
39700.000000 -72.203880
39750.000000 -72.079460
39800.000000 -73.071747
39850.000000 -72.490524
39900.000000 -72.189308
39950.000000 -71.732384
40000.000000 -71.567673
