0.000000 -65.538544
50.000000 -65.642731
100.000000 -65.402451
150.000000 -65.568436
200.000000 -65.559883
250.000000 -65.411591
300.000000 -65.708199
350.000000 -65.248077
400.000000 -65.229401
450.000000 -65.887497
500.000000 -65.223595
550.000000 -64.976372
600.000000 -64.969795
650.000000 -64.851982
700.000000 -65.037460
750.000000 -65.276726
800.000000 -65.225777
850.000000 -64.772873
900.000000 -64.960403
950.000000 -65.297432
1000.000000 -65.171761
1050.000000 -65.326012
1100.000000 -65.373863
1150.000000 -64.779305
1200.000000 -65.377548
1250.000000 -65.734581
1300.000000 -65.613846
1350.000000 -65.482307
1400.000000 -65.246605
1450.000000 -65.791702
1500.000000 -65.878365
1550.000000 -65.994133
1600.000000 -66.050339
1650.000000 -66.265778
1700.000000 -65.783447
1750.000000 -66.050072
1800.000000 -66.105309
1850.000000 -65.817566
1900.000000 -65.993080
1950.000000 -65.746895
2000.000000 -65.797905
2050.000000 -65.272827
2100.000000 -65.616631
2150.000000 -65.452705
2200.000000 -65.560890
2250.000000 -65.581528
2300.000000 -65.887497
2350.000000 -65.607018
2400.000000 -65.478317
2450.000000 -65.779839
2500.000000 -65.236427
2550.000000 -65.175606
2600.000000 -65.709480
2650.000000 -65.861435
2700.000000 -66.041832
2750.000000 -65.970123
2800.000000 -65.975655
2850.000000 -65.609299
2900.000000 -65.846352
2950.000000 -65.488289
3000.000000 -65.831039
3050.000000 -65.884628
3100.000000 -66.074043
3150.000000 -66.135338
3200.000000 -65.573219
3250.000000 -65.928841
3300.000000 -65.532776
3350.000000 -65.338745
3400.000000 -65.295967
3450.000000 -65.650093
3500.000000 -65.335808
3550.000000 -65.108284
3600.000000 -65.270157
3650.000000 -64.969322
3700.000000 -65.291092
3750.000000 -65.306465
3800.000000 -65.309387
3850.000000 -65.092316
3900.000000 -65.437325
3950.000000 -65.438812
4000.000000 -65.125008
4050.000000 -64.842491
4100.000000 -64.722733
4150.000000 -65.090645
4200.000000 -65.188606
4250.000000 -65.599693
4300.000000 -65.354446
4350.000000 -65.517502
4400.000000 -65.523262
4450.000000 -66.218735
4500.000000 -65.947220
4550.000000 -66.125671
4600.000000 -66.148239
4650.000000 -66.173561
4700.000000 -66.545341
4750.000000 -66.294182
4800.000000 -66.362839
4850.000000 -66.024315
4900.000000 -66.488373
4950.000000 -66.913162
5000.000000 -67.243378
5050.000000 -66.924919
5100.000000 -67.604759
5150.000000 -67.777931
5200.000000 -68.121140
5250.000000 -68.297455
5300.000000 -68.210724
5350.000000 -68.841232
5400.000000 -68.948624
5450.000000 -69.097687
5500.000000 -69.557281
5550.000000 -69.637711
5600.000000 -69.718483
5650.000000 -69.690529
5700.000000 -70.186531
5750.000000 -70.135292
5800.000000 -70.597778
5850.000000 -70.658150
5900.000000 -70.823837
5950.000000 -71.076309
6000.000000 -71.213058
6050.000000 -71.399628
6100.000000 -71.786270
6150.000000 -72.458801
6200.000000 -72.350410
6250.000000 -72.688156
6300.000000 -72.828644
6350.000000 -73.050873
6400.000000 -73.253304
6450.000000 -73.593925
6500.000000 -73.593925
6550.000000 -73.501236
6600.000000 -74.107040
6650.000000 -73.588852
6700.000000 -74.902275
6750.000000 -74.166420
6800.000000 -74.946602
6850.000000 -75.549255
6900.000000 -75.087746
6950.000000 -75.723274
7000.000000 -75.291893
7050.000000 -76.369652
7100.000000 -75.786690
7150.000000 -75.995621
7200.000000 -75.972252
7250.000000 -76.441498
7300.000000 -76.173790
7350.000000 -76.440620
7400.000000 -77.470604
7450.000000 -77.247650
7500.000000 -77.370148
7550.000000 -78.626907
7600.000000 -78.154541
7650.000000 -78.173851
7700.000000 -78.977898
7750.000000 -79.324036
7800.000000 -79.289764
7850.000000 -78.299347
7900.000000 -80.031342
7950.000000 -80.030006
8000.000000 -79.390503
8050.000000 -78.589645
8100.000000 -80.360733
8150.000000 -79.499916
8200.000000 -80.664398
8250.000000 -80.721817
8300.000000 -81.644814
8350.000000 -80.770920
8400.000000 -81.644814
8450.000000 -82.600456
8500.000000 -81.038612
8550.000000 -82.098518
8600.000000 -81.868706
8650.000000 -81.962891
8700.000000 -82.470909
8750.000000 -83.249931
8800.000000 -83.014236
8850.000000 -83.819244
8900.000000 -83.159836
8950.000000 -84.114273
9000.000000 -83.397614
9050.000000 -83.912315
9100.000000 -84.176216
9150.000000 -84.754532
9200.000000 -83.374123
9250.000000 -83.956093
9300.000000 -84.724800
9350.000000 -85.379036
9400.000000 -85.239822
9450.000000 -85.448250
9500.000000 -85.271378
9550.000000 -87.861412
9600.000000 -88.134331
9650.000000 -87.864693
9700.000000 -87.647820
9750.000000 -88.700089
9800.000000 -88.982498
9850.000000 -88.776199
9900.000000 -88.472160
9950.000000 -88.243202
10000.000000 -86.333122
10050.000000 -89.186165
10100.000000 -89.733521
10150.000000 -88.553383
10200.000000 -90.098778
10250.000000 -88.212440
10300.000000 -90.925362
10350.000000 -89.997627
10400.000000 -89.344063
10450.000000 -89.209099
10500.000000 -91.042709
10550.000000 -89.083733
10600.000000 -89.061134
10650.000000 -89.216751
10700.000000 -88.801781
10750.000000 -87.838516
10800.000000 -90.086067
10850.000000 -90.387543
10900.000000 -88.725388
10950.000000 -88.588936
11000.000000 -90.528923
11050.000000 -87.956955
11100.000000 -91.859703
11150.000000 -89.860451
11200.000000 -89.893509
11250.000000 -90.098778
11300.000000 -88.849319
11350.000000 -90.226891
11400.000000 -88.525047
11450.000000 -90.731720
11500.000000 -91.695129
11550.000000 -91.219345
11600.000000 -91.634216
11650.000000 -88.631798
11700.000000 -93.964333
11750.000000 -88.168205
11800.000000 -88.311951
11850.000000 -91.985207
11900.000000 -93.569885
11950.000000 -92.252647
12000.000000 -88.783485
12050.000000 -91.379974
12100.000000 -90.888138
12150.000000 -91.958931
12200.000000 -95.298859
12250.000000 -90.916039
12300.000000 -90.818787
12350.000000 -93.607903
12400.000000 -93.060432
12450.000000 -92.193100
12500.000000 -90.270020
12550.000000 -91.679863
12600.000000 -91.849319
12650.000000 -91.979942
12700.000000 -95.462418
12750.000000 -91.518631
12800.000000 -89.536606
12850.000000 -93.937912
12900.000000 -91.142517
12950.000000 -89.174728
13000.000000 -91.463898
13050.000000 -90.244118
13100.000000 -88.444084
13150.000000 -91.568695
13200.000000 -90.326408
13250.000000 -92.467125
13300.000000 -91.953659
13350.000000 -93.096275
13400.000000 -88.849319
13450.000000 -92.953781
13500.000000 -89.580429
13550.000000 -92.450462
13600.000000 -89.182350
13650.000000 -89.083733
13700.000000 -91.730865
13750.000000 -90.031212
13800.000000 -90.282997
13850.000000 -90.920700
13900.000000 -91.384888
13950.000000 -90.006012
14000.000000 -90.209694
14050.000000 -93.042564
14100.000000 -95.085510
14150.000000 -92.123253
14200.000000 -90.515572
14250.000000 -95.573135
14300.000000 -91.787315
14350.000000 -93.990829
14400.000000 -92.681328
14450.000000 -93.997467
14500.000000 -95.415352
14550.000000 -90.841843
14600.000000 -89.885231
14650.000000 -92.971466
14700.000000 -94.178642
14750.000000 -91.118652
14800.000000 -92.107208
14850.000000 -92.842613
14900.000000 -93.444366
14950.000000 -92.483849
15000.000000 -96.648094
15050.000000 -95.653114
15100.000000 -90.686241
15150.000000 -91.917023
15200.000000 -89.864571
15250.000000 -90.686241
15300.000000 -91.468857
15350.000000 -93.326782
15400.000000 -92.860069
15450.000000 -93.186531
15500.000000 -93.345238
15550.000000 -93.084312
15600.000000 -93.345238
15650.000000 -91.350548
15700.000000 -93.012985
15750.000000 -91.700226
15800.000000 -92.467125
15850.000000 -93.951111
15900.000000 -91.922226
15950.000000 -96.469734
16000.000000 -93.456841
16050.000000 -91.746223
16100.000000 -92.022156
16150.000000 -91.782173
16200.000000 -93.800499
16250.000000 -94.717094
16300.000000 -93.735825
16350.000000 -92.258087
16400.000000 -91.969421
16450.000000 -92.048645
16500.000000 -94.695480
16550.000000 -95.237366
16600.000000 -94.377541
16650.000000 -94.308441
16700.000000 -92.263519
16750.000000 -94.090942
16800.000000 -90.663589
16850.000000 -95.018036
16900.000000 -93.400864
16950.000000 -89.947495
17000.000000 -90.205406
17050.000000 -92.704185
17100.000000 -94.070824
17150.000000 -92.641472
17200.000000 -92.166168
17250.000000 -94.077522
17300.000000 -91.644333
17350.000000 -93.078331
17400.000000 -94.004112
17450.000000 -96.064461
17500.000000 -93.060432
17550.000000 -93.228981
17600.000000 -93.066391
17650.000000 -93.066391
17700.000000 -91.629158
17750.000000 -92.567932
17800.000000 -94.782272
17850.000000 -91.598877
17900.000000 -94.267242
17950.000000 -93.620613
18000.000000 -91.583771
18050.000000 -91.104362
18100.000000 -94.192215
18150.000000 -93.463081
18200.000000 -92.784668
18250.000000 -92.767357
18300.000000 -93.247231
18350.000000 -92.865898
18400.000000 -95.100578
18450.000000 -92.983276
18500.000000 -89.212921
18550.000000 -90.006012
18600.000000 -91.424301
18650.000000 -93.846062
18700.000000 -89.616447
18750.000000 -92.268982
18800.000000 -89.624466
18850.000000 -94.151566
18900.000000 -90.435883
18950.000000 -89.548538
19000.000000 -89.049858
19050.000000 -94.782272
19100.000000 -92.361977
19150.000000 -92.607452
19200.000000 -92.562897
19250.000000 -90.502449
19300.000000 -89.129112
19350.000000 -92.624443
19400.000000 -90.832611
19450.000000 -93.120255
19500.000000 -91.932693
19550.000000 -94.260391
19600.000000 -93.210762
19650.000000 -94.811394
19700.000000 -91.444077
19750.000000 -92.422699
19800.000000 -91.152084
19850.000000 -87.750725
19900.000000 -88.046875
19950.000000 -90.466789
20000.000000 -92.692749
20050.000000 -93.794014
20100.000000 -94.877281
20150.000000 -91.700226
20200.000000 -92.323555
20250.000000 -90.962738
20300.000000 -90.502235
20350.000000 -92.296219
20400.000000 -94.566902
20450.000000 -94.084229
20500.000000 -95.168701
20550.000000 -92.977371
20600.000000 -97.690315
20650.000000 -94.988213
20700.000000 -91.922264
20750.000000 -91.705322
20800.000000 -91.075851
20850.000000 -91.306648
20900.000000 -92.150047
20950.000000 -91.518631
21000.000000 -95.947304
21050.000000 -91.654472
21100.000000 -90.533379
21150.000000 -95.462387
21200.000000 -91.379974
21250.000000 -91.090096
21300.000000 -92.784668
21350.000000 -94.702682
21400.000000 -89.943329
21450.000000 -94.178642
21500.000000 -93.588875
21550.000000 -92.417160
21600.000000 -90.800377
21650.000000 -91.335869
21700.000000 -90.560158
21750.000000 -90.786606
21800.000000 -90.569107
21850.000000 -89.964172
21900.000000 -89.313026
21950.000000 -89.247444
22000.000000 -92.439331
22050.000000 -88.339600
22100.000000 -89.023598
22150.000000 -91.901337
22200.000000 -91.624100
22250.000000 -90.098778
22300.000000 -90.098778
22350.000000 -92.472702
22400.000000 -93.456841
22450.000000 -92.241791
22500.000000 -92.389526
22550.000000 -89.375214
22600.000000 -93.168404
22650.000000 -93.120255
22700.000000 -90.962738
22750.000000 -92.664223
22800.000000 -93.826508
22850.000000 -92.506195
22900.000000 -92.064575
22950.000000 -96.549614
23000.000000 -93.114250
23050.000000 -92.630119
23100.000000 -91.204887
23150.000000 -91.233826
23200.000000 -93.652458
23250.000000 -93.204697
23300.000000 -92.290756
23350.000000 -94.398376
23400.000000 -89.375229
23450.000000 -89.332413
23500.000000 -94.246712
23550.000000 -95.589073
23600.000000 -93.400864
23650.000000 -95.070473
23700.000000 -94.461189
23750.000000 -94.811394
23800.000000 -91.248329
23850.000000 -94.405334
23900.000000 -91.838959
23950.000000 -95.329773
24000.000000 -91.896118
24050.000000 -90.587021
24100.000000 -92.296219
24150.000000 -92.285301
24200.000000 -94.301559
24250.000000 -91.870087
24300.000000 -90.422676
24350.000000 -92.334518
24400.000000 -91.583771
24450.000000 -91.360344
24500.000000 -93.833023
24550.000000 -89.762024
24600.000000 -91.282265
24650.000000 -95.199158
24700.000000 -95.040466
24750.000000 -91.578743
24800.000000 -89.725395
24850.000000 -94.482231
24900.000000 -80.614471
24950.000000 -75.106583
25000.000000 -71.493690
25050.000000 -69.990494
25100.000000 -68.530342
25150.000000 -66.683563
25200.000000 -66.067917
25250.000000 -65.328461
25300.000000 -64.519897
25350.000000 -63.551830
25400.000000 -62.886719
25450.000000 -62.353325
25500.000000 -61.564613
25550.000000 -61.512402
25600.000000 -60.910351
25650.000000 -60.841743
25700.000000 -60.765850
25750.000000 -60.789478
25800.000000 -60.943676
25850.000000 -60.735794
25900.000000 -60.867481
25950.000000 -60.912704
26000.000000 -61.134884
26050.000000 -61.739662
26100.000000 -62.046192
26150.000000 -62.101215
26200.000000 -62.230125
26250.000000 -63.024361
26300.000000 -63.068024
26350.000000 -63.825203
26400.000000 -64.263466
26450.000000 -64.702896
26500.000000 -65.487541
26550.000000 -65.811607
26600.000000 -66.254601
26650.000000 -67.004410
26700.000000 -67.664444
26750.000000 -68.623199
26800.000000 -68.687462
26850.000000 -69.063004
26900.000000 -69.044960
26950.000000 -68.835732
27000.000000 -68.399338
27050.000000 -68.302277
27100.000000 -67.868942
27150.000000 -67.279762
27200.000000 -66.949074
27250.000000 -66.298286
27300.000000 -66.298286
27350.000000 -65.685219
27400.000000 -65.333107
27450.000000 -65.366974
27500.000000 -64.938377
27550.000000 -64.644783
27600.000000 -64.431808
27650.000000 -64.241409
27700.000000 -63.765297
27750.000000 -64.086433
27800.000000 -63.851799
27850.000000 -63.964661
27900.000000 -63.896729
27950.000000 -63.602650
28000.000000 -63.182362
28050.000000 -63.393291
28100.000000 -63.633003
28150.000000 -63.465878
28200.000000 -63.967590
28250.000000 -64.180931
28300.000000 -64.434013
28350.000000 -64.755440
28400.000000 -64.687874
28450.000000 -64.782982
28500.000000 -64.863579
28550.000000 -65.386909
28600.000000 -65.547829
28650.000000 -65.522758
28700.000000 -65.998627
28750.000000 -66.213310
28800.000000 -66.230942
28850.000000 -65.853630
28900.000000 -66.130768
28950.000000 -66.045555
29000.000000 -66.169243
29050.000000 -66.449013
29100.000000 -66.275597
29150.000000 -66.102631
29200.000000 -66.262520
29250.000000 -66.379951
29300.000000 -66.177605
29350.000000 -66.001007
29400.000000 -66.007355
29450.000000 -65.743820
29500.000000 -65.491280
29550.000000 -65.345612
29600.000000 -65.152786
29650.000000 -65.050728
29700.000000 -65.103279
29750.000000 -64.527702
29800.000000 -64.783218
29850.000000 -64.879837
29900.000000 -64.414383
29950.000000 -64.854301
30000.000000 -64.641167
30050.000000 -64.922241
30100.000000 -64.794479
30150.000000 -64.867058
30200.000000 -64.883324
30250.000000 -64.586388
30300.000000 -65.179214
30350.000000 -65.193901
30400.000000 -65.094933
30450.000000 -65.287193
30500.000000 -65.210068
30550.000000 -65.578506
30600.000000 -65.454445
30650.000000 -65.740219
30700.000000 -65.500511
30750.000000 -65.654411
30800.000000 -65.757690
30850.000000 -65.809540
30900.000000 -66.066315
30950.000000 -65.922813
31000.000000 -65.539795
31050.000000 -65.944069
31100.000000 -65.534279
31150.000000 -65.540802
31200.000000 -65.665092
31250.000000 -65.414803
31300.000000 -65.768761
31350.000000 -65.324295
31400.000000 -65.150154
31450.000000 -65.079933
31500.000000 -64.564163
31550.000000 -65.031548
31600.000000 -64.858711
31650.000000 -65.141525
31700.000000 -64.967209
31750.000000 -65.056892
31800.000000 -64.764381
31850.000000 -64.861725
31900.000000 -64.962280
31950.000000 -64.774017
32000.000000 -65.098030
32050.000000 -65.142723
32100.000000 -65.410355
32150.000000 -65.356895
32200.000000 -65.479813
32250.000000 -65.266266
32300.000000 -65.685730
32350.000000 -64.838326
32400.000000 -64.781143
32450.000000 -65.517006
32500.000000 -65.216827
32550.000000 -65.557877
32600.000000 -65.395050
32650.000000 -65.387154
32700.000000 -64.936737
32750.000000 -65.318916
32800.000000 -65.309875
32850.000000 -64.770119
32900.000000 -65.385925
32950.000000 -65.132187
33000.000000 -65.243454
33050.000000 -64.992134
33100.000000 -65.231102
33150.000000 -65.630302
33200.000000 -65.048828
33250.000000 -65.416779
33300.000000 -65.281349
33350.000000 -65.238365
33400.000000 -65.048119
33450.000000 -65.112823
33500.000000 -65.102562
33550.000000 -64.804382
33600.000000 -65.609299
33650.000000 -65.239090
33700.000000 -65.263832
33750.000000 -65.000381
33800.000000 -65.086601
33850.000000 -64.966270
33900.000000 -64.978249
33950.000000 -65.417770
34000.000000 -65.369186
34050.000000 -65.241997
34100.000000 -65.107330
34150.000000 -65.388145
34200.000000 -65.390358
34250.000000 -65.421478
34300.000000 -65.033203
34350.000000 -64.902412
34400.000000 -64.909874
34450.000000 -65.421974
34500.000000 -65.428406
34550.000000 -65.186195
34600.000000 -65.749207
34650.000000 -65.699516
34700.000000 -65.449478
34750.000000 -65.416779
34800.000000 -65.514252
34850.000000 -65.696953
34900.000000 -65.458664
34950.000000 -65.610809
35000.000000 -65.441292
35050.000000 -65.546066
35100.000000 -65.664581
35150.000000 -65.729706
35200.000000 -65.713829
35250.000000 -65.733810
35300.000000 -65.165749
35350.000000 -65.581779
35400.000000 -66.015305
35450.000000 -65.876541
35500.000000 -65.734322
35550.000000 -65.828705
35600.000000 -65.802299
35650.000000 -65.355919
35700.000000 -65.767212
35750.000000 -65.751778
35800.000000 -65.445015
35850.000000 -65.508507
35900.000000 -65.547073
35950.000000 -65.250481
36000.000000 -65.202339
36050.000000 -64.875656
36100.000000 -65.200417
36150.000000 -65.477821
36200.000000 -65.318916
36250.000000 -65.165749
36300.000000 -64.710190
36350.000000 -64.969559
36400.000000 -64.804382
36450.000000 -64.963921
36500.000000 -65.209587
36550.000000 -64.967209
36600.000000 -64.996376
36650.000000 -64.842262
36700.000000 -65.013588
36750.000000 -65.045753
36800.000000 -65.033440
36850.000000 -65.452209
36900.000000 -65.303284
36950.000000 -65.496521
37000.000000 -65.193420
37050.000000 -65.245148
37100.000000 -65.306702
37150.000000 -65.559135
37200.000000 -65.809540
37250.000000 -65.756149
37300.000000 -65.651360
37350.000000 -65.796867
37400.000000 -65.496521
37450.000000 -65.550339
37500.000000 -65.513756
37550.000000 -65.748444
37600.000000 -65.627769
37650.000000 -65.717407
37700.000000 -65.941177
37750.000000 -65.558876
37800.000000 -65.759491
37850.000000 -65.409859
37900.000000 -65.414551
37950.000000 -65.913383
38000.000000 -65.959587
38050.000000 -65.682671
38100.000000 -65.584808
38150.000000 -65.494019
38200.000000 -65.600197
38250.000000 -65.825333
38300.000000 -65.796608
38350.000000 -65.575989
38400.000000 -65.422218
38450.000000 -65.461899
38500.000000 -65.627007
38550.000000 -65.175606
38600.000000 -65.162430
38650.000000 -65.062592
38700.000000 -65.472343
38750.000000 -65.017838
38800.000000 -64.777008
38850.000000 -65.342178
38900.000000 -65.004150
38950.000000 -65.253395
39000.000000 -65.529022
39050.000000 -65.651360
39100.000000 -65.269669
39150.000000 -64.953598
39200.000000 -65.432869
39250.000000 -65.166473
39300.000000 -65.270157
39350.000000 -65.242485
39400.000000 -65.554359
39450.000000 -65.784218
39500.000000 -65.758720
39550.000000 -65.552094
39600.000000 -65.244904
39650.000000 -65.841675
39700.000000 -65.649330
39750.000000 -65.430634
39800.000000 -65.494522
39850.000000 -65.977768
39900.000000 -65.848953
39950.000000 -65.501762
40000.000000 -65.577499
