0.000000 -68.525742
50.000000 -67.965233
100.000000 -68.163445
150.000000 -68.096535
200.000000 -68.372536
250.000000 -68.123505
300.000000 -68.328865
350.000000 -67.870255
400.000000 -68.091148
450.000000 -68.439163
500.000000 -68.752563
550.000000 -68.292976
600.000000 -68.324020
650.000000 -68.432167
700.000000 -68.519020
750.000000 -68.445473
800.000000 -68.320221
850.000000 -68.114395
900.000000 -67.938087
950.000000 -68.019112
1000.000000 -68.023788
1050.000000 -68.160393
1100.000000 -68.270279
1150.000000 -68.549828
1200.000000 -68.620689
1250.000000 -68.400726
1300.000000 -68.513016
1350.000000 -68.512314
1400.000000 -68.331284
1450.000000 -68.122490
1500.000000 -68.536003
1550.000000 -68.281967
1600.000000 -68.598907
1650.000000 -68.481644
1700.000000 -68.528572
1750.000000 -68.302971
1800.000000 -68.949738
1850.000000 -68.447578
1900.000000 -68.211411
1950.000000 -68.486565
2000.000000 -68.164803
2050.000000 -67.798073
2100.000000 -68.080055
2150.000000 -68.311935
2200.000000 -68.309517
2250.000000 -68.459496
2300.000000 -68.186028
2350.000000 -68.132286
2400.000000 -68.601761
2450.000000 -68.359688
2500.000000 -68.218575
2550.000000 -68.204590
2600.000000 -68.383667
2650.000000 -68.580025
2700.000000 -68.411545
2750.000000 -68.544151
2800.000000 -68.565086
2850.000000 -68.533882
2900.000000 -68.411545
2950.000000 -68.739868
3000.000000 -69.020966
3050.000000 -68.447922
3100.000000 -68.903435
3150.000000 -68.854813
3200.000000 -69.050972
3250.000000 -68.650063
3300.000000 -68.331970
3350.000000 -68.124855
3400.000000 -68.215164
3450.000000 -68.550179
3500.000000 -68.403870
3550.000000 -68.324020
3600.000000 -68.360039
3650.000000 -68.428665
3700.000000 -68.351364
3750.000000 -68.347900
3800.000000 -68.612473
3850.000000 -68.628204
3900.000000 -68.831711
3950.000000 -69.207558
4000.000000 -68.522911
4050.000000 -67.749100
4100.000000 -68.561539
4150.000000 -68.593201
4200.000000 -68.102257
4250.000000 -68.758369
4300.000000 -68.499603
4350.000000 -68.204933
4400.000000 -68.414337
4450.000000 -67.725197
4500.000000 -68.328865
4550.000000 -68.252098
4600.000000 -68.673058
4650.000000 -68.601761
4700.000000 -68.956802
4750.000000 -68.610687
4800.000000 -68.513016
4850.000000 -69.069405
4900.000000 -68.941940
4950.000000 -69.224785
5000.000000 -69.673965
5050.000000 -69.742050
5100.000000 -69.562462
5150.000000 -69.628067
5200.000000 -70.525787
5250.000000 -70.765053
5300.000000 -70.813705
5350.000000 -70.838135
5400.000000 -71.022865
5450.000000 -71.246857
5500.000000 -71.600365
5550.000000 -71.388313
5600.000000 -71.885162
5650.000000 -71.898705
5700.000000 -72.670471
5750.000000 -72.780602
5800.000000 -73.000999
5850.000000 -73.612961
5900.000000 -73.889870
5950.000000 -73.574295
6000.000000 -73.508133
6050.000000 -73.616135
6100.000000 -74.236443
6150.000000 -74.515274
6200.000000 -74.619507
6250.000000 -75.190742
6300.000000 -75.311188
6350.000000 -75.322006
6400.000000 -76.407249
6450.000000 -76.324394
6500.000000 -76.521935
6550.000000 -76.507736
6600.000000 -77.031219
6650.000000 -77.071800
6700.000000 -77.160240
6750.000000 -77.013344
6800.000000 -76.496223
6850.000000 -77.268913
6900.000000 -77.572227
6950.000000 -78.100060
7000.000000 -78.356194
7050.000000 -78.427788
7100.000000 -77.406456
7150.000000 -78.466576
7200.000000 -78.848083
7250.000000 -79.371986
7300.000000 -79.348618
7350.000000 -78.186752
7400.000000 -79.330170
7450.000000 -79.617065
7500.000000 -80.130333
7550.000000 -79.870560
7600.000000 -80.428696
7650.000000 -80.875839
7700.000000 -80.271393
7750.000000 -80.485977
7800.000000 -81.307106
7850.000000 -80.792679
7900.000000 -80.727577
7950.000000 -81.725266
8000.000000 -80.145149
8050.000000 -83.138885
8100.000000 -82.821373
8150.000000 -82.110344
8200.000000 -82.348465
8250.000000 -83.213394
8300.000000 -83.159836
8350.000000 -83.282745
8400.000000 -83.587822
8450.000000 -82.852608
8500.000000 -82.609398
8550.000000 -84.972618
8600.000000 -84.972618
8650.000000 -84.544022
8700.000000 -84.050659
8750.000000 -84.281898
8800.000000 -84.118530
8850.000000 -84.232132
8900.000000 -84.251572
8950.000000 -85.273811
9000.000000 -87.181061
9050.000000 -85.664337
9100.000000 -86.635071
9150.000000 -87.199257
9200.000000 -85.896385
9250.000000 -86.810379
9300.000000 -87.577766
9350.000000 -87.398865
9400.000000 -87.102638
9450.000000 -88.158028
9500.000000 -87.336960
9550.000000 -88.202217
9600.000000 -88.305046
9650.000000 -88.700089
9700.000000 -91.000282
9750.000000 -91.345650
9800.000000 -91.528625
9850.000000 -90.582542
9900.000000 -88.982498
9950.000000 -89.568459
10000.000000 -89.285965
10050.000000 -92.417160
10100.000000 -90.555695
10150.000000 -89.600418
10200.000000 -88.750763
10250.000000 -90.274338
10300.000000 -89.856323
10350.000000 -90.650032
10400.000000 -90.897430
10450.000000 -88.574699
10500.000000 -90.107262
10550.000000 -89.798798
10600.000000 -90.851082
10650.000000 -91.311462
10700.000000 -91.424301
10750.000000 -90.235497
10800.000000 -91.137756
10850.000000 -91.922226
10900.000000 -92.027451
10950.000000 -92.384010
11000.000000 -94.609550
11050.000000 -90.466789
11100.000000 -94.370605
11150.000000 -91.104362
11200.000000 -92.579208
11250.000000 -92.511787
11300.000000 -94.958488
11350.000000 -94.517410
11400.000000 -91.042709
11450.000000 -93.761642
11500.000000 -91.061630
11550.000000 -90.754547
11600.000000 -93.400864
11650.000000 -91.104362
11700.000000 -92.977371
11750.000000 -92.802010
11800.000000 -89.664703
11850.000000 -91.282265
11900.000000 -95.291153
11950.000000 -91.730865
12000.000000 -92.053955
12050.000000 -91.553650
12100.000000 -98.106491
12150.000000 -94.746002
12200.000000 -94.097656
12250.000000 -96.576309
12300.000000 -94.050758
12350.000000 -97.196663
12400.000000 -94.287819
12450.000000 -94.482231
12500.000000 -93.066391
12550.000000 -92.784668
12600.000000 -93.937912
12650.000000 -96.630089
12700.000000 -91.156868
12750.000000 -93.376099
12800.000000 -91.558662
12850.000000 -94.117828
12900.000000 -93.569885
12950.000000 -93.885307
13000.000000 -89.422134
13050.000000 -92.439331
13100.000000 -95.750076
13150.000000 -92.096535
13200.000000 -94.538589
13250.000000 -93.964333
13300.000000 -94.988213
13350.000000 -94.144806
13400.000000 -92.160789
13450.000000 -93.090286
13500.000000 -93.265549
13550.000000 -91.880493
13600.000000 -95.613029
13650.000000 -92.011581
13700.000000 -92.428238
13750.000000 -94.329109
13800.000000 -95.108124
13850.000000 -96.434494
13900.000000 -97.589317
13950.000000 -93.425697
14000.000000 -93.665237
14050.000000 -92.080544
14100.000000 -90.953377
14150.000000 -93.951111
14200.000000 -92.836800
14250.000000 -90.860329
14300.000000 -95.758202
14350.000000 -93.419479
14400.000000 -98.192169
14450.000000 -97.469643
14500.000000 -93.138275
14550.000000 -95.493881
14600.000000 -89.943329
14650.000000 -89.496971
14700.000000 -90.154060
14750.000000 -90.188255
14800.000000 -91.741104
14850.000000 -90.990883
14900.000000 -90.962738
14950.000000 -91.715530
15000.000000 -93.488091
15050.000000 -90.587021
15100.000000 -90.604980
15150.000000 -91.277412
15200.000000 -92.522987
15250.000000 -90.261375
15300.000000 -88.305046
15350.000000 -89.351837
15400.000000 -89.848083
15450.000000 -89.976700
15500.000000 -93.800529
15550.000000 -89.576431
15600.000000 -91.659546
15650.000000 -91.262856
15700.000000 -87.956955
15750.000000 -89.922539
15800.000000 -90.162598
15850.000000 -90.502235
15900.000000 -90.132751
15950.000000 -91.248329
16000.000000 -91.700226
16050.000000 -89.251289
16100.000000 -91.792465
16150.000000 -89.386917
16200.000000 -91.132965
16250.000000 -89.993439
16300.000000 -92.150047
16350.000000 -90.925362
16400.000000 -95.525497
16450.000000 -91.291992
16500.000000 -90.533379
16550.000000 -91.449028
16600.000000 -92.101868
16650.000000 -90.287331
16700.000000 -89.827515
16750.000000 -90.335114
16800.000000 -88.141098
16850.000000 -89.749802
16900.000000 -90.695320
16950.000000 -89.091278
17000.000000 -89.057373
17050.000000 -90.731720
17100.000000 -88.236359
17150.000000 -88.236359
17200.000000 -89.457504
17250.000000 -89.656639
17300.000000 -92.006302
17350.000000 -91.674774
17400.000000 -90.582542
17450.000000 -93.626968
17500.000000 -93.332932
17550.000000 -89.885231
17600.000000 -91.990479
17650.000000 -90.188255
17700.000000 -92.489426
17750.000000 -90.330757
17800.000000 -91.488731
17850.000000 -93.601555
17900.000000 -92.117897
17950.000000 -94.377541
18000.000000 -90.422676
18050.000000 -92.836800
18100.000000 -92.836800
18150.000000 -91.563675
18200.000000 -90.595993
18250.000000 -91.674774
18300.000000 -91.603912
18350.000000 -94.724312
18400.000000 -93.755180
18450.000000 -92.906799
18500.000000 -93.800499
18550.000000 -93.957718
18600.000000 -92.790443
18650.000000 -92.750084
18700.000000 -93.898430
18750.000000 -93.944504
18800.000000 -89.293686
18850.000000 -94.349831
18900.000000 -90.405090
18950.000000 -92.895096
19000.000000 -94.746002
19050.000000 -94.709885
19100.000000 -94.280952
19150.000000 -92.182320
19200.000000 -95.677254
19250.000000 -91.258011
19300.000000 -92.166168
19350.000000 -95.283447
19400.000000 -91.190453
19450.000000 -90.727158
19500.000000 -96.217445
19550.000000 -92.500603
19600.000000 -96.894844
19650.000000 -88.860336
19700.000000 -91.613998
19750.000000 -89.083733
19800.000000 -93.388466
19850.000000 -92.936134
19900.000000 -90.374405
19950.000000 -92.790443
20000.000000 -99.565262
20050.000000 -93.400864
20100.000000 -93.114250
20150.000000 -93.620613
20200.000000 -95.493881
20250.000000 -94.545662
20300.000000 -91.042709
20350.000000 -94.804100
20400.000000 -91.243492
20450.000000 -91.985207
20500.000000 -89.745728
20550.000000 -93.885307
20600.000000 -91.890907
20650.000000 -93.339104
20700.000000 -92.854248
20750.000000 -90.119995
20800.000000 -91.326096
20850.000000 -89.001152
20900.000000 -90.287331
20950.000000 -89.270531
21000.000000 -91.741104
21050.000000 -89.441772
21100.000000 -91.014397
21150.000000 -89.437843
21200.000000 -93.102264
21250.000000 -92.301682
21300.000000 -89.717285
21350.000000 -91.870087
21400.000000 -90.094536
21450.000000 -94.510368
21500.000000 -96.931999
21550.000000 -93.012871
21600.000000 -95.669205
21650.000000 -93.204697
21700.000000 -91.948410
21750.000000 -91.394722
21800.000000 -93.904999
21850.000000 -91.161659
21900.000000 -92.871727
21950.000000 -92.652840
22000.000000 -92.618774
22050.000000 -91.350548
22100.000000 -91.974678
22150.000000 -91.037979
22200.000000 -94.951073
22250.000000 -94.329109
22300.000000 -92.378494
22350.000000 -91.345650
22400.000000 -91.828606
22450.000000 -93.937912
22500.000000 -92.895096
22550.000000 -91.890907
22600.000000 -92.144684
22650.000000 -88.798073
22700.000000 -89.741653
22750.000000 -92.361977
22800.000000 -92.959671
22850.000000 -92.011581
22900.000000 -95.025505
22950.000000 -91.248329
23000.000000 -93.519463
23050.000000 -93.735847
23100.000000 -90.869591
23150.000000 -90.962738
23200.000000 -91.296852
23250.000000 -91.619049
23300.000000 -96.014053
23350.000000 -92.755836
23400.000000 -92.345490
23450.000000 -92.607452
23500.000000 -93.168404
23550.000000 -92.761597
23600.000000 -93.302223
23650.000000 -91.953659
23700.000000 -90.582542
23750.000000 -89.745728
23800.000000 -89.831627
23850.000000 -90.196846
23900.000000 -89.798798
23950.000000 -91.023827
24000.000000 -98.106491
24050.000000 -94.138054
24100.000000 -92.461563
24150.000000 -90.060707
24200.000000 -93.180489
24250.000000 -94.818687
24300.000000 -90.533379
24350.000000 -91.066368
24400.000000 -92.411629
24450.000000 -92.977371
24500.000000 -93.794014
24550.000000 -91.335869
24600.000000 -91.690041
24650.000000 -94.212608
24700.000000 -91.695129
24750.000000 -96.064461
24800.000000 -96.123634
24850.000000 -82.063156
24900.000000 -76.081299
24950.000000 -72.519608
25000.000000 -70.521782
25050.000000 -68.926743
25100.000000 -67.347443
25150.000000 -66.001801
25200.000000 -65.742279
25250.000000 -64.734840
25300.000000 -63.946270
25350.000000 -63.397606
25400.000000 -63.385071
25450.000000 -63.147827
25500.000000 -63.186760
25550.000000 -63.183510
25600.000000 -63.154305
25650.000000 -63.316650
25700.000000 -63.530510
25750.000000 -63.818207
25800.000000 -64.542000
25850.000000 -64.716347
25900.000000 -65.443275
25950.000000 -66.226326
26000.000000 -66.931694
26050.000000 -68.244217
26100.000000 -69.543358
26150.000000 -70.698479
26200.000000 -71.262840
26250.000000 -72.110931
26300.000000 -73.456818
26350.000000 -72.885132
26400.000000 -72.492760
26450.000000 -71.488220
26500.000000 -70.411667
26550.000000 -69.136681
26600.000000 -68.530693
26650.000000 -67.749100
26700.000000 -67.050842
26750.000000 -66.479980
26800.000000 -66.346581
26850.000000 -65.710754
26900.000000 -65.651108
26950.000000 -65.592880
27000.000000 -65.096123
27050.000000 -65.193901
27100.000000 -65.351746
27150.000000 -65.377304
27200.000000 -65.624733
27250.000000 -65.745872
27300.000000 -66.422874
27350.000000 -66.621132
27400.000000 -66.853439
27450.000000 -67.464027
27500.000000 -67.912010
27550.000000 -68.622841
27600.000000 -69.063004
27650.000000 -68.840500
27700.000000 -69.748558
27750.000000 -70.439392
27800.000000 -70.640984
27850.000000 -69.484306
27900.000000 -69.917542
27950.000000 -69.023964
28000.000000 -69.298309
28050.000000 -69.201431
28100.000000 -68.702606
28150.000000 -68.142097
28200.000000 -67.737137
28250.000000 -67.459648
28300.000000 -67.389229
28350.000000 -67.152916
28400.000000 -66.913162
28450.000000 -66.602127
28500.000000 -66.652435
28550.000000 -66.735794
28600.000000 -66.457932
28650.000000 -65.879669
28700.000000 -67.184380
28750.000000 -66.779358
28800.000000 -67.270271
28850.000000 -67.753304
28900.000000 -67.938416
28950.000000 -68.205956
29000.000000 -68.567932
29050.000000 -68.581802
29100.000000 -68.351364
29150.000000 -69.262428
29200.000000 -69.107895
29250.000000 -69.309143
29300.000000 -69.093155
29350.000000 -69.301788
29400.000000 -68.821083
29450.000000 -68.805359
29500.000000 -68.867683
29550.000000 -68.185181
29600.000000 -68.097878
29650.000000 -68.344093
29700.000000 -68.032806
29750.000000 -67.560966
29800.000000 -67.360420
29850.000000 -67.372185
29900.000000 -67.586006
29950.000000 -67.367538
30000.000000 -67.605392
30050.000000 -67.139641
30100.000000 -67.268433
30150.000000 -67.480316
30200.000000 -67.309540
30250.000000 -67.407867
30300.000000 -67.698784
30350.000000 -67.808815
30400.000000 -67.843399
30450.000000 -67.919594
30500.000000 -68.126541
30550.000000 -67.964569
30600.000000 -67.947678
30650.000000 -68.064613
30700.000000 -68.544502
30750.000000 -68.978378
30800.000000 -68.852974
30850.000000 -68.929337
30900.000000 -68.672333
30950.000000 -68.799156
31000.000000 -68.818153
31050.000000 -68.502426
31100.000000 -68.329552
31150.000000 -68.180763
31200.000000 -68.131279
31250.000000 -68.337166
31300.000000 -67.818588
31350.000000 -67.985146
31400.000000 -68.313316
31450.000000 -68.208000
31500.000000 -68.079048
31550.000000 -68.199478
31600.000000 -67.892914
31650.000000 -68.076019
31700.000000 -67.992134
31750.000000 -67.843079
31800.000000 -68.110344
31850.000000 -67.465279
31900.000000 -67.497894
31950.000000 -68.274406
32000.000000 -68.016785
32050.000000 -67.903778
32100.000000 -68.532814
32150.000000 -68.152931
32200.000000 -68.007782
32250.000000 -68.423424
32300.000000 -68.408401
32350.000000 -68.455292
32400.000000 -67.866653
32450.000000 -68.379143
32500.000000 -68.509842
32550.000000 -68.128571
32600.000000 -68.727905
32650.000000 -68.190628
32700.000000 -68.096199
32750.000000 -68.718864
32800.000000 -68.377060
32850.000000 -68.368370
32900.000000 -68.039162
32950.000000 -68.596771
33000.000000 -68.402473
33050.000000 -68.219940
33100.000000 -68.436012
33150.000000 -68.295387
33200.000000 -68.236687
33250.000000 -68.240448
33300.000000 -68.357262
33350.000000 -68.352402
33400.000000 -68.200157
33450.000000 -68.379143
33500.000000 -68.484108
33550.000000 -68.201180
33600.000000 -68.340622
33650.000000 -68.152260
33700.000000 -68.159035
33750.000000 -68.365242
33800.000000 -68.346169
33850.000000 -68.507011
33900.000000 -68.498901
33950.000000 -67.810768
34000.000000 -68.069977
34050.000000 -67.886345
34100.000000 -68.208679
34150.000000 -67.961914
34200.000000 -68.201180
34250.000000 -68.589279
34300.000000 -68.218918
34350.000000 -68.444420
34400.000000 -68.444420
34450.000000 -68.677376
34500.000000 -68.711998
34550.000000 -68.596413
34600.000000 -68.735878
34650.000000 -68.808655
34700.000000 -68.593918
34750.000000 -68.700073
34800.000000 -68.655083
34850.000000 -68.703690
34900.000000 -68.694305
34950.000000 -67.993462
35000.000000 -68.606400
35050.000000 -68.079048
35100.000000 -68.167175
35150.000000 -68.220963
35200.000000 -68.015778
35250.000000 -67.280685
35300.000000 -67.981827
35350.000000 -67.684013
35400.000000 -67.307693
35450.000000 -68.087112
35500.000000 -67.936760
35550.000000 -67.765610
35600.000000 -67.749741
35650.000000 -68.235664
35700.000000 -67.930153
35750.000000 -67.996452
35800.000000 -67.922562
35850.000000 -67.783447
35900.000000 -67.716492
35950.000000 -67.630562
36000.000000 -67.799698
36050.000000 -67.814674
36100.000000 -67.648766
36150.000000 -67.838501
36200.000000 -68.061928
36250.000000 -67.500412
36300.000000 -68.396896
36350.000000 -68.458801
36400.000000 -67.833923
36450.000000 -68.166840
36500.000000 -68.075012
36550.000000 -68.180420
36600.000000 -68.200844
36650.000000 -68.266846
36700.000000 -67.839806
36750.000000 -67.900154
36800.000000 -68.063942
36850.000000 -68.195389
36900.000000 -68.194710
36950.000000 -67.734879
37000.000000 -67.982826
37050.000000 -68.077705
37100.000000 -67.841766
37150.000000 -68.232925
37200.000000 -68.318840
37250.000000 -68.234291
37300.000000 -68.291252
37350.000000 -68.551949
37400.000000 -68.198799
37450.000000 -68.493614
37500.000000 -68.278526
37550.000000 -68.059250
37600.000000 -67.936432
37650.000000 -68.279900
37700.000000 -68.060249
37750.000000 -67.978508
37800.000000 -68.093163
37850.000000 -67.963905
37900.000000 -68.244217
37950.000000 -67.762367
38000.000000 -67.770470
38050.000000 -67.971863
38100.000000 -68.085091
38150.000000 -68.604263
38200.000000 -68.317802
38250.000000 -68.021118
38300.000000 -67.934448
38350.000000 -67.748772
38400.000000 -67.876488
38450.000000 -67.670212
38500.000000 -67.666367
38550.000000 -67.894234
38600.000000 -68.297798
38650.000000 -67.732292
38700.000000 -68.096870
38750.000000 -68.075020
38800.000000 -67.996452
38850.000000 -68.228477
38900.000000 -67.832947
38950.000000 -67.787018
39000.000000 -67.816307
39050.000000 -67.778259
39100.000000 -68.254837
39150.000000 -67.893578
39200.000000 -67.603806
39250.000000 -67.903778
39300.000000 -68.241821
39350.000000 -67.863373
39400.000000 -67.971207
39450.000000 -68.197777
39500.000000 -68.203568
39550.000000 -68.256554
39600.000000 -68.368019
39650.000000 -68.070313
39700.000000 -68.275780
39750.000000 -68.339584
39800.000000 -68.724648
39850.000000 -68.578598
39900.000000 -68.366631
39950.000000 -68.148193
40000.000000 -68.040833
