0.000000 -93.588875
50.000000 -93.144295
100.000000 -93.425697
150.000000 -92.704185
200.000000 -90.383163
250.000000 -92.613113
300.000000 -92.784706
350.000000 -92.681328
400.000000 -92.075218
450.000000 -92.836800
500.000000 -93.588875
550.000000 -93.626968
600.000000 -94.117828
650.000000 -95.653114
700.000000 -94.192215
750.000000 -92.214706
800.000000 -94.077522
850.000000 -93.222900
900.000000 -93.456841
950.000000 -91.224167
1000.000000 -97.430115
1050.000000 -96.183212
1100.000000 -92.807793
1150.000000 -93.735825
1200.000000 -94.630959
1250.000000 -92.456001
1300.000000 -92.761597
1350.000000 -94.789543
1400.000000 -91.695129
1450.000000 -91.128189
1500.000000 -94.652412
1550.000000 -93.345238
1600.000000 -95.115669
1650.000000 -93.872208
1700.000000 -96.702324
1750.000000 -96.505112
1800.000000 -96.612129
1850.000000 -91.185646
1900.000000 -94.724312
1950.000000 -87.241859
2000.000000 -79.899330
2050.000000 -77.276657
2100.000000 -75.431755
2150.000000 -72.802567
2200.000000 -71.227531
2250.000000 -70.168571
2300.000000 -69.254005
2350.000000 -68.396545
2400.000000 -67.535057
2450.000000 -66.789780
2500.000000 -66.061783
2550.000000 -65.690063
2600.000000 -64.874489
2650.000000 -64.409317
2700.000000 -64.168495
2750.000000 -63.622135
2800.000000 -63.317039
2850.000000 -62.776363
2900.000000 -62.401947
2950.000000 -62.227043
3000.000000 -61.817081
3050.000000 -61.758789
3100.000000 -61.432480
3150.000000 -61.005062
3200.000000 -60.954174
3250.000000 -61.002235
3300.000000 -60.639679
3350.000000 -60.505474
3400.000000 -60.222435
3450.000000 -60.240677
3500.000000 -59.984375
3550.000000 -59.797348
3600.000000 -59.840317
3650.000000 -59.722958
3700.000000 -59.611607
3750.000000 -59.603497
3800.000000 -59.439060
3850.000000 -59.405952
3900.000000 -59.316677
3950.000000 -59.368896
4000.000000 -59.125713
4050.000000 -59.064453
4100.000000 -59.166317
4150.000000 -58.987560
4200.000000 -58.881695
4250.000000 -58.853775
4300.000000 -58.933937
4350.000000 -58.922104
4400.000000 -58.823975
4450.000000 -58.735756
4500.000000 -58.696087
4550.000000 -58.885189
4600.000000 -58.774918
4650.000000 -58.835213
4700.000000 -58.833122
4750.000000 -58.787010
4800.000000 -58.741833
4850.000000 -58.761005
4900.000000 -58.698940
4950.000000 -58.643551
5000.000000 -58.710926
5050.000000 -58.895687
5100.000000 -58.788280
5150.000000 -58.864815
5200.000000 -58.951305
5250.000000 -58.906670
5300.000000 -58.880764
5350.000000 -58.757786
5400.000000 -58.926468
5450.000000 -58.895458
5500.000000 -58.893356
5550.000000 -59.039970
5600.000000 -59.034752
5650.000000 -59.007519
5700.000000 -59.121643
5750.000000 -59.012840
5800.000000 -59.171375
5850.000000 -59.104527
5900.000000 -59.200218
5950.000000 -59.296608
6000.000000 -59.270000
6050.000000 -59.328934
6100.000000 -59.375801
6150.000000 -59.366432
6200.000000 -59.242146
6250.000000 -59.420692
6300.000000 -59.474045
6350.000000 -59.369759
6400.000000 -59.480160
6450.000000 -59.458839
6500.000000 -59.364464
6550.000000 -59.442417
6600.000000 -59.439438
6650.000000 -59.559292
6700.000000 -59.642330
6750.000000 -59.600460
6800.000000 -59.477039
6850.000000 -59.550228
6900.000000 -59.683765
6950.000000 -59.748543
7000.000000 -59.648308
7050.000000 -59.801105
7100.000000 -59.711414
7150.000000 -59.710258
7200.000000 -59.726559
7250.000000 -59.740952
7300.000000 -59.622131
7350.000000 -59.735676
7400.000000 -59.782211
7450.000000 -59.724503
7500.000000 -59.797611
7550.000000 -59.750088
7600.000000 -59.695915
7650.000000 -59.638130
7700.000000 -59.870682
7750.000000 -59.678272
7800.000000 -59.717316
7850.000000 -59.791397
7900.000000 -59.911388
7950.000000 -59.912964
8000.000000 -59.910343
8050.000000 -59.832253
8100.000000 -59.856853
8150.000000 -59.792950
8200.000000 -59.811478
8250.000000 -59.752537
8300.000000 -59.773426
8350.000000 -59.817959
8400.000000 -59.892651
8450.000000 -59.849167
8500.000000 -59.920052
8550.000000 -59.736965
8600.000000 -59.828220
8650.000000 -59.841225
8700.000000 -59.809013
8750.000000 -59.660408
8800.000000 -59.781570
8850.000000 -59.681335
8900.000000 -59.710133
8950.000000 -59.711159
9000.000000 -59.752151
9050.000000 -59.699627
9100.000000 -59.759624
9150.000000 -59.857639
9200.000000 -59.750858
9250.000000 -59.762848
9300.000000 -59.750347
9350.000000 -59.841743
9400.000000 -59.716034
9450.000000 -59.836021
9500.000000 -59.832901
9550.000000 -59.791912
9600.000000 -59.752151
9650.000000 -59.818481
9700.000000 -59.895271
9750.000000 -59.786999
9800.000000 -59.821205
9850.000000 -59.774979
9900.000000 -59.742237
9950.000000 -59.745327
10000.000000 -59.783768
10050.000000 -59.622257
10100.000000 -59.702187
10150.000000 -59.655823
10200.000000 -59.712566
10250.000000 -59.689392
10300.000000 -59.708210
10350.000000 -59.770847
10400.000000 -59.534760
10450.000000 -59.528229
10500.000000 -59.625050
10550.000000 -59.673676
10600.000000 -59.705647
10650.000000 -59.612999
10700.000000 -59.685173
10750.000000 -59.560047
10800.000000 -59.581745
10850.000000 -59.426769
10900.000000 -59.626698
10950.000000 -59.467937
11000.000000 -59.471302
11050.000000 -59.640167
11100.000000 -59.690800
11150.000000 -59.353752
11200.000000 -59.580231
11250.000000 -59.484032
11300.000000 -59.555386
11350.000000 -59.550228
11400.000000 -59.543434
11450.000000 -59.521454
11500.000000 -59.461578
11550.000000 -59.473797
11600.000000 -59.506794
11650.000000 -59.337406
11700.000000 -59.450005
11750.000000 -59.505787
11800.000000 -59.396179
11850.000000 -59.397415
11900.000000 -59.537525
11950.000000 -59.371487
12000.000000 -59.398651
12050.000000 -59.302841
12100.000000 -59.395683
12150.000000 -59.375679
12200.000000 -59.402363
12250.000000 -59.294285
12300.000000 -59.417347
12350.000000 -59.434963
12400.000000 -59.501160
12450.000000 -59.485531
12500.000000 -59.553627
12550.000000 -59.377777
12600.000000 -59.375927
12650.000000 -59.388638
12700.000000 -59.424290
12750.000000 -59.389381
12800.000000 -59.574547
12850.000000 -59.465565
12900.000000 -59.450127
12950.000000 -59.443413
13000.000000 -59.440678
13050.000000 -59.448761
13100.000000 -59.478786
13150.000000 -59.480038
13200.000000 -59.451618
13250.000000 -59.572025
13300.000000 -59.495781
13350.000000 -59.552872
13400.000000 -59.583263
13450.000000 -59.542301
13500.000000 -59.545319
13550.000000 -59.512554
13600.000000 -59.561939
13650.000000 -59.610718
13700.000000 -59.518948
13750.000000 -59.341949
13800.000000 -59.412762
13850.000000 -59.479534
13900.000000 -59.474796
13950.000000 -59.405331
14000.000000 -59.325500
14050.000000 -59.322189
14100.000000 -59.288666
14150.000000 -59.361504
14200.000000 -59.263546
14250.000000 -59.260017
14300.000000 -59.335442
14350.000000 -59.286953
14400.000000 -59.352276
14450.000000 -59.325008
14500.000000 -59.275734
14550.000000 -59.158978
14600.000000 -59.195866
14650.000000 -59.355595
14700.000000 -59.365204
14750.000000 -59.386662
14800.000000 -59.284393
14850.000000 -59.241291
14900.000000 -59.310555
14950.000000 -59.303085
15000.000000 -59.302475
15050.000000 -59.462078
15100.000000 -59.261723
15150.000000 -59.376667
15200.000000 -59.537525
15250.000000 -59.370007
15300.000000 -59.387405
15350.000000 -59.358921
15400.000000 -59.391479
15450.000000 -59.350185
15500.000000 -59.148396
15550.000000 -59.435085
15600.000000 -59.273415
15650.000000 -59.187534
15700.000000 -59.386913
15750.000000 -59.376419
15800.000000 -59.370995
15850.000000 -59.318512
15900.000000 -59.282318
15950.000000 -59.333229
16000.000000 -59.392471
16050.000000 -59.307247
16100.000000 -59.235100
16150.000000 -59.312145
16200.000000 -59.287445
16250.000000 -59.355106
16300.000000 -59.181744
16350.000000 -59.317902
16400.000000 -59.304920
16450.000000 -59.344650
16500.000000 -59.122478
16550.000000 -59.163910
16600.000000 -59.192123
16650.000000 -59.189709
16700.000000 -59.175476
16750.000000 -59.273781
16800.000000 -59.306881
16850.000000 -59.320595
16900.000000 -59.386417
16950.000000 -59.363602
17000.000000 -59.276707
17050.000000 -59.238743
17100.000000 -59.317165
17150.000000 -59.413132
17200.000000 -59.398033
17250.000000 -59.341091
17300.000000 -59.288055
17350.000000 -59.326481
17400.000000 -59.367416
17450.000000 -59.374939
17500.000000 -59.291840
17550.000000 -59.304798
17600.000000 -59.316799
17650.000000 -59.300152
17700.000000 -59.329426
17750.000000 -59.403847
17800.000000 -59.368652
17850.000000 -59.402855
17900.000000 -59.439808
17950.000000 -59.332493
18000.000000 -59.456348
18050.000000 -59.384937
18100.000000 -59.257217
18150.000000 -59.173424
18200.000000 -59.171738
18250.000000 -59.392715
18300.000000 -59.403847
18350.000000 -59.109673
18400.000000 -59.340351
18450.000000 -59.437073
18500.000000 -59.270370
18550.000000 -59.296120
18600.000000 -59.326847
18650.000000 -59.488277
18700.000000 -59.285004
18750.000000 -59.336174
18800.000000 -59.396053
18850.000000 -59.333229
18900.000000 -59.190067
18950.000000 -59.190067
19000.000000 -59.205055
19050.000000 -59.406940
19100.000000 -59.217037
19150.000000 -59.403229
19200.000000 -59.394695
19250.000000 -59.317532
19300.000000 -59.358429
19350.000000 -59.314838
19400.000000 -59.271461
19450.000000 -59.391479
19500.000000 -59.411274
19550.000000 -59.327091
19600.000000 -59.480412
19650.000000 -59.458092
19700.000000 -59.426521
19750.000000 -59.533504
19800.000000 -59.517567
19850.000000 -59.483280
19900.000000 -59.384319
19950.000000 -59.486156
20000.000000 -59.503662
20050.000000 -59.486652
20100.000000 -59.583893
20150.000000 -59.545067
20200.000000 -59.438190
20250.000000 -59.384193
20300.000000 -59.519325
20350.000000 -59.612236
20400.000000 -59.451122
20450.000000 -59.468807
20500.000000 -59.370251
20550.000000 -59.477665
20600.000000 -59.470676
20650.000000 -59.436577
20700.000000 -59.425652
20750.000000 -59.417221
20800.000000 -59.600586
20850.000000 -59.557404
20900.000000 -59.562191
20950.000000 -59.561687
21000.000000 -59.445774
21050.000000 -59.473301
21100.000000 -59.423424
21150.000000 -59.534760
21200.000000 -59.567360
21250.000000 -59.675465
21300.000000 -59.551109
21350.000000 -59.474045
21400.000000 -59.574421
21450.000000 -59.471176
21500.000000 -59.436203
21550.000000 -59.357319
21600.000000 -59.510300
21650.000000 -59.461334
21700.000000 -59.376297
21750.000000 -59.395683
21800.000000 -59.262451
21850.000000 -59.357441
21900.000000 -59.480911
21950.000000 -59.429005
22000.000000 -59.595142
22050.000000 -59.902996
22100.000000 -60.078686
22150.000000 -60.385220
22200.000000 -60.744453
22250.000000 -60.781643
22300.000000 -61.102169
22350.000000 -61.348175
22400.000000 -61.587337
22450.000000 -61.930218
22500.000000 -62.164753
22550.000000 -62.342384
22600.000000 -62.531528
22650.000000 -62.565475
22700.000000 -63.208786
22750.000000 -63.201118
22800.000000 -63.503887
22850.000000 -63.910023
22900.000000 -64.010178
22950.000000 -64.164856
23000.000000 -64.684013
23050.000000 -64.718399
23100.000000 -64.768509
23150.000000 -65.293037
23200.000000 -65.491280
23250.000000 -65.958008
23300.000000 -65.755379
23350.000000 -66.099686
23400.000000 -66.498444
23450.000000 -66.472435
23500.000000 -66.632217
23550.000000 -67.269966
23600.000000 -67.315689
23650.000000 -67.473740
23700.000000 -67.763664
23750.000000 -68.312279
23800.000000 -68.667297
23850.000000 -68.664787
23900.000000 -68.977264
23950.000000 -68.975029
24000.000000 -69.576820
24050.000000 -69.486679
24100.000000 -69.729851
24150.000000 -70.145943
24200.000000 -70.160446
24250.000000 -70.524918
24300.000000 -70.366516
24350.000000 -70.864021
24400.000000 -71.451981
24450.000000 -71.519615
24500.000000 -71.774437
24550.000000 -72.075195
24600.000000 -72.214691
24650.000000 -72.380684
24700.000000 -72.522408
24750.000000 -72.596687
24800.000000 -73.186508
24850.000000 -73.797234
24900.000000 -73.819328
24950.000000 -73.605339
25000.000000 -74.177261
25050.000000 -74.156944
25100.000000 -74.697617
25150.000000 -74.966629
25200.000000 -74.966629
25250.000000 -75.502541
25300.000000 -74.954018
25350.000000 -75.731377
25400.000000 -75.649872
25450.000000 -75.657913
25500.000000 -75.653893
25550.000000 -75.661125
25600.000000 -76.667000
25650.000000 -76.831085
25700.000000 -76.580750
25750.000000 -77.233177
25800.000000 -77.592293
25850.000000 -77.557205
25900.000000 -78.159912
25950.000000 -77.597313
26000.000000 -78.900482
26050.000000 -78.536850
26100.000000 -78.422256
26150.000000 -79.076241
26200.000000 -79.216797
26250.000000 -80.384254
26300.000000 -79.319130
26350.000000 -79.970367
26400.000000 -79.731956
26450.000000 -80.512650
26500.000000 -81.359642
26550.000000 -80.650101
26600.000000 -80.145149
26650.000000 -81.209061
26700.000000 -81.390694
26750.000000 -80.515465
26800.000000 -80.416176
26850.000000 -81.662453
26900.000000 -82.043007
26950.000000 -81.662453
27000.000000 -81.822807
27050.000000 -82.757416
27100.000000 -82.856285
27150.000000 -83.161743
27200.000000 -82.142509
27250.000000 -83.112297
27300.000000 -83.259567
27350.000000 -84.156944
27400.000000 -84.972618
27450.000000 -83.577812
27500.000000 -83.500122
27550.000000 -84.772881
27600.000000 -84.586617
27650.000000 -84.548500
27700.000000 -86.004189
27750.000000 -84.989082
27800.000000 -86.407631
27850.000000 -86.968575
27900.000000 -88.107323
27950.000000 -87.609543
28000.000000 -86.530441
28050.000000 -86.234756
28100.000000 -85.606018
28150.000000 -87.420639
28200.000000 -87.018982
28250.000000 -87.731339
28300.000000 -87.232712
28350.000000 -87.558762
28400.000000 -89.790611
28450.000000 -90.533379
28500.000000 -90.502235
28550.000000 -91.321220
28600.000000 -92.624443
28650.000000 -91.533623
28700.000000 -88.212440
28750.000000 -89.212921
28800.000000 -93.957718
28850.000000 -88.801720
28900.000000 -93.265526
28950.000000 -89.167107
29000.000000 -89.102615
29050.000000 -91.128189
29100.000000 -91.649399
29150.000000 -91.771881
29200.000000 -91.828606
29250.000000 -91.370155
29300.000000 -91.365250
29350.000000 -91.725769
29400.000000 -91.262856
29450.000000 -92.483849
29500.000000 -89.046097
29550.000000 -91.272560
29600.000000 -89.125320
29650.000000 -91.669693
29700.000000 -89.620453
29750.000000 -93.351402
29800.000000 -91.573761
29850.000000 -89.864571
29900.000000 -96.251808
29950.000000 -95.541344
30000.000000 -94.760490
30050.000000 -92.790443
30100.000000 -94.117828
30150.000000 -94.988213
30200.000000 -93.241142
30250.000000 -91.649399
30300.000000 -95.384132
30350.000000 -97.854401
30400.000000 -94.131310
30450.000000 -92.534203
30500.000000 -91.985207
30550.000000 -92.214706
30600.000000 -92.433784
30650.000000 -93.601555
30700.000000 -91.684952
30750.000000 -92.323555
30800.000000 -92.144684
30850.000000 -93.898430
30900.000000 -92.773125
30950.000000 -94.681099
31000.000000 -93.144295
31050.000000 -93.918144
31100.000000 -91.558662
31150.000000 -93.425697
31200.000000 -91.715530
31250.000000 -92.133957
31300.000000 -95.376343
31350.000000 -91.990479
31400.000000 -96.089767
31450.000000 -92.400566
31500.000000 -92.959671
31550.000000 -92.664223
31600.000000 -92.193100
31650.000000 -91.104362
31700.000000 -94.482231
31750.000000 -93.138275
31800.000000 -96.355728
31850.000000 -95.881065
31900.000000 -95.245033
31950.000000 -93.852592
32000.000000 -92.384010
32050.000000 -91.291992
32100.000000 -90.622971
32150.000000 -90.453529
32200.000000 -91.277412
32250.000000 -89.664703
32300.000000 -92.139320
32350.000000 -94.581100
32400.000000 -92.807793
32450.000000 -90.524467
32500.000000 -90.902077
32550.000000 -90.257057
32600.000000 -92.439331
32650.000000 -92.698463
32700.000000 -92.813591
32750.000000 -90.795784
32800.000000 -92.641472
32850.000000 -95.701462
32900.000000 -94.104378
32950.000000 -92.203896
33000.000000 -91.974678
33050.000000 -89.485107
33100.000000 -91.558662
33150.000000 -95.085510
33200.000000 -92.573570
33250.000000 -91.094994
33300.000000 -89.057373
33350.000000 -92.848427
33400.000000 -92.971466
33450.000000 -93.253326
33500.000000 -90.878860
33550.000000 -93.865662
33600.000000 -90.564629
33650.000000 -91.558662
33700.000000 -93.186531
33750.000000 -92.075218
33800.000000 -95.298859
33850.000000 -96.585251
33900.000000 -92.372986
33950.000000 -91.922226
34000.000000 -91.453979
34050.000000 -92.545433
34100.000000 -92.329033
34150.000000 -92.675621
34200.000000 -92.562302
34250.000000 -93.729385
34300.000000 -94.531525
34350.000000 -91.953659
34400.000000 -92.038040
34450.000000 -91.335869
34500.000000 -92.732841
34550.000000 -92.472702
34600.000000 -91.066368
34650.000000 -92.285347
34700.000000 -91.171249
34750.000000 -93.126259
34800.000000 -90.231194
34850.000000 -95.557228
34900.000000 -94.709885
34950.000000 -94.301559
35000.000000 -90.158325
35050.000000 -94.037407
35100.000000 -92.091194
35150.000000 -91.311462
35200.000000 -91.326096
35250.000000 -98.933281
35300.000000 -95.997322
35350.000000 -95.557228
35400.000000 -97.120224
35450.000000 -91.204887
35500.000000 -94.301559
35550.000000 -95.597054
35600.000000 -92.534203
35650.000000 -96.072891
35700.000000 -95.123230
35750.000000 -92.573570
35800.000000 -92.959671
35850.000000 -91.099602
35900.000000 -91.644356
35950.000000 -91.258011
36000.000000 -92.411629
36050.000000 -89.922539
36100.000000 -93.090286
36150.000000 -92.977371
36200.000000 -91.209702
36250.000000 -91.896118
36300.000000 -91.080597
36350.000000 -91.113884
36400.000000 -90.591507
36450.000000 -91.508652
36500.000000 -91.690041
36550.000000 -93.042564
36600.000000 -96.149117
36650.000000 -93.302223
36700.000000 -92.016869
36750.000000 -92.220116
36800.000000 -92.384010
36850.000000 -92.573570
36900.000000 -95.018036
36950.000000 -93.937912
37000.000000 -92.738586
37050.000000 -91.214523
37100.000000 -90.471207
37150.000000 -91.109123
37200.000000 -92.417160
37250.000000 -92.307144
37300.000000 -94.782272
37350.000000 -90.823387
37400.000000 -90.768272
37450.000000 -93.042564
37500.000000 -92.027451
37550.000000 -93.690842
37600.000000 -90.595993
37650.000000 -90.600502
37700.000000 -92.096535
37750.000000 -95.470276
37800.000000 -92.096550
37850.000000 -91.995750
37900.000000 -91.730865
37950.000000 -94.426239
38000.000000 -94.426239
38050.000000 -91.389801
38100.000000 -92.528595
38150.000000 -90.763695
38200.000000 -93.363739
38250.000000 -91.321220
38300.000000 -93.450600
38350.000000 -91.985207
38400.000000 -93.970947
38450.000000 -94.731537
38500.000000 -96.549538
38550.000000 -93.538338
38600.000000 -92.895096
38650.000000 -92.854248
38700.000000 -89.004890
38750.000000 -90.300331
38800.000000 -97.927177
38850.000000 -91.859703
38900.000000 -95.153519
38950.000000 -95.914124
39000.000000 -93.253326
39050.000000 -94.496284
39100.000000 -92.989189
39150.000000 -90.668114
39200.000000 -94.681099
39250.000000 -95.856354
39300.000000 -93.174446
39350.000000 -94.623817
39400.000000 -94.070824
39450.000000 -93.614250
39500.000000 -93.138275
39550.000000 -94.746002
39600.000000 -94.260391
39650.000000 -96.549538
39700.000000 -93.833023
39750.000000 -91.859703
39800.000000 -93.314491
39850.000000 -95.199158
39900.000000 -93.885307
39950.000000 -93.964333
40000.000000 -93.820000
