0.000000 -94.017418
50.000000 -93.646080
100.000000 -91.974678
150.000000 -92.285301
200.000000 -92.006302
250.000000 -93.235062
300.000000 -91.468857
350.000000 -93.013565
400.000000 -91.953659
450.000000 -93.794014
500.000000 -97.025604
550.000000 -92.738586
600.000000 -90.378784
650.000000 -94.077522
700.000000 -94.461189
750.000000 -93.652458
800.000000 -94.405334
850.000000 -94.171867
900.000000 -93.481834
950.000000 -94.630959
1000.000000 -95.345268
1050.000000 -95.541344
1100.000000 -92.556679
1150.000000 -93.633339
1200.000000 -94.958488
1250.000000 -94.171867
1300.000000 -94.192215
1350.000000 -92.618774
1400.000000 -93.652458
1450.000000 -93.911568
1500.000000 -94.524467
1550.000000 -93.204697
1600.000000 -94.030739
1650.000000 -93.532043
1700.000000 -92.422699
1750.000000 -93.742271
1800.000000 -96.303612
1850.000000 -93.729385
1900.000000 -94.151566
1950.000000 -97.430115
2000.000000 -85.880722
2050.000000 -80.897858
2100.000000 -77.776039
2150.000000 -74.642365
2200.000000 -73.077118
2250.000000 -71.525604
2300.000000 -70.193810
2350.000000 -68.964607
2400.000000 -68.473549
2450.000000 -67.644615
2500.000000 -66.822571
2550.000000 -66.338058
2600.000000 -65.972229
2650.000000 -65.522255
2700.000000 -65.136017
2750.000000 -64.839020
2800.000000 -64.409317
2850.000000 -64.203476
2900.000000 -63.912102
2950.000000 -63.711285
3000.000000 -63.502102
3050.000000 -63.406231
3100.000000 -63.447529
3150.000000 -63.352646
3200.000000 -63.196522
3250.000000 -63.230869
3300.000000 -63.206100
3350.000000 -63.259560
3400.000000 -63.243179
3450.000000 -63.169945
3500.000000 -63.173954
3550.000000 -63.475365
3600.000000 -63.479717
3650.000000 -63.634815
3700.000000 -63.642071
3750.000000 -63.916897
3800.000000 -64.048325
3850.000000 -64.112350
3900.000000 -64.274300
3950.000000 -64.543571
4000.000000 -64.840179
4050.000000 -64.937912
4100.000000 -65.034386
4150.000000 -65.489281
4200.000000 -65.722015
4250.000000 -65.716133
4300.000000 -66.075378
4350.000000 -66.182739
4400.000000 -66.429817
4450.000000 -66.503204
4500.000000 -67.075050
4550.000000 -66.852859
4600.000000 -67.441208
4650.000000 -67.449326
4700.000000 -67.532845
4750.000000 -67.583473
4800.000000 -67.805557
4850.000000 -67.796448
4900.000000 -67.835236
4950.000000 -67.790268
5000.000000 -67.980835
5050.000000 -67.894234
5100.000000 -67.697182
5150.000000 -67.673744
5200.000000 -67.529373
5250.000000 -67.440269
5300.000000 -67.481262
5350.000000 -67.256508
5400.000000 -67.271187
5450.000000 -66.955269
5500.000000 -66.847023
5550.000000 -66.478584
5600.000000 -66.720840
5650.000000 -66.602127
5700.000000 -66.431488
5750.000000 -66.065781
5800.000000 -65.908928
5850.000000 -65.971176
5900.000000 -65.751007
5950.000000 -65.805138
6000.000000 -65.836746
6050.000000 -65.618652
6100.000000 -65.485794
6150.000000 -65.589096
6200.000000 -65.278183
6250.000000 -65.358864
6300.000000 -65.319649
6350.000000 -65.221420
6400.000000 -65.183067
6450.000000 -65.286705
6500.000000 -65.261162
6550.000000 -65.438568
6600.000000 -65.356163
6650.000000 -65.237396
6700.000000 -65.358124
6750.000000 -65.403931
6800.000000 -65.584305
6850.000000 -65.538040
6900.000000 -65.211754
6950.000000 -65.561394
7000.000000 -65.520256
7050.000000 -65.630814
7100.000000 -65.545067
7150.000000 -65.647301
7200.000000 -65.685471
7250.000000 -65.838821
7300.000000 -65.695427
7350.000000 -65.805397
7400.000000 -65.998367
7450.000000 -66.032539
7500.000000 -66.075111
7550.000000 -66.028290
7600.000000 -66.186249
7650.000000 -66.340530
7700.000000 -66.270409
7750.000000 -66.082848
7800.000000 -66.313072
7850.000000 -66.092468
7900.000000 -66.008942
7950.000000 -66.315819
8000.000000 -66.130501
8050.000000 -66.324318
8100.000000 -66.240723
8150.000000 -65.989639
8200.000000 -66.052734
8250.000000 -66.113068
8300.000000 -66.021927
8350.000000 -65.944328
8400.000000 -66.191658
8450.000000 -66.079643
8500.000000 -65.936974
8550.000000 -66.034134
8600.000000 -66.136147
8650.000000 -65.918617
8700.000000 -65.998100
8750.000000 -66.062050
8800.000000 -65.907623
8850.000000 -65.872368
8900.000000 -66.008682
8950.000000 -65.780869
9000.000000 -65.837265
9050.000000 -65.766701
9100.000000 -65.679863
9150.000000 -65.956169
9200.000000 -65.789902
9250.000000 -65.757690
9300.000000 -65.772621
9350.000000 -65.752808
9400.000000 -65.918358
9450.000000 -65.901604
9500.000000 -65.791191
9550.000000 -65.776230
9600.000000 -65.755890
9650.000000 -65.858574
9700.000000 -65.616127
9750.000000 -65.833633
9800.000000 -65.813423
9850.000000 -65.683945
9900.000000 -65.764381
9950.000000 -66.021927
10000.000000 -65.841675
10050.000000 -65.889328
10100.000000 -65.640953
10150.000000 -65.829742
10200.000000 -65.952744
10250.000000 -65.894287
10300.000000 -65.699509
10350.000000 -65.872375
10400.000000 -65.857010
10450.000000 -65.990433
10500.000000 -65.833374
10550.000000 -65.837006
10600.000000 -65.925171
10650.000000 -65.777771
10700.000000 -65.916786
10750.000000 -65.920715
10800.000000 -65.727913
10850.000000 -65.676041
10900.000000 -65.724838
10950.000000 -65.823273
11000.000000 -65.534531
11050.000000 -65.529518
11100.000000 -65.708199
11150.000000 -65.689041
11200.000000 -65.652122
11250.000000 -65.815491
11300.000000 -65.770821
11350.000000 -65.592880
11400.000000 -65.582031
11450.000000 -65.686493
11500.000000 -65.357391
11550.000000 -65.602219
11600.000000 -65.527763
11650.000000 -65.614349
11700.000000 -65.535034
11750.000000 -65.508003
11800.000000 -65.578255
11850.000000 -65.582535
11900.000000 -65.598686
11950.000000 -65.599693
12000.000000 -65.539299
12050.000000 -65.459663
12100.000000 -65.360825
12150.000000 -65.468117
12200.000000 -65.421478
12250.000000 -65.305969
12300.000000 -65.454445
12350.000000 -65.270401
12400.000000 -65.396523
12450.000000 -65.345116
12500.000000 -65.343155
12550.000000 -65.604744
12600.000000 -65.683434
12650.000000 -65.517258
12700.000000 -65.359352
12750.000000 -65.412575
12800.000000 -65.607018
12850.000000 -65.607780
12900.000000 -65.368942
12950.000000 -65.568687
13000.000000 -65.525261
13050.000000 -65.445259
13100.000000 -65.543060
13150.000000 -65.590607
13200.000000 -65.488785
13250.000000 -65.418259
13300.000000 -65.507004
13350.000000 -65.466873
13400.000000 -65.574730
13450.000000 -65.560638
13500.000000 -65.477570
13550.000000 -65.548325
13600.000000 -65.433113
13650.000000 -65.297676
13700.000000 -65.515503
13750.000000 -65.573975
13800.000000 -65.425186
13850.000000 -65.347816
13900.000000 -65.412331
13950.000000 -65.397514
14000.000000 -65.114731
14050.000000 -65.456429
14100.000000 -65.327232
14150.000000 -65.449730
14200.000000 -65.325279
14250.000000 -65.494270
14300.000000 -65.410599
14350.000000 -65.409119
14400.000000 -65.434349
14450.000000 -65.428162
14500.000000 -65.506508
14550.000000 -65.257034
14600.000000 -65.208862
14650.000000 -65.365746
14700.000000 -65.308167
14750.000000 -65.339233
14800.000000 -65.416283
14850.000000 -65.329437
14900.000000 -65.374352
14950.000000 -65.178490
15000.000000 -65.196075
15050.000000 -65.125969
15100.000000 -65.073990
15150.000000 -65.215378
15200.000000 -65.327232
15250.000000 -65.354195
15300.000000 -65.157829
15350.000000 -65.045753
15400.000000 -64.974022
15450.000000 -65.135300
15500.000000 -65.106857
15550.000000 -65.231827
15600.000000 -65.264565
15650.000000 -65.263832
15700.000000 -65.215141
15750.000000 -65.222145
15800.000000 -65.184753
15850.000000 -65.117363
15900.000000 -65.219971
15950.000000 -65.154228
16000.000000 -65.278427
16050.000000 -65.248787
16100.000000 -65.312073
16150.000000 -65.357880
16200.000000 -65.193420
16250.000000 -65.202103
16300.000000 -65.131226
16350.000000 -65.266266
16400.000000 -64.977783
16450.000000 -65.021614
16500.000000 -65.083504
16550.000000 -65.091599
16600.000000 -65.115211
16650.000000 -64.963921
16700.000000 -65.071381
16750.000000 -64.904510
16800.000000 -64.962517
16850.000000 -65.087791
16900.000000 -64.721825
16950.000000 -65.037460
17000.000000 -64.955948
17050.000000 -64.775169
17100.000000 -64.832779
17150.000000 -64.932297
17200.000000 -64.798393
17250.000000 -64.809227
17300.000000 -64.901947
17350.000000 -64.924347
17400.000000 -64.970970
17450.000000 -65.100174
17500.000000 -64.946335
17550.000000 -64.740562
17600.000000 -64.900551
17650.000000 -64.703354
17700.000000 -64.684471
17750.000000 -64.856850
17800.000000 -64.759338
17850.000000 -64.666985
17900.000000 -64.883553
17950.000000 -64.778847
18000.000000 -64.807846
18050.000000 -64.688332
18100.000000 -64.940948
18150.000000 -64.818222
18200.000000 -64.819611
18250.000000 -64.908241
18300.000000 -64.896118
18350.000000 -64.863579
18400.000000 -64.960167
18450.000000 -64.935104
18500.000000 -64.787117
18550.000000 -64.994484
18600.000000 -64.959930
18650.000000 -64.745361
18700.000000 -64.811302
18750.000000 -64.972137
18800.000000 -64.696976
18850.000000 -64.829773
18900.000000 -64.724792
18950.000000 -64.592903
19000.000000 -64.609566
19050.000000 -64.609566
19100.000000 -64.728897
19150.000000 -64.674927
19200.000000 -64.755898
19250.000000 -64.735298
19300.000000 -64.697662
19350.000000 -64.856155
19400.000000 -64.557892
19450.000000 -64.633255
19500.000000 -64.609337
19550.000000 -64.666306
19600.000000 -64.645691
19650.000000 -64.642296
19700.000000 -64.550728
19750.000000 -64.516327
19800.000000 -64.769432
19850.000000 -64.630539
19900.000000 -64.574707
19950.000000 -64.520119
20000.000000 -64.529716
20050.000000 -64.542000
20100.000000 -64.539993
20150.000000 -64.443520
20200.000000 -64.608887
20250.000000 -64.710190
20300.000000 -64.640038
20350.000000 -64.666756
20400.000000 -64.583916
20450.000000 -64.723190
20500.000000 -64.579422
20550.000000 -64.614067
20600.000000 -64.556099
20650.000000 -64.362984
20700.000000 -64.695839
20750.000000 -64.504524
20800.000000 -64.376793
20850.000000 -64.464325
20900.000000 -64.621964
20950.000000 -64.774712
21000.000000 -64.710419
21050.000000 -64.589752
21100.000000 -64.629189
21150.000000 -64.528152
21200.000000 -64.564392
21250.000000 -64.712013
21300.000000 -64.708595
21350.000000 -64.814301
21400.000000 -64.264763
21450.000000 -64.618355
21500.000000 -64.467644
21550.000000 -64.655197
21600.000000 -64.194878
21650.000000 -64.598305
21700.000000 -64.065872
21750.000000 -64.547150
21800.000000 -64.557442
21850.000000 -64.569992
21900.000000 -64.472969
21950.000000 -64.466095
22000.000000 -64.695381
22050.000000 -64.616776
22100.000000 -65.033913
22150.000000 -65.182625
22200.000000 -65.383957
22250.000000 -65.572212
22300.000000 -65.964851
22350.000000 -66.267960
22400.000000 -66.236107
22450.000000 -66.509377
22500.000000 -66.792969
22550.000000 -66.959404
22600.000000 -67.516136
22650.000000 -67.557487
22700.000000 -67.842094
22750.000000 -68.165138
22800.000000 -68.286438
22850.000000 -68.733704
22900.000000 -68.849304
22950.000000 -68.997406
23000.000000 -69.214439
23050.000000 -69.507240
23100.000000 -69.886040
23150.000000 -70.001808
23200.000000 -70.341637
23250.000000 -70.672173
23300.000000 -70.905319
23350.000000 -70.726685
23400.000000 -71.082954
23450.000000 -71.433670
23500.000000 -71.624084
23550.000000 -71.585266
23600.000000 -71.768784
23650.000000 -72.265678
23700.000000 -72.469337
23750.000000 -73.126236
23800.000000 -72.650543
23850.000000 -73.058022
23900.000000 -73.221664
23950.000000 -74.086220
24000.000000 -73.930634
24050.000000 -74.088234
24100.000000 -74.615944
24150.000000 -74.482208
24200.000000 -74.615227
24250.000000 -74.847176
24300.000000 -75.133789
24350.000000 -75.474937
24400.000000 -76.009003
24450.000000 -76.632759
24500.000000 -75.961418
24550.000000 -76.426552
24600.000000 -76.348732
24650.000000 -77.115433
24700.000000 -76.955276
24750.000000 -76.919876
24800.000000 -77.556206
24850.000000 -77.798637
24900.000000 -77.788361
24950.000000 -78.285194
25000.000000 -78.176003
25050.000000 -78.805244
25100.000000 -79.139633
25150.000000 -79.566483
25200.000000 -80.244087
25250.000000 -79.407814
25300.000000 -80.107491
25350.000000 -80.914040
25400.000000 -80.826134
25450.000000 -80.549278
25500.000000 -81.244171
25550.000000 -81.668869
25600.000000 -81.579391
25650.000000 -81.676903
25700.000000 -81.262543
25750.000000 -82.400734
25800.000000 -82.770172
25850.000000 -83.454636
25900.000000 -83.383904
25950.000000 -82.817703
26000.000000 -82.731964
26050.000000 -84.201981
26100.000000 -83.573807
26150.000000 -83.664276
26200.000000 -83.962364
26250.000000 -82.924690
26300.000000 -84.720230
26350.000000 -85.225304
26400.000000 -85.983047
26450.000000 -84.982025
26500.000000 -86.140182
26550.000000 -84.837410
26600.000000 -84.455025
26650.000000 -85.818352
26700.000000 -84.949158
26750.000000 -84.686066
26800.000000 -86.305687
26850.000000 -86.116028
26900.000000 -85.983047
26950.000000 -88.280945
27000.000000 -85.649086
27050.000000 -85.636398
27100.000000 -86.600998
27150.000000 -87.947021
27200.000000 -86.305687
27250.000000 -87.933800
27300.000000 -88.649719
27350.000000 -88.141098
27400.000000 -89.038589
27450.000000 -91.404572
27500.000000 -90.244118
27550.000000 -86.371674
27600.000000 -87.467484
27650.000000 -87.731339
27700.000000 -89.757942
27750.000000 -86.020081
27800.000000 -88.482704
27850.000000 -90.564629
27900.000000 -89.113960
27950.000000 -88.073685
28000.000000 -86.382721
28050.000000 -88.871376
28100.000000 -90.782021
28150.000000 -87.996803
28200.000000 -87.838516
28250.000000 -88.646126
28300.000000 -89.151886
28350.000000 -88.667671
28400.000000 -88.287827
28450.000000 -90.365662
28500.000000 -89.616447
28550.000000 -87.753960
28600.000000 -89.220581
28650.000000 -88.937874
28700.000000 -88.919350
28750.000000 -89.889366
28800.000000 -89.951660
28850.000000 -86.533249
28900.000000 -89.926689
28950.000000 -91.291992
29000.000000 -89.721344
29050.000000 -88.596069
29100.000000 -90.869591
29150.000000 -91.355446
29200.000000 -94.581100
29250.000000 -92.428238
29300.000000 -92.567932
29350.000000 -94.988213
29400.000000 -91.394722
29450.000000 -94.454193
29500.000000 -92.584846
29550.000000 -88.553398
29600.000000 -88.553383
29650.000000 -91.360344
29700.000000 -91.964165
29750.000000 -92.709908
29800.000000 -94.233055
29850.000000 -93.781052
29900.000000 -92.389526
29950.000000 -90.027008
30000.000000 -90.727158
30050.000000 -95.130791
30100.000000 -95.573135
30150.000000 -91.927460
30200.000000 -91.979942
30250.000000 -91.766747
30300.000000 -92.936134
30350.000000 -89.640541
30400.000000 -91.409500
30450.000000 -92.193100
30500.000000 -93.382278
30550.000000 -90.668114
30600.000000 -91.953659
30650.000000 -92.959671
30700.000000 -93.633339
30750.000000 -92.825188
30800.000000 -92.439331
30850.000000 -93.904999
30900.000000 -90.699860
30950.000000 -90.699860
31000.000000 -90.488930
31050.000000 -93.431915
31100.000000 -90.400703
31150.000000 -92.345490
31200.000000 -92.495010
31250.000000 -93.768105
31300.000000 -92.848427
31350.000000 -92.579208
31400.000000 -93.820000
31450.000000 -92.411629
31500.000000 -91.782173
31550.000000 -93.388466
31600.000000 -90.480064
31650.000000 -93.102264
31700.000000 -95.685318
31750.000000 -90.370033
31800.000000 -93.228981
31850.000000 -93.425697
31900.000000 -91.802780
31950.000000 -93.332932
32000.000000 -92.389526
32050.000000 -91.291992
32100.000000 -90.622971
32150.000000 -90.453529
32200.000000 -91.277412
32250.000000 -89.664703
32300.000000 -92.139320
32350.000000 -94.581100
32400.000000 -88.646126
32450.000000 -92.301682
32500.000000 -92.675621
32550.000000 -92.825188
32600.000000 -92.356476
32650.000000 -93.588875
32700.000000 -92.942009
32750.000000 -93.550941
32800.000000 -93.302223
32850.000000 -91.000282
32900.000000 -92.721367
32950.000000 -91.056892
33000.000000 -94.524467
33050.000000 -94.233055
33100.000000 -89.644562
33150.000000 -92.721367
33200.000000 -90.462364
33250.000000 -90.841858
33300.000000 -90.365662
33350.000000 -92.506195
33400.000000 -91.901337
33450.000000 -92.790848
33500.000000 -91.885696
33550.000000 -90.431480
33600.000000 -91.204887
33650.000000 -90.484497
33700.000000 -91.056892
33750.000000 -95.353027
33800.000000 -89.528671
33850.000000 -95.823517
33900.000000 -92.350983
33950.000000 -91.684952
34000.000000 -93.626968
34050.000000 -94.004112
34100.000000 -93.253326
34150.000000 -93.186531
34200.000000 -89.544563
34250.000000 -94.090942
34300.000000 -95.462387
34350.000000 -91.588806
34400.000000 -94.884628
34450.000000 -92.483849
34500.000000 -93.697250
34550.000000 -93.108253
34600.000000 -95.283447
34650.000000 -91.123421
34700.000000 -95.085510
34750.000000 -95.070473
34800.000000 -96.355728
34850.000000 -92.500603
34900.000000 -92.965569
34950.000000 -89.461441
35000.000000 -94.760490
35050.000000 -93.813492
35100.000000 -93.748726
35150.000000 -91.389801
35200.000000 -90.396309
35250.000000 -92.091194
35300.000000 -92.144684
35350.000000 -93.494362
35400.000000 -92.384010
35450.000000 -94.426239
35500.000000 -94.090942
35550.000000 -93.806999
35600.000000 -93.710388
35650.000000 -91.503670
35700.000000 -94.267242
35750.000000 -91.000282
35800.000000 -89.930847
35850.000000 -93.678024
35900.000000 -94.356750
35950.000000 -90.546761
36000.000000 -94.877281
36050.000000 -94.131310
36100.000000 -91.870087
36150.000000 -93.296097
36200.000000 -93.114250
36250.000000 -90.925362
36300.000000 -94.804100
36350.000000 -92.675621
36400.000000 -92.889244
36450.000000 -95.115669
36500.000000 -90.528923
36550.000000 -91.990479
36600.000000 -92.721367
36650.000000 -94.294685
36700.000000 -93.413269
36750.000000 -91.896118
36800.000000 -92.340004
36850.000000 -91.932693
36900.000000 -94.702736
36950.000000 -90.422676
37000.000000 -95.376343
37050.000000 -94.958488
37100.000000 -94.796822
37150.000000 -92.301682
37200.000000 -92.123253
37250.000000 -93.944504
37300.000000 -95.766342
37350.000000 -91.807938
37400.000000 -97.439980
37450.000000 -92.698463
37500.000000 -94.454193
37550.000000 -94.077522
37600.000000 -92.618774
37650.000000 -90.484497
37700.000000 -93.924728
37750.000000 -94.253548
37800.000000 -94.581100
37850.000000 -93.192581
37900.000000 -94.775002
37950.000000 -93.265526
38000.000000 -94.746002
38050.000000 -93.538338
38100.000000 -93.513176
38150.000000 -91.370155
38200.000000 -95.717636
38250.000000 -92.698463
38300.000000 -93.563591
38350.000000 -94.288109
38400.000000 -92.318085
38450.000000 -91.409500
38500.000000 -92.171547
38550.000000 -89.117744
38600.000000 -93.438141
38650.000000 -90.551224
38700.000000 -91.838959
38750.000000 -94.559814
38800.000000 -95.972275
38850.000000 -92.252647
38900.000000 -92.590515
38950.000000 -91.995750
39000.000000 -95.283447
39050.000000 -92.721367
39100.000000 -91.659546
39150.000000 -93.852592
39200.000000 -94.336014
39250.000000 -95.229713
39300.000000 -95.782639
39350.000000 -95.823517
39400.000000 -92.133957
39450.000000 -92.953781
39500.000000 -94.260391
39550.000000 -91.528625
39600.000000 -96.738663
39650.000000 -91.603912
39700.000000 -95.376587
39750.000000 -92.613113
39800.000000 -93.595215
39850.000000 -94.301559
39900.000000 -93.957718
39950.000000 -92.428238
40000.000000 -92.618774
