0.000000 -93.253349
50.000000 -93.872208
100.000000 -91.493713
150.000000 -94.609550
200.000000 -95.525497
250.000000 -93.614250
300.000000 -97.916740
350.000000 -93.794014
400.000000 -94.412300
450.000000 -92.027451
500.000000 -95.493881
550.000000 -96.756897
600.000000 -93.806999
650.000000 -93.755203
700.000000 -91.995750
750.000000 -91.099602
800.000000 -94.158325
850.000000 -93.742271
900.000000 -97.782234
950.000000 -94.980774
1000.000000 -91.056892
1050.000000 -97.235138
1100.000000 -93.048515
1150.000000 -92.813591
1200.000000 -92.732841
1250.000000 -96.666130
1300.000000 -91.937927
1350.000000 -93.488091
1400.000000 -95.864578
1450.000000 -93.774574
1500.000000 -92.784668
1550.000000 -91.009689
1600.000000 -90.659065
1650.000000 -91.690041
1700.000000 -91.523628
1750.000000 -92.790443
1800.000000 -92.761620
1850.000000 -91.453979
1900.000000 -95.055458
1950.000000 -95.889313
2000.000000 -93.339081
2050.000000 -86.743866
2100.000000 -80.700241
2150.000000 -77.553207
2200.000000 -75.216682
2250.000000 -72.899750
2300.000000 -71.496681
2350.000000 -70.196808
2400.000000 -69.368179
2450.000000 -68.551598
2500.000000 -68.111359
2550.000000 -67.129395
2600.000000 -66.899948
2650.000000 -66.517792
2700.000000 -66.339157
2750.000000 -66.053001
2800.000000 -65.870552
2850.000000 -65.754089
2900.000000 -65.512253
2950.000000 -65.596664
3000.000000 -65.582535
3050.000000 -65.483055
3100.000000 -65.490776
3150.000000 -65.674255
3200.000000 -65.645012
3250.000000 -65.961952
3300.000000 -66.051407
3350.000000 -65.983307
3400.000000 -66.477463
3450.000000 -67.067574
3500.000000 -67.336945
3550.000000 -67.694283
3600.000000 -67.952637
3650.000000 -68.542381
3700.000000 -68.888680
3750.000000 -69.382996
3800.000000 -70.023659
3850.000000 -70.804039
3900.000000 -70.814621
3950.000000 -71.422806
4000.000000 -71.949440
4050.000000 -72.008392
4100.000000 -72.411057
4150.000000 -72.560028
4200.000000 -72.326279
4250.000000 -71.786270
4300.000000 -71.923256
4350.000000 -71.572197
4400.000000 -71.311447
4450.000000 -70.996971
4500.000000 -70.370888
4550.000000 -70.349045
4600.000000 -69.845184
4650.000000 -69.458275
4700.000000 -68.951599
4750.000000 -69.058487
4800.000000 -68.884621
4850.000000 -68.477066
4900.000000 -68.310898
4950.000000 -68.200157
5000.000000 -67.851585
5050.000000 -68.090477
5100.000000 -68.135666
5150.000000 -67.953300
5200.000000 -67.830009
5250.000000 -67.935440
5300.000000 -67.795471
5350.000000 -68.126541
5400.000000 -67.854202
5450.000000 -68.087784
5500.000000 -68.114059
5550.000000 -68.143791
5600.000000 -68.466522
5650.000000 -68.597839
5700.000000 -68.757645
5750.000000 -68.760551
5800.000000 -69.093536
5850.000000 -69.265129
5900.000000 -69.320763
5950.000000 -69.509224
6000.000000 -69.611221
6050.000000 -69.426437
6100.000000 -69.650986
6150.000000 -69.650581
6200.000000 -69.738388
6250.000000 -69.630074
6300.000000 -69.826271
6350.000000 -69.566849
6400.000000 -69.783646
6450.000000 -69.869926
6500.000000 -69.814362
6550.000000 -69.810265
6600.000000 -69.688911
6650.000000 -69.558479
6700.000000 -69.653801
6750.000000 -69.486679
6800.000000 -69.452370
6850.000000 -69.446075
6900.000000 -69.264748
6950.000000 -69.364281
7000.000000 -68.932297
7050.000000 -69.127960
7100.000000 -68.915268
7150.000000 -69.159103
7200.000000 -68.872833
7250.000000 -69.028076
7300.000000 -68.935272
7350.000000 -68.777283
7400.000000 -68.796967
7450.000000 -68.757645
7500.000000 -68.731163
7550.000000 -68.746033
7600.000000 -68.842697
7650.000000 -69.082588
7700.000000 -68.344780
7750.000000 -69.044960
7800.000000 -68.749657
7850.000000 -68.922302
7900.000000 -68.941940
7950.000000 -69.020966
8000.000000 -68.886833
8050.000000 -68.936005
8100.000000 -69.198761
8150.000000 -69.299088
8200.000000 -69.328133
8250.000000 -69.351830
8300.000000 -69.401367
8350.000000 -69.458275
8400.000000 -69.224785
8450.000000 -69.081833
8500.000000 -69.065262
8550.000000 -69.035576
8600.000000 -69.013481
8650.000000 -69.306824
8700.000000 -69.173950
8750.000000 -69.212143
8800.000000 -68.946022
8850.000000 -69.332787
8900.000000 -69.439789
8950.000000 -69.343658
9000.000000 -69.560867
9050.000000 -69.268593
9100.000000 -69.394714
9150.000000 -69.304886
9200.000000 -69.424088
9250.000000 -69.395111
9300.000000 -69.725388
9350.000000 -69.420555
9400.000000 -69.454338
9450.000000 -69.380653
9500.000000 -69.618439
9550.000000 -69.217888
9600.000000 -69.230919
9650.000000 -69.285179
9700.000000 -68.976143
9750.000000 -69.277077
9800.000000 -69.204872
9850.000000 -69.045715
9900.000000 -68.738777
9950.000000 -68.853714
10000.000000 -69.108650
10050.000000 -69.160240
10100.000000 -69.264748
10150.000000 -69.294830
10200.000000 -69.254738
10250.000000 -68.940086
10300.000000 -69.219421
10350.000000 -69.043831
10400.000000 -69.028831
10450.000000 -68.764183
10500.000000 -68.933784
10550.000000 -69.246277
10600.000000 -69.406059
10650.000000 -69.391205
10700.000000 -69.249352
10750.000000 -69.440575
10800.000000 -69.251663
10850.000000 -69.384949
10900.000000 -69.323090
10950.000000 -68.992928
11000.000000 -68.937119
11050.000000 -68.959770
11100.000000 -69.390030
11150.000000 -69.059242
11200.000000 -69.017593
11250.000000 -68.868416
11300.000000 -68.489738
11350.000000 -68.811943
11400.000000 -68.562607
11450.000000 -68.386101
11500.000000 -68.770729
11550.000000 -68.835365
11600.000000 -68.834267
11650.000000 -68.956055
11700.000000 -68.725739
11750.000000 -68.862900
11800.000000 -68.671974
11850.000000 -68.996284
11900.000000 -68.824745
11950.000000 -69.008987
12000.000000 -68.994789
12050.000000 -69.063759
12100.000000 -69.257813
12150.000000 -69.270912
12200.000000 -69.053978
12250.000000 -69.355324
12300.000000 -69.237442
12350.000000 -69.367401
12400.000000 -69.309143
12450.000000 -69.580017
12500.000000 -69.555290
12550.000000 -69.399414
12600.000000 -69.544151
12650.000000 -69.573624
12700.000000 -69.402153
12750.000000 -69.414680
12800.000000 -69.768532
12850.000000 -69.118866
12900.000000 -69.214439
12950.000000 -68.968330
13000.000000 -69.346382
13050.000000 -69.185013
13100.000000 -69.127960
13150.000000 -69.070534
13200.000000 -68.857018
13250.000000 -68.764549
13300.000000 -68.772186
13350.000000 -68.960518
13400.000000 -68.731895
13450.000000 -68.955307
13500.000000 -68.587860
13550.000000 -68.536354
13600.000000 -68.714890
13650.000000 -68.799522
13700.000000 -68.829140
13750.000000 -68.544151
13800.000000 -68.339584
13850.000000 -68.990318
13900.000000 -68.954941
13950.000000 -68.783112
14000.000000 -68.920082
14050.000000 -69.072037
14100.000000 -69.129478
14150.000000 -69.126068
14200.000000 -69.380272
14250.000000 -69.470100
14300.000000 -69.193031
14350.000000 -69.422127
14400.000000 -69.074677
14450.000000 -68.989937
14500.000000 -69.157578
14550.000000 -69.305664
14600.000000 -69.478775
14650.000000 -69.266670
14700.000000 -69.255508
14750.000000 -69.314949
14800.000000 -69.044212
14850.000000 -69.206406
14900.000000 -69.129478
14950.000000 -69.094666
15000.000000 -69.333176
15050.000000 -69.174332
15100.000000 -68.908615
15150.000000 -68.969818
15200.000000 -69.147316
15250.000000 -68.886093
15300.000000 -68.792587
15350.000000 -69.058487
15400.000000 -68.937492
15450.000000 -68.841599
15500.000000 -68.817429
15550.000000 -68.903809
15600.000000 -68.975403
15650.000000 -69.045334
15700.000000 -68.941200
15750.000000 -69.220955
15800.000000 -69.126823
15850.000000 -68.997780
15900.000000 -68.979126
15950.000000 -68.982483
16000.000000 -69.181198
16050.000000 -69.167473
16100.000000 -69.017967
16150.000000 -69.000771
16200.000000 -69.153397
16250.000000 -68.939346
16300.000000 -68.555504
16350.000000 -68.840134
16400.000000 -68.826942
16450.000000 -68.905655
16500.000000 -68.755463
16550.000000 -68.907501
16600.000000 -68.957169
16650.000000 -68.874306
16700.000000 -68.973907
16750.000000 -68.709465
16800.000000 -69.147697
16850.000000 -69.150360
16900.000000 -68.987328
16950.000000 -69.145798
17000.000000 -68.829140
17050.000000 -68.973167
17100.000000 -68.994789
17150.000000 -69.202202
17200.000000 -69.332008
17250.000000 -69.263977
17300.000000 -68.889046
17350.000000 -69.187302
17400.000000 -69.225937
17450.000000 -69.076561
17500.000000 -68.994041
17550.000000 -69.178909
17600.000000 -69.273987
17650.000000 -68.999275
17700.000000 -69.090889
17750.000000 -68.974281
17800.000000 -69.160622
17850.000000 -69.138962
17900.000000 -68.862167
17950.000000 -68.776192
18000.000000 -68.855919
18050.000000 -68.984718
18100.000000 -68.978378
18150.000000 -68.778740
18200.000000 -69.000397
18250.000000 -68.956429
18300.000000 -69.076180
18350.000000 -68.994041
18400.000000 -68.898636
18450.000000 -68.670898
18500.000000 -68.930817
18550.000000 -68.591064
18600.000000 -68.767464
18650.000000 -68.922668
18700.000000 -68.750023
18750.000000 -68.807190
18800.000000 -68.947884
18850.000000 -68.694672
18900.000000 -68.957169
18950.000000 -68.914894
19000.000000 -68.571487
19050.000000 -68.957169
19100.000000 -68.887939
19150.000000 -68.814499
19200.000000 -68.593201
19250.000000 -68.575752
19300.000000 -68.846733
19350.000000 -68.751106
19400.000000 -68.587502
19450.000000 -68.987701
19500.000000 -68.662270
19550.000000 -69.128723
19600.000000 -68.780930
19650.000000 -69.027702
19700.000000 -68.415382
19750.000000 -68.611755
19800.000000 -68.721397
19850.000000 -68.791130
19900.000000 -68.862534
19950.000000 -68.719223
20000.000000 -68.738777
20050.000000 -68.717781
20100.000000 -68.815231
20150.000000 -68.794044
20200.000000 -68.785660
20250.000000 -68.762733
20300.000000 -68.854080
20350.000000 -68.872101
20400.000000 -68.450027
20450.000000 -68.979874
20500.000000 -68.801346
20550.000000 -68.744942
20600.000000 -68.653656
20650.000000 -68.619621
20700.000000 -68.786758
20750.000000 -68.781654
20800.000000 -68.856651
20850.000000 -68.381577
20900.000000 -68.453537
20950.000000 -68.430061
21000.000000 -68.866943
21050.000000 -68.665863
21100.000000 -68.659393
21150.000000 -68.659393
21200.000000 -68.346863
21250.000000 -68.542030
21300.000000 -68.528572
21350.000000 -68.693222
21400.000000 -68.949364
21450.000000 -68.450027
21500.000000 -68.604973
21550.000000 -68.609970
21600.000000 -68.622124
21650.000000 -68.583580
21700.000000 -68.558342
21750.000000 -68.617477
21800.000000 -68.634293
21850.000000 -68.709465
21900.000000 -68.385406
21950.000000 -68.486214
22000.000000 -68.417130
22050.000000 -68.439865
22100.000000 -69.090889
22150.000000 -69.421738
22200.000000 -69.358444
22250.000000 -69.448441
22300.000000 -69.816414
22350.000000 -70.038353
22400.000000 -70.412544
22450.000000 -70.816467
22500.000000 -70.700294
22550.000000 -70.839058
22600.000000 -71.216438
22650.000000 -71.617012
22700.000000 -71.933197
22750.000000 -71.705818
22800.000000 -72.158623
22850.000000 -72.464325
22900.000000 -72.594994
22950.000000 -72.965546
23000.000000 -72.707596
23050.000000 -73.574295
23100.000000 -73.301590
23150.000000 -73.633316
23200.000000 -73.840172
23250.000000 -74.390709
23300.000000 -74.333916
23350.000000 -74.337372
23400.000000 -75.012779
23450.000000 -74.850105
23500.000000 -76.126144
23550.000000 -75.912437
23600.000000 -75.641045
23650.000000 -76.630058
23700.000000 -76.478531
23750.000000 -77.233177
23800.000000 -76.531708
23850.000000 -77.127800
23900.000000 -77.180328
23950.000000 -77.580246
24000.000000 -78.083038
24050.000000 -78.358391
24100.000000 -78.560394
24150.000000 -78.615593
24200.000000 -79.037010
24250.000000 -78.870171
24300.000000 -79.438820
24350.000000 -79.787392
24400.000000 -80.261826
24450.000000 -80.678719
24500.000000 -80.739143
24550.000000 -80.578979
24600.000000 -80.779617
24650.000000 -81.103081
24700.000000 -81.389137
24750.000000 -81.759285
24800.000000 -82.260338
24850.000000 -81.453140
24900.000000 -81.880219
24950.000000 -82.196953
25000.000000 -82.022911
25050.000000 -81.966217
25100.000000 -82.834221
25150.000000 -83.549843
25200.000000 -82.412971
25250.000000 -83.887398
25300.000000 -83.723083
25350.000000 -83.710884
25400.000000 -84.688339
25450.000000 -83.854286
25500.000000 -83.517990
25550.000000 -84.809692
25600.000000 -84.537315
25650.000000 -84.821236
25700.000000 -85.959328
25750.000000 -85.281113
25800.000000 -84.555214
25850.000000 -86.107994
25900.000000 -84.802780
25950.000000 -85.872902
26000.000000 -84.645248
26050.000000 -85.836494
26100.000000 -86.909645
26150.000000 -87.352394
26200.000000 -85.909462
26250.000000 -84.835098
26300.000000 -84.724800
26350.000000 -86.561417
26400.000000 -86.995224
26450.000000 -85.483063
26500.000000 -87.927193
26550.000000 -89.313026
26600.000000 -87.670227
26650.000000 -87.426872
26700.000000 -88.185196
26750.000000 -88.585381
26800.000000 -87.171974
26850.000000 -89.843964
26900.000000 -87.692688
26950.000000 -87.395760
27000.000000 -87.728111
27050.000000 -87.315392
27100.000000 -88.875053
27150.000000 -90.326408
27200.000000 -89.001152
27250.000000 -88.588936
27300.000000 -88.986221
27350.000000 -90.466789
27400.000000 -90.010208
27450.000000 -90.488930
27500.000000 -88.458107
27550.000000 -88.923058
27600.000000 -89.496971
27650.000000 -88.893486
27700.000000 -89.023598
27750.000000 -92.139320
27800.000000 -88.820000
27850.000000 -88.363869
27900.000000 -90.413879
27950.000000 -90.449112
28000.000000 -90.222588
28050.000000 -91.152084
28100.000000 -90.132751
28150.000000 -89.151886
28200.000000 -88.975044
28250.000000 -91.603912
28300.000000 -91.828606
28350.000000 -92.395042
28400.000000 -91.985207
28450.000000 -89.989250
28500.000000 -90.650032
28550.000000 -90.365662
28600.000000 -91.964165
28650.000000 -92.406097
28700.000000 -92.406097
28750.000000 -92.450508
28800.000000 -90.330757
28850.000000 -93.964333
28900.000000 -92.187706
28950.000000 -93.595215
29000.000000 -91.518631
29050.000000 -93.957718
29100.000000 -93.582542
29150.000000 -92.133957
29200.000000 -90.800377
29250.000000 -92.372986
29300.000000 -93.748726
29350.000000 -91.644333
29400.000000 -91.389801
29450.000000 -90.663589
29500.000000 -89.968346
29550.000000 -90.090302
29600.000000 -92.160789
29650.000000 -96.496254
29700.000000 -91.777023
29750.000000 -90.668114
29800.000000 -92.422699
29850.000000 -94.995659
29900.000000 -94.906723
29950.000000 -90.322052
30000.000000 -95.306580
30050.000000 -94.090942
30100.000000 -91.360344
30150.000000 -95.025505
30200.000000 -94.738792
30250.000000 -90.631981
30300.000000 -93.228981
30350.000000 -94.138054
30400.000000 -95.055458
30450.000000 -92.618774
30500.000000 -93.729385
30550.000000 -93.513176
30600.000000 -92.556679
30650.000000 -91.771881
30700.000000 -91.756477
30750.000000 -92.773125
30800.000000 -96.639084
30850.000000 -93.066391
30900.000000 -93.787529
30950.000000 -92.187706
31000.000000 -91.429237
31050.000000 -92.573570
31100.000000 -94.057442
31150.000000 -97.549240
31200.000000 -89.881096
31250.000000 -90.528923
31300.000000 -94.717094
31350.000000 -91.287125
31400.000000 -92.721367
31450.000000 -91.389801
31500.000000 -93.369919
31550.000000 -92.016869
31600.000000 -89.762024
31650.000000 -90.244118
31700.000000 -89.433914
31750.000000 -90.837227
31800.000000 -90.754547
31850.000000 -91.311462
31900.000000 -93.425697
31950.000000 -92.842613
32000.000000 -89.628487
32050.000000 -91.533623
32100.000000 -91.901337
32150.000000 -93.519463
32200.000000 -91.922226
32250.000000 -91.272560
32300.000000 -90.704399
32350.000000 -91.782173
32400.000000 -88.646126
32450.000000 -92.301682
32500.000000 -92.675621
32550.000000 -92.825188
32600.000000 -92.356476
32650.000000 -93.588875
32700.000000 -92.942009
32750.000000 -93.550941
32800.000000 -93.302223
32850.000000 -91.000282
32900.000000 -92.721367
32950.000000 -91.056892
33000.000000 -94.524467
33050.000000 -94.233055
33100.000000 -90.405090
33150.000000 -93.525749
33200.000000 -95.161110
33250.000000 -92.819382
33300.000000 -91.042709
33350.000000 -93.735825
33400.000000 -97.332085
33450.000000 -94.010757
33500.000000 -92.854248
33550.000000 -95.368568
33600.000000 -96.047623
33650.000000 -96.549538
33700.000000 -93.259422
33750.000000 -93.419479
33800.000000 -93.168404
33850.000000 -92.796227
33900.000000 -95.229713
33950.000000 -95.070473
34000.000000 -90.631981
34050.000000 -90.326408
34100.000000 -91.659546
34150.000000 -91.104362
34200.000000 -89.568459
34250.000000 -89.705177
34300.000000 -94.117828
34350.000000 -93.216827
34400.000000 -94.595314
34450.000000 -94.426239
34500.000000 -94.057442
34550.000000 -91.316338
34600.000000 -94.943665
34650.000000 -93.277740
34700.000000 -92.647156
34750.000000 -93.990829
34800.000000 -93.345238
34850.000000 -95.454529
34900.000000 -94.862595
34950.000000 -92.755836
35000.000000 -89.914230
35050.000000 -91.746223
35100.000000 -92.784668
35150.000000 -91.306587
35200.000000 -91.248329
35250.000000 -88.664078
35300.000000 -93.138275
35350.000000 -94.965912
35400.000000 -89.398643
35450.000000 -93.042564
35500.000000 -90.972107
35550.000000 -91.434181
35600.000000 -90.846458
35650.000000 -93.241142
35700.000000 -94.111099
35750.000000 -95.972275
35800.000000 -95.345268
35850.000000 -92.400566
35900.000000 -93.144295
35950.000000 -93.859123
36000.000000 -90.772850
36050.000000 -92.085869
36100.000000 -90.874222
36150.000000 -93.898453
36200.000000 -93.678024
36250.000000 -97.410423
36300.000000 -92.802010
36350.000000 -93.538338
36400.000000 -93.595215
36450.000000 -93.768105
36500.000000 -94.811394
36550.000000 -97.293175
36600.000000 -96.390648
36650.000000 -93.550941
36700.000000 -91.756477
36750.000000 -96.123634
36800.000000 -94.165092
36850.000000 -91.943169
36900.000000 -94.239883
36950.000000 -91.948410
37000.000000 -91.969421
37050.000000 -93.357567
37100.000000 -93.382278
37150.000000 -94.064133
37200.000000 -97.782234
37250.000000 -92.214706
37300.000000 -96.693260
37350.000000 -91.969421
37400.000000 -91.844139
37450.000000 -95.032982
37500.000000 -95.637062
37550.000000 -94.709885
37600.000000 -92.698463
37650.000000 -94.921478
37700.000000 -95.462387
37750.000000 -94.017441
37800.000000 -91.953659
37850.000000 -94.097656
37900.000000 -93.633339
37950.000000 -97.235138
38000.000000 -95.085510
38050.000000 -95.283447
38100.000000 -96.390648
38150.000000 -94.559814
38200.000000 -95.517586
38250.000000 -95.206779
38300.000000 -95.153519
38350.000000 -96.657104
38400.000000 -96.630089
38450.000000 -91.137741
38500.000000 -91.404572
38550.000000 -96.567375
38600.000000 -97.063324
38650.000000 -94.973335
38700.000000 -94.356750
38750.000000 -93.697250
38800.000000 -92.467125
38850.000000 -88.900871
38900.000000 -94.855263
38950.000000 -92.959671
39000.000000 -97.549240
39050.000000 -96.693260
39100.000000 -91.818268
39150.000000 -94.573997
39200.000000 -93.722946
39250.000000 -92.263519
39300.000000 -93.931313
39350.000000 -95.252701
39400.000000 -94.070824
39450.000000 -94.280952
39500.000000 -94.205811
39550.000000 -96.522858
39600.000000 -93.951111
39650.000000 -94.077522
39700.000000 -94.884628
39750.000000 -96.766022
39800.000000 -92.767357
39850.000000 -93.852592
39900.000000 -93.425697
39950.000000 -92.590492
40000.000000 -92.613113
