0.000000 -94.825989
50.000000 -95.376343
100.000000 -91.990479
150.000000 -91.468857
200.000000 -93.761642
250.000000 -92.883400
300.000000 -92.011581
350.000000 -96.243202
400.000000 -92.750084
450.000000 -92.406097
500.000000 -92.117897
550.000000 -97.072784
600.000000 -93.924728
650.000000 -95.085510
700.000000 -90.967422
750.000000 -91.563698
800.000000 -95.872818
850.000000 -97.539253
900.000000 -91.389801
950.000000 -91.613998
1000.000000 -91.360344
1050.000000 -94.877281
1100.000000 -92.489426
1150.000000 -92.687035
1200.000000 -92.641472
1250.000000 -94.767746
1300.000000 -92.511787
1350.000000 -92.444885
1400.000000 -91.735985
1450.000000 -93.984253
1500.000000 -90.953377
1550.000000 -90.786606
1600.000000 -93.108253
1650.000000 -93.308357
1700.000000 -92.906799
1750.000000 -95.260376
1800.000000 -93.971054
1850.000000 -92.198502
1900.000000 -88.181824
1950.000000 -80.902267
2000.000000 -76.931038
2050.000000 -74.442970
2100.000000 -73.327988
2150.000000 -71.297325
2200.000000 -70.087326
2250.000000 -69.088249
2300.000000 -67.816307
2350.000000 -67.355164
2400.000000 -66.652435
2450.000000 -65.820152
2500.000000 -65.420486
2550.000000 -64.619934
2600.000000 -64.302094
2650.000000 -63.794788
2700.000000 -63.170135
2750.000000 -62.870472
2800.000000 -62.427849
2850.000000 -62.191147
2900.000000 -61.835728
2950.000000 -61.639683
3000.000000 -61.293552
3050.000000 -61.118736
3100.000000 -60.747051
3150.000000 -60.535728
3200.000000 -60.432034
3250.000000 -60.217270
3300.000000 -60.042252
3350.000000 -59.785061
3400.000000 -59.602993
3450.000000 -59.517319
3500.000000 -59.343670
3550.000000 -59.090672
3600.000000 -59.084705
3650.000000 -58.993343
3700.000000 -58.858887
3750.000000 -58.789780
3800.000000 -58.731518
3850.000000 -58.602493
3900.000000 -58.343807
3950.000000 -58.297161
4000.000000 -58.252178
4050.000000 -58.206024
4100.000000 -58.156364
4150.000000 -58.025932
4200.000000 -57.865341
4250.000000 -57.907841
4300.000000 -57.792778
4350.000000 -57.691395
4400.000000 -57.626610
4450.000000 -57.558002
4500.000000 -57.476742
4550.000000 -57.512897
4600.000000 -57.501656
4650.000000 -57.338871
4700.000000 -57.259430
4750.000000 -57.235199
4800.000000 -57.165203
4850.000000 -57.156796
4900.000000 -57.154690
4950.000000 -57.034134
5000.000000 -56.969753
5050.000000 -56.953686
5100.000000 -56.812786
5150.000000 -56.839920
5200.000000 -56.826481
5250.000000 -56.833858
5300.000000 -56.781071
5350.000000 -56.796730
5400.000000 -56.908073
5450.000000 -56.814716
5500.000000 -56.811687
5550.000000 -56.840931
5600.000000 -56.674500
5650.000000 -56.746101
5700.000000 -56.690781
5750.000000 -56.668987
5800.000000 -56.554317
5850.000000 -56.645084
5900.000000 -56.588436
5950.000000 -56.490467
6000.000000 -56.637703
6050.000000 -56.589600
6100.000000 -56.543541
6150.000000 -56.591568
6200.000000 -56.651665
6250.000000 -56.631317
6300.000000 -56.526020
6350.000000 -56.529129
6400.000000 -56.492325
6450.000000 -56.523624
6500.000000 -56.474113
6550.000000 -56.502064
6600.000000 -56.608234
6650.000000 -56.587631
6700.000000 -56.504368
6750.000000 -56.668266
6800.000000 -56.493652
6850.000000 -56.539448
6900.000000 -56.597301
6950.000000 -56.540512
7000.000000 -56.574310
7050.000000 -56.547367
7100.000000 -56.548527
7150.000000 -56.439297
7200.000000 -56.431911
7250.000000 -56.433144
7300.000000 -56.466167
7350.000000 -56.527710
7400.000000 -56.526375
7450.000000 -56.565914
7500.000000 -56.468815
7550.000000 -56.506054
7600.000000 -56.573860
7650.000000 -56.552895
7700.000000 -56.589687
7750.000000 -56.558151
7800.000000 -56.552269
7850.000000 -56.570736
7900.000000 -56.539890
7950.000000 -56.464050
8000.000000 -56.314587
8050.000000 -56.509155
8100.000000 -56.399452
8150.000000 -56.329601
8200.000000 -56.333771
8250.000000 -56.351341
8300.000000 -56.360752
8350.000000 -56.347599
8400.000000 -56.482330
8450.000000 -56.417950
8500.000000 -56.281612
8550.000000 -56.335423
8600.000000 -56.251431
8650.000000 -56.314587
8700.000000 -56.329079
8750.000000 -56.215527
8800.000000 -56.241882
8850.000000 -56.382832
8900.000000 -56.129032
8950.000000 -56.184204
9000.000000 -56.224445
9050.000000 -56.091343
9100.000000 -56.190529
9150.000000 -56.106400
9200.000000 -56.128265
9250.000000 -56.186340
9300.000000 -56.185741
9350.000000 -56.220413
9400.000000 -56.434811
9450.000000 -56.375145
9500.000000 -56.261509
9550.000000 -56.395950
9600.000000 -56.423828
9650.000000 -56.333160
9700.000000 -56.391315
9750.000000 -56.347599
9800.000000 -56.308605
9850.000000 -56.197968
9900.000000 -56.258408
9950.000000 -56.122837
10000.000000 -56.231998
10050.000000 -56.157425
10100.000000 -56.154446
10150.000000 -56.030373
10200.000000 -56.047340
10250.000000 -56.130386
10300.000000 -56.145939
10350.000000 -56.227531
10400.000000 -56.156830
10450.000000 -56.130051
10500.000000 -56.110039
10550.000000 -56.186085
10600.000000 -56.026260
10650.000000 -56.030289
10700.000000 -56.176350
10750.000000 -56.078506
10800.000000 -55.954506
10850.000000 -56.047676
10900.000000 -55.854099
10950.000000 -55.854675
11000.000000 -55.990437
11050.000000 -55.907383
11100.000000 -55.864964
11150.000000 -55.964996
11200.000000 -55.889698
11250.000000 -55.781628
11300.000000 -55.860352
11350.000000 -55.871964
11400.000000 -55.815620
11450.000000 -55.942123
11500.000000 -55.881279
11550.000000 -55.848183
11600.000000 -55.868668
11650.000000 -55.868420
11700.000000 -55.937222
11750.000000 -55.829876
11800.000000 -55.916409
11850.000000 -55.842186
11900.000000 -55.903416
11950.000000 -55.857800
12000.000000 -55.841694
12050.000000 -55.709270
12100.000000 -55.671745
12150.000000 -55.688755
12200.000000 -55.637028
12250.000000 -55.678593
12300.000000 -55.679077
12350.000000 -55.667965
12400.000000 -55.667885
12450.000000 -55.673679
12500.000000 -55.670860
12550.000000 -55.659595
12600.000000 -55.562283
12650.000000 -55.617245
12700.000000 -55.600773
12750.000000 -55.568008
12800.000000 -55.506168
12850.000000 -55.452534
12900.000000 -55.620445
12950.000000 -55.497875
13000.000000 -55.527763
13050.000000 -55.609482
13100.000000 -55.584179
13150.000000 -55.522854
13200.000000 -55.526573
13250.000000 -55.633663
13300.000000 -55.609806
13350.000000 -55.572468
13400.000000 -55.526020
13450.000000 -55.525703
13500.000000 -55.598061
13550.000000 -55.603092
13600.000000 -55.603012
13650.000000 -55.551159
13700.000000 -55.570797
13750.000000 -55.572628
13800.000000 -55.503483
13850.000000 -55.438725
13900.000000 -55.609005
13950.000000 -55.511623
14000.000000 -55.506561
14050.000000 -55.433319
14100.000000 -55.298832
14150.000000 -55.299450
14200.000000 -55.411411
14250.000000 -55.299141
14300.000000 -55.384335
14350.000000 -55.413208
14400.000000 -55.266418
14450.000000 -55.359131
14500.000000 -55.408909
14550.000000 -55.396885
14600.000000 -55.393688
14650.000000 -55.241245
14700.000000 -55.170193
14750.000000 -55.275414
14800.000000 -55.283878
14850.000000 -55.217979
14900.000000 -55.216530
14950.000000 -55.261116
15000.000000 -55.073750
15050.000000 -55.132957
15100.000000 -55.221268
15150.000000 -55.206066
15200.000000 -55.153717
15250.000000 -55.165939
15300.000000 -55.072922
15350.000000 -55.151062
15400.000000 -54.959278
15450.000000 -55.020172
15500.000000 -55.067513
15550.000000 -55.150379
15600.000000 -55.213093
15650.000000 -55.116852
15700.000000 -55.067665
15750.000000 -55.126450
15800.000000 -55.042313
15850.000000 -55.095650
15900.000000 -55.144165
15950.000000 -55.060455
16000.000000 -55.004421
16050.000000 -55.013599
16100.000000 -54.964325
16150.000000 -55.050480
16200.000000 -54.968925
16250.000000 -55.032207
16300.000000 -55.017406
16350.000000 -54.885632
16400.000000 -54.890781
16450.000000 -54.982677
16500.000000 -54.905807
16550.000000 -55.044411
16600.000000 -55.013077
16650.000000 -54.915398
16700.000000 -55.023308
16750.000000 -55.020096
16800.000000 -54.968925
16850.000000 -55.022861
16900.000000 -54.933796
16950.000000 -54.929581
17000.000000 -54.904041
17050.000000 -54.758869
17100.000000 -54.845490
17150.000000 -54.933575
17200.000000 -54.944973
17250.000000 -54.839489
17300.000000 -54.823406
17350.000000 -54.795261
17400.000000 -54.865353
17450.000000 -54.861172
17500.000000 -54.887104
17550.000000 -54.855381
17600.000000 -54.897999
17650.000000 -54.612873
17700.000000 -54.740837
17750.000000 -54.752419
17800.000000 -54.737438
17850.000000 -54.721111
17900.000000 -54.790531
17950.000000 -54.794388
18000.000000 -54.711372
18050.000000 -54.619648
18100.000000 -54.672169
18150.000000 -54.722481
18200.000000 -54.704815
18250.000000 -54.707478
18300.000000 -54.711082
18350.000000 -54.721977
18400.000000 -54.731148
18450.000000 -54.859558
18500.000000 -54.762856
18550.000000 -54.774685
18600.000000 -54.769169
18650.000000 -54.774612
18700.000000 -54.748001
18750.000000 -54.690060
18800.000000 -54.587250
18850.000000 -54.698116
18900.000000 -54.644653
18950.000000 -54.522884
19000.000000 -54.641506
19050.000000 -54.724503
19100.000000 -54.733894
19150.000000 -54.709137
19200.000000 -54.648445
19250.000000 -54.583485
19300.000000 -54.549240
19350.000000 -54.537289
19400.000000 -54.567162
19450.000000 -54.666142
19500.000000 -54.609383
19550.000000 -54.727249
19600.000000 -54.670090
19650.000000 -54.504494
19700.000000 -54.681934
19750.000000 -54.632141
19800.000000 -54.613518
19850.000000 -54.528885
19900.000000 -54.673031
19950.000000 -54.665714
20000.000000 -54.645870
20050.000000 -54.551857
20100.000000 -54.550938
20150.000000 -54.621719
20200.000000 -54.507519
20250.000000 -54.552143
20300.000000 -54.605534
20350.000000 -54.464809
20400.000000 -54.552284
20450.000000 -54.432495
20500.000000 -54.519711
20550.000000 -54.577518
20600.000000 -54.497665
20650.000000 -54.548534
20700.000000 -54.543865
20750.000000 -54.636356
20800.000000 -54.689915
20850.000000 -54.634285
20900.000000 -54.640934
20950.000000 -54.604752
21000.000000 -54.635715
21050.000000 -54.660767
21100.000000 -54.707409
21150.000000 -54.666286
21200.000000 -54.602188
21250.000000 -54.612446
21300.000000 -54.621578
21350.000000 -54.632069
21400.000000 -54.612164
21450.000000 -54.661480
21500.000000 -54.603256
21550.000000 -54.663345
21600.000000 -54.632713
21650.000000 -54.612873
21700.000000 -54.594219
21750.000000 -54.615726
21800.000000 -54.727825
21850.000000 -54.641651
21900.000000 -54.721039
21950.000000 -54.888645
22000.000000 -55.076679
22050.000000 -55.318371
22100.000000 -55.455990
22150.000000 -55.822910
22200.000000 -56.022320
22250.000000 -56.307911
22300.000000 -56.496662
22350.000000 -56.734352
22400.000000 -56.863808
22450.000000 -57.176975
22500.000000 -57.416977
22550.000000 -57.730293
22600.000000 -57.886726
22650.000000 -58.221237
22700.000000 -58.585472
22750.000000 -58.852848
22800.000000 -59.053631
22850.000000 -59.347725
22900.000000 -59.594509
22950.000000 -59.820557
23000.000000 -60.071198
23050.000000 -60.329288
23100.000000 -60.575996
23150.000000 -60.949738
23200.000000 -61.231628
23250.000000 -61.293243
23300.000000 -61.659073
23350.000000 -61.951599
23400.000000 -61.940487
23450.000000 -62.363411
23500.000000 -62.467377
23550.000000 -63.002422
23600.000000 -63.072933
23650.000000 -63.320923
23700.000000 -63.737125
23750.000000 -63.744873
23800.000000 -64.167641
23850.000000 -64.235359
23900.000000 -64.621513
23950.000000 -64.858475
24000.000000 -65.142960
24050.000000 -65.352966
24100.000000 -65.540550
24150.000000 -65.481056
24200.000000 -65.894814
24250.000000 -66.182472
24300.000000 -66.458763
24350.000000 -66.685852
24400.000000 -67.019264
24450.000000 -67.093628
24500.000000 -67.235138
24550.000000 -67.560333
24600.000000 -67.832291
24650.000000 -67.939079
24700.000000 -68.250381
24750.000000 -68.506660
24800.000000 -68.804634
24850.000000 -68.776917
24900.000000 -69.164429
24950.000000 -69.107513
25000.000000 -69.558083
25050.000000 -69.888939
25100.000000 -70.224724
25150.000000 -70.345993
25200.000000 -70.345993
25250.000000 -70.630615
25300.000000 -70.684875
25350.000000 -71.185631
25400.000000 -71.372101
25450.000000 -71.600365
25500.000000 -71.723686
25550.000000 -71.831688
25600.000000 -71.846710
25650.000000 -72.563408
25700.000000 -72.896240
25750.000000 -72.973213
25800.000000 -72.969086
25850.000000 -73.525101
25900.000000 -73.716492
25950.000000 -74.204422
26000.000000 -73.755798
26050.000000 -74.399048
26100.000000 -74.021385
26150.000000 -74.820122
26200.000000 -74.719955
26250.000000 -75.082474
26300.000000 -75.649071
26350.000000 -75.987267
26400.000000 -76.172089
26450.000000 -76.172943
26500.000000 -76.473236
26550.000000 -76.582535
26600.000000 -77.217773
26650.000000 -76.983322
26700.000000 -77.363304
26750.000000 -77.100227
26800.000000 -77.785278
26850.000000 -77.930267
26900.000000 -77.154503
26950.000000 -77.957466
27000.000000 -78.613335
27050.000000 -78.125656
27100.000000 -78.118179
27150.000000 -79.001495
27200.000000 -79.548843
27250.000000 -80.023361
27300.000000 -79.487411
27350.000000 -80.435661
27400.000000 -79.577835
27450.000000 -80.887573
27500.000000 -79.979622
27550.000000 -81.231941
27600.000000 -80.286446
27650.000000 -80.811569
27700.000000 -81.160454
27750.000000 -81.308647
27800.000000 -81.514458
27850.000000 -80.949448
27900.000000 -82.167992
27950.000000 -81.890099
28000.000000 -82.719269
28050.000000 -83.672371
28100.000000 -83.034889
28150.000000 -82.548759
28200.000000 -82.865501
28250.000000 -84.828163
28300.000000 -83.696671
28350.000000 -83.589821
28400.000000 -83.749573
28450.000000 -83.729187
28500.000000 -83.114197
28550.000000 -84.191238
28600.000000 -85.416046
28650.000000 -84.649773
28700.000000 -84.148392
28750.000000 -85.095657
28800.000000 -85.613602
28850.000000 -84.956192
28900.000000 -83.391731
28950.000000 -84.299271
29000.000000 -84.221352
29050.000000 -84.720230
29100.000000 -86.689301
29150.000000 -86.930229
29200.000000 -83.761826
29250.000000 -86.073257
29300.000000 -86.974487
29350.000000 -86.349625
29400.000000 -87.699120
29450.000000 -86.859871
29500.000000 -87.114662
29550.000000 -87.247963
29600.000000 -86.199509
29650.000000 -86.792976
29700.000000 -88.016792
29750.000000 -84.624908
29800.000000 -86.586845
29850.000000 -87.226624
29900.000000 -89.163300
29950.000000 -90.090302
30000.000000 -89.656639
30050.000000 -85.266518
30100.000000 -89.224419
30150.000000 -90.278671
30200.000000 -87.181061
30250.000000 -88.960159
30300.000000 -89.282104
30350.000000 -88.689270
30400.000000 -87.641426
30450.000000 -87.927193
30500.000000 -91.047432
30550.000000 -91.478790
30600.000000 -89.433914
30650.000000 -91.316338
30700.000000 -90.103020
30750.000000 -90.052269
30800.000000 -90.427071
30850.000000 -89.379112
30900.000000 -86.598167
30950.000000 -93.084312
31000.000000 -91.787315
31050.000000 -91.042709
31100.000000 -90.663589
31150.000000 -91.568695
31200.000000 -90.365662
31250.000000 -87.429985
31300.000000 -91.296852
31350.000000 -93.532043
31400.000000 -91.277412
31450.000000 -91.277412
31500.000000 -92.618774
31550.000000 -91.771881
31600.000000 -90.578056
31650.000000 -92.830986
31700.000000 -94.315323
31750.000000 -93.400864
31800.000000 -90.506683
31850.000000 -93.265526
31900.000000 -91.147301
31950.000000 -93.703667
32000.000000 -93.787529
32050.000000 -92.698463
32100.000000 -93.582542
32150.000000 -93.186531
32200.000000 -93.326782
32250.000000 -90.948700
32300.000000 -91.838959
32350.000000 -92.865898
32400.000000 -92.959671
32450.000000 -90.695320
32500.000000 -91.453979
32550.000000 -93.665237
32600.000000 -93.162369
32650.000000 -93.060432
32700.000000 -90.591507
32750.000000 -93.563568
32800.000000 -91.705322
32850.000000 -93.729385
32900.000000 -96.347023
32950.000000 -92.411629
33000.000000 -97.833717
33050.000000 -90.484497
33100.000000 -96.390648
33150.000000 -94.958488
33200.000000 -94.847931
33250.000000 -93.228981
33300.000000 -92.534203
33350.000000 -89.359619
33400.000000 -92.133957
33450.000000 -92.053955
33500.000000 -91.301720
33550.000000 -94.205811
33600.000000 -94.017418
33650.000000 -89.968346
33700.000000 -93.289978
33750.000000 -92.819382
33800.000000 -91.434181
33850.000000 -91.331139
33900.000000 -90.322052
33950.000000 -92.483849
34000.000000 -94.906723
34050.000000 -90.818787
34100.000000 -90.466789
34150.000000 -95.093040
34200.000000 -94.192215
34250.000000 -91.588806
34300.000000 -94.233055
34350.000000 -93.690842
34400.000000 -93.413269
34450.000000 -90.860329
34500.000000 -92.198502
34550.000000 -92.220116
34600.000000 -89.243607
34650.000000 -95.669205
34700.000000 -94.936264
34750.000000 -93.450600
34800.000000 -97.025604
34850.000000 -98.679153
34900.000000 -92.329033
34950.000000 -92.802010
35000.000000 -92.395042
35050.000000 -94.384483
35100.000000 -92.367477
35150.000000 -92.989189
35200.000000 -90.777435
35250.000000 -95.509674
35300.000000 -91.152084
35350.000000 -93.878754
35400.000000 -92.918518
35450.000000 -92.252647
35500.000000 -94.064133
35550.000000 -92.664223
35600.000000 -92.483849
35650.000000 -93.506905
35700.000000 -90.480064
35750.000000 -95.085510
35800.000000 -96.802635
35850.000000 -95.938995
35900.000000 -92.411629
35950.000000 -92.528595
36000.000000 -92.977371
36050.000000 -95.541344
36100.000000 -91.619049
36150.000000 -91.896118
36200.000000 -94.928871
36250.000000 -93.048515
36300.000000 -94.088188
36350.000000 -91.700226
36400.000000 -90.690781
36450.000000 -93.488220
36500.000000 -92.016869
36550.000000 -91.248329
36600.000000 -95.589073
36650.000000 -93.419525
36700.000000 -91.588806
36750.000000 -94.267242
36800.000000 -92.139320
36850.000000 -91.375061
36900.000000 -90.911385
36950.000000 -90.916039
37000.000000 -91.267708
37050.000000 -92.268959
37100.000000 -92.727104
37150.000000 -94.482231
37200.000000 -91.901337
37250.000000 -93.066391
37300.000000 -96.487404
37350.000000 -93.684433
37400.000000 -93.054474
37450.000000 -94.391426
37500.000000 -96.081322
37550.000000 -91.859703
37600.000000 -96.904121
37650.000000 -93.259422
37700.000000 -94.988297
37750.000000 -93.198639
37800.000000 -92.924385
37850.000000 -93.363739
37900.000000 -94.004112
37950.000000 -94.037407
38000.000000 -94.581100
38050.000000 -93.633339
38100.000000 -94.171867
38150.000000 -91.019112
38200.000000 -94.267242
38250.000000 -98.333229
38300.000000 -94.782272
38350.000000 -96.416931
38400.000000 -94.253548
38450.000000 -93.626968
38500.000000 -90.542297
38550.000000 -92.258087
38600.000000 -95.766342
38650.000000 -93.180489
38700.000000 -93.456841
38750.000000 -95.222061
38800.000000 -91.875290
38850.000000 -91.751350
38900.000000 -91.875290
38950.000000 -92.133957
39000.000000 -96.166145
39050.000000 -93.639709
39100.000000 -95.399971
39150.000000 -89.989250
39200.000000 -90.010208
39250.000000 -92.624443
39300.000000 -92.395042
39350.000000 -90.270020
39400.000000 -95.115669
39450.000000 -94.862595
39500.000000 -91.833778
39550.000000 -92.247223
39600.000000 -92.123253
39650.000000 -93.931313
39700.000000 -94.178642
39750.000000 -94.630959
39800.000000 -96.277672
39850.000000 -92.433784
39900.000000 -96.675163
39950.000000 -92.936134
40000.000000 -92.930260
