0.000000 -93.253349
50.000000 -93.872208
100.000000 -91.493713
150.000000 -94.609550
200.000000 -95.525497
250.000000 -93.614250
300.000000 -95.237366
350.000000 -93.102264
400.000000 -94.057442
450.000000 -95.283447
500.000000 -95.972275
550.000000 -94.044083
600.000000 -96.098221
650.000000 -93.820000
700.000000 -95.138359
750.000000 -93.658844
800.000000 -93.859123
850.000000 -89.042343
900.000000 -92.664223
950.000000 -92.522987
1000.000000 -92.562302
1050.000000 -95.260376
1100.000000 -90.948700
1150.000000 -91.906555
1200.000000 -95.462387
1250.000000 -91.414429
1300.000000 -91.725754
1350.000000 -93.532043
1400.000000 -93.532043
1450.000000 -97.569252
1500.000000 -94.468201
1550.000000 -95.047958
1600.000000 -93.394661
1650.000000 -97.741257
1700.000000 -89.216751
1750.000000 -92.567932
1800.000000 -93.357567
1850.000000 -95.025505
1900.000000 -95.897575
1950.000000 -93.332932
2000.000000 -95.605042
2050.000000 -95.725731
2100.000000 -87.448715
2150.000000 -82.154388
2200.000000 -77.828522
2250.000000 -74.856697
2300.000000 -73.454323
2350.000000 -72.226593
2400.000000 -70.731247
2450.000000 -69.936241
2500.000000 -69.140480
2550.000000 -68.331284
2600.000000 -67.835236
2650.000000 -67.135422
2700.000000 -66.602127
2750.000000 -66.426765
2800.000000 -65.930153
2850.000000 -65.626503
2900.000000 -65.293770
2950.000000 -65.093025
3000.000000 -65.057846
3050.000000 -64.754295
3100.000000 -64.850365
3150.000000 -64.833931
3200.000000 -64.722504
3250.000000 -64.756813
3300.000000 -64.633255
3350.000000 -64.711555
3400.000000 -64.707909
3450.000000 -64.846428
3500.000000 -64.944229
3550.000000 -65.185234
3600.000000 -65.517754
3650.000000 -65.764900
3700.000000 -66.147697
3750.000000 -66.318283
3800.000000 -66.778496
3850.000000 -66.773575
3900.000000 -67.078941
3950.000000 -67.716812
4000.000000 -67.841766
4050.000000 -68.326439
4100.000000 -68.669098
4150.000000 -69.208321
4200.000000 -69.663475
4250.000000 -69.759560
4300.000000 -70.187813
4350.000000 -70.276489
4400.000000 -70.517776
4450.000000 -70.953362
4500.000000 -70.857536
4550.000000 -70.746300
4600.000000 -70.941673
4650.000000 -70.602264
4700.000000 -70.484482
4750.000000 -70.007256
4800.000000 -70.166428
4850.000000 -69.798378
4900.000000 -69.719299
4950.000000 -69.374420
5000.000000 -69.185776
5050.000000 -68.942314
5100.000000 -68.623909
5150.000000 -68.661194
5200.000000 -68.178040
5250.000000 -68.031136
5300.000000 -67.750389
5350.000000 -67.758804
5400.000000 -67.590134
5450.000000 -67.300934
5500.000000 -67.372803
5550.000000 -67.269051
5600.000000 -67.457458
5650.000000 -67.454018
5700.000000 -67.471542
5750.000000 -67.484085
5800.000000 -67.135117
5850.000000 -67.340034
5900.000000 -67.366920
5950.000000 -67.437462
6000.000000 -67.753952
6050.000000 -67.839157
6100.000000 -67.945694
6150.000000 -67.690109
6200.000000 -68.000450
6250.000000 -68.254837
6300.000000 -68.250725
6350.000000 -68.273369
6400.000000 -68.437416
6450.000000 -68.518318
6500.000000 -68.905655
6550.000000 -68.791496
6600.000000 -68.975029
6650.000000 -68.986954
6700.000000 -68.996658
6750.000000 -69.001511
6800.000000 -68.817429
6850.000000 -68.975769
6900.000000 -69.255119
6950.000000 -68.870621
7000.000000 -69.071663
7050.000000 -69.010864
7100.000000 -68.855919
7150.000000 -68.767822
7200.000000 -68.785660
7250.000000 -68.692863
7300.000000 -68.699356
7350.000000 -68.613541
7400.000000 -68.873566
7450.000000 -68.501015
7500.000000 -68.772186
7550.000000 -68.782387
7600.000000 -68.576462
7650.000000 -68.476715
7700.000000 -68.426567
7750.000000 -68.488678
7800.000000 -68.380882
7850.000000 -68.337509
7900.000000 -68.364197
7950.000000 -68.494316
8000.000000 -68.486565
8050.000000 -68.684570
8100.000000 -68.340973
8150.000000 -68.556564
8200.000000 -68.699356
8250.000000 -68.478828
8300.000000 -68.436714
8350.000000 -68.532814
8400.000000 -68.087448
8450.000000 -68.643250
8500.000000 -68.520439
8550.000000 -68.520081
8600.000000 -68.609612
8650.000000 -68.530693
8700.000000 -68.610687
8750.000000 -68.772552
8800.000000 -68.590355
8850.000000 -68.591064
8900.000000 -68.548050
8950.000000 -68.583580
9000.000000 -68.670540
9050.000000 -68.899376
9100.000000 -68.629280
9150.000000 -68.420273
9200.000000 -68.331970
9250.000000 -68.885727
9300.000000 -68.848938
9350.000000 -68.869522
9400.000000 -68.665146
9450.000000 -68.802811
9500.000000 -68.700798
9550.000000 -68.819984
9600.000000 -68.746758
9650.000000 -68.886093
9700.000000 -68.930077
9750.000000 -68.893837
9800.000000 -68.972420
9850.000000 -68.761276
9900.000000 -69.014229
9950.000000 -68.878723
10000.000000 -69.009361
10050.000000 -68.999649
10100.000000 -68.875412
10150.000000 -68.660110
10200.000000 -68.677010
10250.000000 -68.669456
10300.000000 -68.671616
10350.000000 -68.786392
10400.000000 -68.684212
10450.000000 -69.049095
10500.000000 -68.970932
10550.000000 -68.608902
10600.000000 -68.667297
10650.000000 -68.637154
10700.000000 -68.683495
10750.000000 -68.750748
10800.000000 -68.327827
10850.000000 -68.425865
10900.000000 -68.718506
10950.000000 -68.393761
11000.000000 -68.870995
11050.000000 -68.511955
11100.000000 -68.621765
11150.000000 -68.654366
11200.000000 -68.750381
11250.000000 -68.614975
11300.000000 -68.956055
11350.000000 -68.862900
11400.000000 -68.771461
11450.000000 -68.709824
11500.000000 -69.013481
11550.000000 -68.843063
11600.000000 -68.911568
11650.000000 -68.822914
11700.000000 -68.903809
11750.000000 -68.868050
11800.000000 -68.902328
11850.000000 -68.719223
11900.000000 -69.005997
11950.000000 -68.841232
12000.000000 -68.728638
12050.000000 -68.966469
12100.000000 -68.777649
12150.000000 -68.720673
12200.000000 -68.673775
12250.000000 -68.710548
12300.000000 -68.665863
12350.000000 -68.721756
12400.000000 -68.622841
12450.000000 -68.622841
12500.000000 -68.732979
12550.000000 -68.840500
12600.000000 -68.610329
12650.000000 -68.739136
12700.000000 -68.756554
12750.000000 -68.571846
12800.000000 -68.717415
12850.000000 -68.761276
12900.000000 -68.760185
12950.000000 -68.502785
13000.000000 -68.743126
13050.000000 -68.679176
13100.000000 -68.798424
13150.000000 -68.682053
13200.000000 -69.008247
13250.000000 -68.754379
13300.000000 -69.088249
13350.000000 -68.969078
13400.000000 -68.763458
13450.000000 -69.137444
13500.000000 -68.893105
13550.000000 -68.972046
13600.000000 -68.981361
13650.000000 -69.042709
13700.000000 -68.803169
13750.000000 -68.787849
13800.000000 -69.055481
13850.000000 -69.140862
13900.000000 -69.195320
13950.000000 -68.887939
14000.000000 -69.095421
14050.000000 -68.850769
14100.000000 -68.793678
14150.000000 -69.292900
14200.000000 -69.016098
14250.000000 -68.895317
14300.000000 -69.190735
14350.000000 -69.164429
14400.000000 -68.743851
14450.000000 -69.364670
14500.000000 -69.074677
14550.000000 -69.084854
14600.000000 -69.154160
14650.000000 -69.109406
14700.000000 -69.001892
14750.000000 -68.921562
14800.000000 -68.765274
14850.000000 -69.263977
14900.000000 -68.692139
14950.000000 -68.800980
15000.000000 -69.029953
15050.000000 -68.835732
15100.000000 -68.619263
15150.000000 -68.782387
15200.000000 -69.015350
15250.000000 -69.137825
15300.000000 -68.782387
15350.000000 -68.883148
15400.000000 -68.989197
15450.000000 -68.759827
15500.000000 -69.010864
15550.000000 -68.953453
15600.000000 -68.908615
15650.000000 -68.978378
15700.000000 -68.762009
15750.000000 -69.109787
15800.000000 -68.988075
15850.000000 -68.737328
15900.000000 -68.892365
15950.000000 -68.806091
16000.000000 -68.897163
16050.000000 -68.862900
16100.000000 -68.860329
16150.000000 -68.830238
16200.000000 -68.853714
16250.000000 -68.842697
16300.000000 -69.090889
16350.000000 -68.843803
16400.000000 -68.625343
16450.000000 -68.934525
16500.000000 -68.709824
16550.000000 -68.798424
16600.000000 -68.914162
16650.000000 -68.966835
16700.000000 -69.047218
16750.000000 -69.065643
16800.000000 -68.751472
16850.000000 -68.947144
16900.000000 -69.098068
16950.000000 -68.978752
17000.000000 -69.278236
17050.000000 -69.108650
17100.000000 -69.183868
17150.000000 -69.159866
17200.000000 -69.143898
17250.000000 -69.010864
17300.000000 -69.256660
17350.000000 -69.153397
17400.000000 -69.196465
17450.000000 -69.463005
17500.000000 -68.927483
17550.000000 -69.379486
17600.000000 -69.046837
17650.000000 -68.726463
17700.000000 -68.983604
17750.000000 -68.953453
17800.000000 -69.190353
17850.000000 -68.566154
17900.000000 -68.868416
17950.000000 -68.697197
18000.000000 -68.959396
18050.000000 -68.949738
18100.000000 -68.957169
18150.000000 -68.832069
18200.000000 -68.858124
18250.000000 -68.988449
18300.000000 -68.691780
18350.000000 -68.914528
18400.000000 -69.140862
18450.000000 -68.980621
18500.000000 -69.090134
18550.000000 -69.225166
18600.000000 -69.031830
18650.000000 -68.833534
18700.000000 -69.114326
18750.000000 -69.442543
18800.000000 -69.058487
18850.000000 -68.927856
18900.000000 -69.245125
18950.000000 -69.496956
19000.000000 -69.590408
19050.000000 -69.442146
19100.000000 -69.394714
19150.000000 -69.308754
19200.000000 -69.326965
19250.000000 -69.338219
19300.000000 -69.400192
19350.000000 -69.628067
19400.000000 -69.186920
19450.000000 -69.282089
19500.000000 -69.303726
19550.000000 -69.535805
19600.000000 -69.303337
19650.000000 -69.065262
19700.000000 -69.130997
19750.000000 -69.269363
19800.000000 -69.245506
19850.000000 -69.175858
19900.000000 -69.185013
19950.000000 -69.278236
20000.000000 -69.075050
20050.000000 -68.907501
20100.000000 -69.069023
20150.000000 -68.997780
20200.000000 -68.893471
20250.000000 -68.833900
20300.000000 -69.311852
20350.000000 -69.157959
20400.000000 -69.227470
20450.000000 -69.122658
20500.000000 -69.059242
20550.000000 -68.902328
20600.000000 -69.270142
20650.000000 -69.346382
20700.000000 -69.150734
20750.000000 -69.329681
20800.000000 -69.078064
20850.000000 -69.251663
20900.000000 -68.970558
20950.000000 -69.164810
21000.000000 -69.121521
21050.000000 -69.048340
21100.000000 -69.227081
21150.000000 -68.988075
21200.000000 -68.903809
21250.000000 -69.171288
21300.000000 -69.103729
21350.000000 -68.961632
21400.000000 -69.314568
21450.000000 -69.072037
21500.000000 -69.305664
21550.000000 -69.232841
21600.000000 -68.973167
21650.000000 -69.214821
21700.000000 -69.333565
21750.000000 -69.390808
21800.000000 -69.516365
21850.000000 -69.333176
21900.000000 -69.473648
21950.000000 -69.232841
22000.000000 -69.406845
22050.000000 -68.893837
22100.000000 -69.616432
22150.000000 -69.697815
22200.000000 -69.765266
22250.000000 -70.101730
22300.000000 -70.247116
22350.000000 -70.675797
22400.000000 -70.676704
22450.000000 -70.725319
22500.000000 -71.626610
22550.000000 -71.343185
22600.000000 -71.861237
22650.000000 -72.135551
22700.000000 -72.465996
22750.000000 -72.786957
22800.000000 -72.426559
22850.000000 -72.664207
22900.000000 -73.285057
22950.000000 -73.784264
23000.000000 -73.781029
23050.000000 -74.020058
23100.000000 -73.892494
23150.000000 -74.437386
23200.000000 -74.688263
23250.000000 -75.032211
23300.000000 -75.391899
23350.000000 -75.193794
23400.000000 -75.595428
23450.000000 -76.225136
23500.000000 -76.688705
23550.000000 -76.048439
23600.000000 -76.839371
23650.000000 -77.548210
23700.000000 -76.984261
23750.000000 -77.154503
23800.000000 -77.284409
23850.000000 -78.650703
23900.000000 -78.866684
23950.000000 -78.586258
24000.000000 -77.858505
24050.000000 -78.819122
24100.000000 -78.775269
24150.000000 -78.394669
24200.000000 -79.202278
24250.000000 -78.962593
24300.000000 -79.844482
24350.000000 -79.810699
24400.000000 -79.669212
24450.000000 -80.068665
24500.000000 -79.463699
24550.000000 -80.729019
24600.000000 -80.921402
24650.000000 -79.693489
24700.000000 -80.169441
24750.000000 -81.238052
24800.000000 -80.833427
24850.000000 -82.021240
24900.000000 -81.984520
24950.000000 -81.984520
25000.000000 -81.834259
25050.000000 -83.171288
25100.000000 -81.579391
25150.000000 -83.557823
25200.000000 -83.609886
25250.000000 -83.368263
25300.000000 -82.171394
25350.000000 -83.333176
25400.000000 -84.830475
25450.000000 -84.477188
25500.000000 -84.242928
25550.000000 -84.253731
25600.000000 -84.362556
25650.000000 -83.974922
25700.000000 -85.611076
25750.000000 -85.208382
25800.000000 -85.852081
25850.000000 -85.841682
25900.000000 -85.720490
25950.000000 -84.967918
26000.000000 -85.322594
26050.000000 -85.179466
26100.000000 -84.812004
26150.000000 -85.746140
26200.000000 -86.772720
26250.000000 -86.245628
26300.000000 -88.631798
26350.000000 -87.327713
26400.000000 -88.553383
26450.000000 -87.181061
26500.000000 -88.093849
26550.000000 -88.013458
26600.000000 -87.638237
26650.000000 -86.819092
26700.000000 -89.684883
26750.000000 -86.743866
26800.000000 -89.255135
26850.000000 -88.090485
26900.000000 -89.167107
26950.000000 -89.042343
27000.000000 -89.664703
27050.000000 -87.914001
27100.000000 -88.937874
27150.000000 -89.363518
27200.000000 -88.336136
27250.000000 -89.402557
27300.000000 -88.409119
27350.000000 -90.018608
27400.000000 -89.216751
27450.000000 -90.077606
27500.000000 -88.174995
27550.000000 -88.758018
27600.000000 -88.339600
27650.000000 -90.128502
27700.000000 -90.814178
27750.000000 -90.804977
27800.000000 -91.588806
27850.000000 -91.523628
27900.000000 -92.252647
27950.000000 -91.414429
28000.000000 -89.309158
28050.000000 -89.121536
28100.000000 -90.795784
28150.000000 -91.937927
28200.000000 -91.291992
28250.000000 -91.807938
28300.000000 -91.291992
28350.000000 -92.539818
28400.000000 -92.539818
28450.000000 -96.200310
28500.000000 -95.100578
28550.000000 -95.509674
28600.000000 -94.468201
28650.000000 -93.813492
28700.000000 -91.355446
28750.000000 -92.624443
28800.000000 -95.637245
28850.000000 -94.731537
28900.000000 -94.280952
28950.000000 -93.859123
29000.000000 -96.056038
29050.000000 -91.258011
29100.000000 -96.320953
29150.000000 -96.612129
29200.000000 -93.120255
29250.000000 -95.138359
29300.000000 -93.601555
29350.000000 -94.377541
29400.000000 -92.285301
29450.000000 -97.700478
29500.000000 -95.168701
29550.000000 -90.916039
29600.000000 -94.426239
29650.000000 -92.301682
29700.000000 -93.444366
29750.000000 -92.285301
29800.000000 -94.171867
29850.000000 -93.865662
29900.000000 -97.273788
29950.000000 -93.977570
30000.000000 -94.050758
30050.000000 -94.329109
30100.000000 -93.601555
30150.000000 -94.659576
30200.000000 -93.532043
30250.000000 -94.212608
30300.000000 -93.265526
30350.000000 -93.665237
30400.000000 -90.235497
30450.000000 -97.400589
30500.000000 -92.022156
30550.000000 -93.102264
30600.000000 -93.964333
30650.000000 -91.543625
30700.000000 -96.047623
30750.000000 -93.684433
30800.000000 -92.400566
30850.000000 -91.823433
30900.000000 -92.367477
30950.000000 -89.889366
31000.000000 -93.494362
31050.000000 -95.168701
31100.000000 -93.407059
31150.000000 -95.275749
31200.000000 -92.959671
31250.000000 -94.965912
31300.000000 -92.912659
31350.000000 -94.097656
31400.000000 -96.830193
31450.000000 -94.370605
31500.000000 -95.191528
31550.000000 -94.267242
31600.000000 -93.326782
31650.000000 -96.612129
31700.000000 -95.415352
31750.000000 -91.311462
31800.000000 -94.433220
31850.000000 -96.381905
31900.000000 -93.918144
31950.000000 -92.953781
32000.000000 -93.794014
32050.000000 -93.931313
32100.000000 -93.563568
32150.000000 -92.517387
32200.000000 -92.112549
32250.000000 -92.296219
32300.000000 -91.870087
32350.000000 -93.450600
32400.000000 -92.361977
32450.000000 -94.965912
32500.000000 -95.055458
32550.000000 -94.151566
32600.000000 -90.226891
32650.000000 -93.500626
32700.000000 -94.104378
32750.000000 -94.017418
32800.000000 -94.884628
32850.000000 -94.760490
32900.000000 -94.192215
32950.000000 -94.117828
33000.000000 -93.601555
33050.000000 -95.493881
33100.000000 -90.405090
33150.000000 -93.525749
33200.000000 -95.161110
33250.000000 -92.819382
33300.000000 -91.042709
33350.000000 -93.735825
33400.000000 -97.332085
33450.000000 -94.010757
33500.000000 -92.854248
33550.000000 -95.368568
33600.000000 -96.047623
33650.000000 -96.549538
33700.000000 -93.259422
33750.000000 -93.419479
33800.000000 -93.168404
33850.000000 -92.796227
33900.000000 -95.229713
33950.000000 -95.070473
34000.000000 -90.631981
34050.000000 -90.326408
34100.000000 -91.659546
34150.000000 -91.104362
34200.000000 -89.568459
34250.000000 -89.705177
34300.000000 -94.117828
34350.000000 -93.216827
34400.000000 -94.595314
34450.000000 -94.426239
34500.000000 -94.057442
34550.000000 -91.316338
34600.000000 -94.943665
34650.000000 -93.277740
34700.000000 -92.647156
34750.000000 -93.990829
34800.000000 -93.345238
34850.000000 -95.454529
34900.000000 -94.862595
34950.000000 -92.755836
35000.000000 -89.914230
35050.000000 -91.746223
35100.000000 -92.784668
35150.000000 -91.306587
35200.000000 -91.248329
35250.000000 -88.664078
35300.000000 -93.138275
35350.000000 -94.965912
35400.000000 -89.398643
35450.000000 -93.042564
35500.000000 -90.972107
35550.000000 -91.434181
35600.000000 -90.846458
35650.000000 -93.241142
35700.000000 -94.111099
35750.000000 -95.972275
35800.000000 -95.345268
35850.000000 -92.400566
35900.000000 -93.144295
35950.000000 -93.859123
36000.000000 -90.772850
36050.000000 -92.085869
36100.000000 -90.874222
36150.000000 -93.898453
36200.000000 -93.678024
36250.000000 -97.410423
36300.000000 -92.802010
36350.000000 -93.538338
36400.000000 -93.595215
36450.000000 -93.768105
36500.000000 -94.811394
36550.000000 -97.293175
36600.000000 -96.390648
36650.000000 -93.550941
36700.000000 -91.756477
36750.000000 -96.123634
36800.000000 -94.165092
36850.000000 -91.943169
36900.000000 -94.239883
36950.000000 -91.948410
37000.000000 -91.969421
37050.000000 -93.357567
37100.000000 -93.382278
37150.000000 -94.064133
37200.000000 -97.782234
37250.000000 -92.214706
37300.000000 -96.693260
37350.000000 -91.969421
37400.000000 -91.844139
37450.000000 -95.032982
37500.000000 -95.637062
37550.000000 -94.709885
37600.000000 -92.698463
37650.000000 -94.921478
37700.000000 -95.462387
37750.000000 -94.017441
37800.000000 -91.953659
37850.000000 -94.097656
37900.000000 -93.633339
37950.000000 -97.235138
38000.000000 -95.085510
38050.000000 -95.283447
38100.000000 -96.390648
38150.000000 -94.559814
38200.000000 -95.517586
38250.000000 -95.206779
38300.000000 -95.153519
38350.000000 -96.657104
38400.000000 -96.630089
38450.000000 -91.137741
38500.000000 -91.404572
38550.000000 -96.567375
38600.000000 -97.063324
38650.000000 -94.973335
38700.000000 -94.356750
38750.000000 -93.697250
38800.000000 -92.467125
38850.000000 -88.900871
38900.000000 -94.855263
38950.000000 -92.959671
39000.000000 -97.549240
39050.000000 -96.693260
39100.000000 -91.818268
39150.000000 -94.573997
39200.000000 -93.722946
39250.000000 -92.263519
39300.000000 -93.931313
39350.000000 -95.252701
39400.000000 -94.070824
39450.000000 -94.280952
39500.000000 -94.205811
39550.000000 -96.522858
39600.000000 -93.951111
39650.000000 -94.077522
39700.000000 -94.884628
39750.000000 -96.766022
39800.000000 -92.767357
39850.000000 -93.852592
39900.000000 -93.425697
39950.000000 -92.590492
40000.000000 -92.613113
