0.000000 -53.970062
50.000000 -53.972977
100.000000 -54.674683
150.000000 -53.972908
200.000000 -54.664726
250.000000 -54.581852
300.000000 -55.151592
350.000000 -55.113754
400.000000 -54.910824
450.000000 -54.931133
500.000000 -53.978539
550.000000 -53.958950
600.000000 -53.955181
650.000000 -53.960865
700.000000 -53.959942
750.000000 -53.964703
800.000000 -53.965496
850.000000 -53.960732
900.000000 -53.977943
950.000000 -53.968674
1000.000000 -54.703228
1050.000000 -54.956608
1100.000000 -53.969398
1150.000000 -53.976353
1200.000000 -53.973240
1250.000000 -54.273655
1300.000000 -54.486488
1350.000000 -54.607529
1400.000000 -54.979332
1450.000000 -55.372734
1500.000000 -55.436138
1550.000000 -55.863808
1600.000000 -56.225903
1650.000000 -56.474289
1700.000000 -56.608593
1750.000000 -57.006016
1800.000000 -57.239155
1850.000000 -57.491821
1900.000000 -57.997150
1950.000000 -58.208179
2000.000000 -58.528896
2050.000000 -58.505322
2100.000000 -58.750435
2150.000000 -59.286224
2200.000000 -59.630890
2250.000000 -59.975780
2300.000000 -60.097565
2350.000000 -60.450439
2400.000000 -60.708717
2450.000000 -60.895790
2500.000000 -61.527874
2550.000000 -61.603901
2600.000000 -61.945625
2650.000000 -62.131657
2700.000000 -62.489590
2750.000000 -62.711292
2800.000000 -63.122917
2850.000000 -63.365326
2900.000000 -63.709660
2950.000000 -63.984768
3000.000000 -64.262161
3050.000000 -64.500519
3100.000000 -64.488510
3150.000000 -65.092316
3200.000000 -65.377304
3250.000000 -65.503006
3300.000000 -65.906052
3350.000000 -66.174644
3400.000000 -66.622841
3450.000000 -66.785439
3500.000000 -67.405075
3550.000000 -67.498840
3600.000000 -67.828049
3650.000000 -67.883385
3700.000000 -68.330589
3750.000000 -68.555855
3800.000000 -68.704407
3850.000000 -69.035957
3900.000000 -69.531830
3950.000000 -69.739609
4000.000000 -69.672348
4050.000000 -70.298149
4100.000000 -70.145088
4150.000000 -70.532921
4200.000000 -70.867722
4250.000000 -71.037491
4300.000000 -71.238640
4350.000000 -71.316811
4400.000000 -71.560150
4450.000000 -72.284195
4500.000000 -72.835617
4550.000000 -72.585960
4600.000000 -72.889221
4650.000000 -73.379166
4700.000000 -73.829086
4750.000000 -74.114441
4800.000000 -74.009407
4850.000000 -74.428307
4900.000000 -74.600266
4950.000000 -74.498375
5000.000000 -75.489159
5050.000000 -75.431755
5100.000000 -75.701431
5150.000000 -75.479668
5200.000000 -75.830864
5250.000000 -75.982254
5300.000000 -76.362671
5350.000000 -77.051018
5400.000000 -77.044411
5450.000000 -77.718773
5500.000000 -77.614418
5550.000000 -78.118179
5600.000000 -78.213684
5650.000000 -78.251534
5700.000000 -79.267815
5750.000000 -79.025154
5800.000000 -78.344139
5850.000000 -78.786789
5900.000000 -78.744247
5950.000000 -79.609467
6000.000000 -78.875992
6050.000000 -79.673042
6100.000000 -79.958504
6150.000000 -78.908661
6200.000000 -80.798485
6250.000000 -81.207535
6300.000000 -81.684944
6350.000000 -82.442764
6400.000000 -81.365845
6450.000000 -81.504997
6500.000000 -82.595093
6550.000000 -82.858131
6600.000000 -82.995506
6650.000000 -83.634018
6700.000000 -82.848923
6750.000000 -83.877037
6800.000000 -84.025337
6850.000000 -85.112358
6900.000000 -85.565674
6950.000000 -84.893105
7000.000000 -83.885323
7050.000000 -85.682167
7100.000000 -85.558136
7150.000000 -86.391014
7200.000000 -86.164406
7250.000000 -86.623703
7300.000000 -87.184090
7350.000000 -86.550140
7400.000000 -88.682068
7450.000000 -84.830475
7500.000000 -86.256516
7550.000000 -86.415947
7600.000000 -86.980408
7650.000000 -88.301605
7700.000000 -86.689301
7750.000000 -88.603203
7800.000000 -88.758018
7850.000000 -88.164810
7900.000000 -91.321220
7950.000000 -87.996803
8000.000000 -88.040176
8050.000000 -85.585823
8100.000000 -87.355484
8150.000000 -85.383965
8200.000000 -86.049286
8250.000000 -88.093849
8300.000000 -87.312317
8350.000000 -87.542953
8400.000000 -87.539795
8450.000000 -85.295731
8500.000000 -86.226608
8550.000000 -87.293884
8600.000000 -86.892044
8650.000000 -88.090485
8700.000000 -88.664078
8750.000000 -89.914230
8800.000000 -88.700089
8850.000000 -89.737587
8900.000000 -91.964165
8950.000000 -92.367477
9000.000000 -87.757195
9050.000000 -86.612343
9100.000000 -86.795876
9150.000000 -91.166451
9200.000000 -93.898430
9250.000000 -92.727150
9300.000000 -89.023598
9350.000000 -88.507378
9400.000000 -88.585381
9450.000000 -88.754387
9500.000000 -91.679863
9550.000000 -88.556931
9600.000000 -93.563568
9650.000000 -91.985207
9700.000000 -90.777435
9750.000000 -90.511124
9800.000000 -88.897171
9850.000000 -89.664703
9900.000000 -94.804100
9950.000000 -92.048645
10000.000000 -91.214523
10050.000000 -93.114250
10100.000000 -93.400864
10150.000000 -91.384888
10200.000000 -91.669716
10250.000000 -91.176048
10300.000000 -92.433784
10350.000000 -94.775002
10400.000000 -92.384010
10450.000000 -92.230949
10500.000000 -91.563675
10550.000000 -91.360344
10600.000000 -89.316902
10650.000000 -90.636490
10700.000000 -90.981491
10750.000000 -91.424301
10800.000000 -91.906555
10850.000000 -90.383163
10900.000000 -88.768929
10950.000000 -88.539200
11000.000000 -90.282997
11050.000000 -88.381241
11100.000000 -87.102638
11150.000000 -86.592499
11200.000000 -86.606667
11250.000000 -88.975044
11300.000000 -92.011581
11350.000000 -91.219345
11400.000000 -92.252647
11450.000000 -92.350983
11500.000000 -91.326096
11550.000000 -94.030739
11600.000000 -91.807938
11650.000000 -95.637062
11700.000000 -92.825188
11750.000000 -89.144287
11800.000000 -95.597054
11850.000000 -94.084229
11900.000000 -92.761597
11950.000000 -94.030739
12000.000000 -92.506195
12050.000000 -88.956444
12100.000000 -92.658531
12150.000000 -94.840614
12200.000000 -91.654472
12250.000000 -92.738586
12300.000000 -93.012871
12350.000000 -91.563675
12400.000000 -93.289978
12450.000000 -91.071106
12500.000000 -92.675621
12550.000000 -91.771881
12600.000000 -92.669922
12650.000000 -92.160789
12700.000000 -89.508842
12750.000000 -88.253479
12800.000000 -89.224419
12850.000000 -91.943169
12900.000000 -91.720642
12950.000000 -93.538338
13000.000000 -90.645515
13050.000000 -92.613113
13100.000000 -93.400864
13150.000000 -93.671631
13200.000000 -93.289978
13250.000000 -90.564629
13300.000000 -93.977570
13350.000000 -94.746002
13400.000000 -90.841843
13450.000000 -94.077522
13500.000000 -92.669922
13550.000000 -90.564629
13600.000000 -93.180489
13650.000000 -95.298859
13700.000000 -93.475578
13750.000000 -91.948410
13800.000000 -94.226234
13850.000000 -93.235062
13900.000000 -92.472702
13950.000000 -93.425697
14000.000000 -92.842613
14050.000000 -89.802895
14100.000000 -91.180847
14150.000000 -88.284386
14200.000000 -93.614250
14250.000000 -92.016869
14300.000000 -91.394722
14350.000000 -91.262856
14400.000000 -89.588417
14450.000000 -90.162598
14500.000000 -90.069153
14550.000000 -90.162598
14600.000000 -92.461563
14650.000000 -90.497803
14700.000000 -93.450600
14750.000000 -93.748726
14800.000000 -93.820000
14850.000000 -93.339081
14900.000000 -95.206779
14950.000000 -91.287125
15000.000000 -91.943169
15050.000000 -94.010757
15100.000000 -92.709908
15150.000000 -89.997627
15200.000000 -90.484497
15250.000000 -91.301720
15300.000000 -91.047432
15350.000000 -89.652611
15400.000000 -89.461441
15450.000000 -91.695129
15500.000000 -92.155418
15550.000000 -94.659576
15600.000000 -90.972107
15650.000000 -93.400864
15700.000000 -93.018799
15750.000000 -92.930260
15800.000000 -95.093040
15850.000000 -95.093040
15900.000000 -92.658531
15950.000000 -89.684883
16000.000000 -94.144806
16050.000000 -93.944504
16100.000000 -93.671631
16150.000000 -90.827995
16200.000000 -95.183914
16250.000000 -92.698463
16300.000000 -95.454529
16350.000000 -91.875290
16400.000000 -93.180489
16450.000000 -91.379974
16500.000000 -94.070824
16550.000000 -95.798965
16600.000000 -95.353027
16650.000000 -91.204887
16700.000000 -94.280952
16750.000000 -95.549286
16800.000000 -90.864960
16850.000000 -91.624100
16900.000000 -91.113884
16950.000000 -95.093040
17000.000000 -92.117897
17050.000000 -92.755836
17100.000000 -94.111099
17150.000000 -93.937912
17200.000000 -94.315323
17250.000000 -92.573570
17300.000000 -89.258980
17350.000000 -89.258980
17400.000000 -91.705322
17450.000000 -93.096275
17500.000000 -89.258980
17550.000000 -91.533623
17600.000000 -91.563675
17650.000000 -89.367416
17700.000000 -94.702682
17750.000000 -90.064926
17800.000000 -89.102615
17850.000000 -91.828606
17900.000000 -88.930466
17950.000000 -91.483757
18000.000000 -92.433784
18050.000000 -89.504883
18100.000000 -89.076195
18150.000000 -92.883400
18200.000000 -92.936134
18250.000000 -92.439331
18300.000000 -93.438141
18350.000000 -91.458939
18400.000000 -92.085869
18450.000000 -92.395042
18500.000000 -92.658531
18550.000000 -91.730865
18600.000000 -88.934166
18650.000000 -91.037979
18700.000000 -91.854507
18750.000000 -89.757942
18800.000000 -89.363518
18850.000000 -88.437080
18900.000000 -88.479187
18950.000000 -93.253326
19000.000000 -92.439331
19050.000000 -91.370155
19100.000000 -92.641472
19150.000000 -88.790779
19200.000000 -91.943169
19250.000000 -89.897659
19300.000000 -89.301414
19350.000000 -90.090302
19400.000000 -90.188255
19450.000000 -91.152084
19500.000000 -92.495010
19550.000000 -95.733841
19600.000000 -92.918518
19650.000000 -94.044083
19700.000000 -92.091194
19750.000000 -91.901337
19800.000000 -91.854507
19850.000000 -89.843964
19900.000000 -90.677177
19950.000000 -88.046967
20000.000000 -87.483154
20050.000000 -89.496971
20100.000000 -89.500923
20150.000000 -89.285965
20200.000000 -87.454964
20250.000000 -88.674866
20300.000000 -87.950333
20350.000000 -88.660484
20400.000000 -87.603180
20450.000000 -86.006836
20500.000000 -85.993614
20550.000000 -89.774261
20600.000000 -87.996803
20650.000000 -87.647820
20700.000000 -86.399323
20750.000000 -88.363869
20800.000000 -88.423088
20850.000000 -88.732628
20900.000000 -89.493011
20950.000000 -89.576431
21000.000000 -86.297470
21050.000000 -85.751274
21100.000000 -72.179611
21150.000000 -59.433971
21200.000000 -54.609455
21250.000000 -53.966160
21300.000000 -53.934456
21350.000000 -53.978539
21400.000000 -53.999172
21450.000000 -55.396576
21500.000000 -56.934757
21550.000000 -58.931011
21600.000000 -59.838100
21650.000000 -56.762886
21700.000000 -55.689487
21750.000000 -55.411957
21800.000000 -54.258312
21850.000000 -56.619633
21900.000000 -59.678913
21950.000000 -58.414135
22000.000000 -55.671185
22050.000000 -54.515694
22100.000000 -53.970524
22150.000000 -53.972511
22200.000000 -54.618935
22250.000000 -54.981487
22300.000000 -54.974648
22350.000000 -55.782608
22400.000000 -55.054829
22450.000000 -55.390881
22500.000000 -54.186153
22550.000000 -54.112621
22600.000000 -53.973373
22650.000000 -55.404301
22700.000000 -56.253929
22750.000000 -56.215611
22800.000000 -54.924999
22850.000000 -54.341789
22900.000000 -55.724327
22950.000000 -54.526131
23000.000000 -54.518303
23050.000000 -54.661053
23100.000000 -54.596779
23150.000000 -54.322533
23200.000000 -54.299675
23250.000000 -53.976551
23300.000000 -53.957561
23350.000000 -53.965694
23400.000000 -53.970722
23450.000000 -54.203060
23500.000000 -54.642506
23550.000000 -54.635071
23600.000000 -54.265705
23650.000000 -55.252132
23700.000000 -54.581211
23750.000000 -54.977322
23800.000000 -54.310410
23850.000000 -54.490215
23900.000000 -54.403427
23950.000000 -53.999172
24000.000000 -53.962055
24050.000000 -53.955711
24100.000000 -53.956635
24150.000000 -53.971252
24200.000000 -53.965694
24250.000000 -53.967083
24300.000000 -53.978806
24350.000000 -53.975227
24400.000000 -55.729187
24450.000000 -54.301739
24500.000000 -54.840073
24550.000000 -55.637112
24600.000000 -54.484100
24650.000000 -54.311028
24700.000000 -53.973507
24750.000000 -53.958618
24800.000000 -53.970722
24850.000000 -53.945999
24900.000000 -53.955776
24950.000000 -53.958286
25000.000000 -53.959080
25050.000000 -53.958088
25100.000000 -53.972778
25150.000000 -54.430050
25200.000000 -57.906487
25250.000000 -56.094131
25300.000000 -55.176430
25350.000000 -55.145679
25400.000000 -54.985577
25450.000000 -54.331223
25500.000000 -53.974236
25550.000000 -53.951153
25600.000000 -53.943161
25650.000000 -53.959808
25700.000000 -53.954388
25750.000000 -53.966225
25800.000000 -53.973373
25850.000000 -53.956238
25900.000000 -53.967415
25950.000000 -53.972446
26000.000000 -54.325706
26050.000000 -54.927956
26100.000000 -54.860439
26150.000000 -55.143330
26200.000000 -54.556179
26250.000000 -54.512875
26300.000000 -54.041851
26350.000000 -54.302563
26400.000000 -53.952999
26450.000000 -53.963840
26500.000000 -53.974300
26550.000000 -53.979401
26600.000000 -53.973438
26650.000000 -53.965630
26700.000000 -53.970459
26750.000000 -53.975094
26800.000000 -54.275711
26850.000000 -54.782024
26900.000000 -55.319992
26950.000000 -55.235806
27000.000000 -54.836571
27050.000000 -54.256073
27100.000000 -53.959347
27150.000000 -53.963646
27200.000000 -53.975361
27250.000000 -53.965828
27300.000000 -53.948048
27350.000000 -53.940788
27400.000000 -53.965164
27450.000000 -53.967415
27500.000000 -54.310131
27550.000000 -53.976154
27600.000000 -54.586967
27650.000000 -54.768513
27700.000000 -54.722271
27750.000000 -54.705967
27800.000000 -54.751694
27850.000000 -56.423653
27900.000000 -57.017479
27950.000000 -55.162292
28000.000000 -53.965561
28050.000000 -53.973042
28100.000000 -53.965031
28150.000000 -53.966160
28200.000000 -53.944351
28250.000000 -53.961132
28300.000000 -54.408230
28350.000000 -55.654934
28400.000000 -54.390495
28450.000000 -54.863445
28500.000000 -55.135303
28550.000000 -54.474976
28600.000000 -54.731655
28650.000000 -54.500271
28700.000000 -55.126678
28750.000000 -53.968605
28800.000000 -53.966621
28850.000000 -53.964569
28900.000000 -53.962189
28950.000000 -53.960800
29000.000000 -53.968540
29050.000000 -53.964241
29100.000000 -53.978275
29150.000000 -54.291496
29200.000000 -54.845928
29250.000000 -54.729343
29300.000000 -54.771275
29350.000000 -54.603046
29400.000000 -54.256878
29450.000000 -55.217140
29500.000000 -53.978806
29550.000000 -53.977612
29600.000000 -53.971252
29650.000000 -53.979401
29700.000000 -53.975491
29750.000000 -53.971851
29800.000000 -53.951813
29850.000000 -54.050667
29900.000000 -55.354317
29950.000000 -55.960251
30000.000000 -55.527607
30050.000000 -54.872700
30100.000000 -54.735413
30150.000000 -54.343307
30200.000000 -54.043652
30250.000000 -56.449947
30300.000000 -53.957230
30350.000000 -53.945473
30400.000000 -53.977215
30450.000000 -53.963577
30500.000000 -53.965431
30550.000000 -53.960602
30600.000000 -53.965298
30650.000000 -54.135532
30700.000000 -54.042385
30750.000000 -54.388828
30800.000000 -54.362679
30850.000000 -54.442692
30900.000000 -54.636501
30950.000000 -54.321980
31000.000000 -54.075489
31050.000000 -55.849659
31100.000000 -53.962521
31150.000000 -53.968407
31200.000000 -53.975227
31250.000000 -53.966686
31300.000000 -53.972115
31350.000000 -53.958881
31400.000000 -53.976154
31450.000000 -54.980446
31500.000000 -54.393559
31550.000000 -54.238766
31600.000000 -54.685673
31650.000000 -54.565742
31700.000000 -54.791039
31750.000000 -56.015865
31800.000000 -54.041054
31850.000000 -53.965759
31900.000000 -54.001511
31950.000000 -53.973106
32000.000000 -53.964172
32050.000000 -53.961197
32100.000000 -53.955578
32150.000000 -53.959476
32200.000000 -53.973637
32250.000000 -55.109116
32300.000000 -53.968407
32350.000000 -54.443390
32400.000000 -54.990192
32450.000000 -54.595715
32500.000000 -54.261257
32550.000000 -54.680714
32600.000000 -54.872768
32650.000000 -53.969799
32700.000000 -53.973835
32750.000000 -53.965099
32800.000000 -53.968872
32850.000000 -53.957363
32900.000000 -53.955975
32950.000000 -53.955711
33000.000000 -55.425880
33050.000000 -55.927845
33100.000000 -54.057415
33150.000000 -55.826187
33200.000000 -56.023663
33250.000000 -54.575466
33300.000000 -54.485718
33350.000000 -55.688511
33400.000000 -55.264725
33450.000000 -53.969864
33500.000000 -53.972778
33550.000000 -53.971584
33600.000000 -53.968075
33650.000000 -53.974960
33700.000000 -53.974102
33750.000000 -53.970196
33800.000000 -53.952999
33850.000000 -55.036621
33900.000000 -55.010090
33950.000000 -55.353230
34000.000000 -55.542030
34050.000000 -55.366436
34100.000000 -55.134319
34150.000000 -54.588959
34200.000000 -54.199322
34250.000000 -53.965630
34300.000000 -53.974102
34350.000000 -53.947189
34400.000000 -53.949696
34450.000000 -53.950359
34500.000000 -53.958950
34550.000000 -53.961525
34600.000000 -53.967281
34650.000000 -54.172447
34700.000000 -54.466068
34750.000000 -55.042538
34800.000000 -54.726959
34850.000000 -54.869389
34900.000000 -54.456612
34950.000000 -54.411854
35000.000000 -53.976223
35050.000000 -53.972378
35100.000000 -53.966091
35150.000000 -53.977348
35200.000000 -53.978607
35250.000000 -53.972977
35300.000000 -53.974102
35350.000000 -53.974697
35400.000000 -53.976223
35450.000000 -55.811279
35500.000000 -55.913177
35550.000000 -54.522675
35600.000000 -54.452133
35650.000000 -54.499214
35700.000000 -54.298576
35750.000000 -54.251678
35800.000000 -56.583336
35850.000000 -53.966885
35900.000000 -53.972645
35950.000000 -53.961594
36000.000000 -53.967083
36050.000000 -53.977146
36100.000000 -53.978672
36150.000000 -53.970924
36200.000000 -54.907284
36250.000000 -53.977680
36300.000000 -54.217964
36350.000000 -54.383274
36400.000000 -54.410389
36450.000000 -54.374043
36500.000000 -54.365105
36550.000000 -54.028244
36600.000000 -53.970856
36650.000000 -53.960339
36700.000000 -53.970657
36750.000000 -53.967083
36800.000000 -53.955578
36850.000000 -53.969864
36900.000000 -53.972050
36950.000000 -53.965759
37000.000000 -56.210552
37050.000000 -56.634373
37100.000000 -54.229416
37150.000000 -54.466141
37200.000000 -54.381329
37250.000000 -54.574680
37300.000000 -54.219734
37350.000000 -53.974831
37400.000000 -53.962585
37450.000000 -53.968075
37500.000000 -53.972511
37550.000000 -53.969929
37600.000000 -53.959808
37650.000000 -53.963840
37700.000000 -53.968475
37750.000000 -53.953331
37800.000000 -53.965759
37850.000000 -54.699989
37900.000000 -55.617962
37950.000000 -54.463406
38000.000000 -54.541599
38050.000000 -54.970409
38100.000000 -54.239037
38150.000000 -54.615158
38200.000000 -53.957561
38250.000000 -53.977215
38300.000000 -53.977745
38350.000000 -53.979401
38400.000000 -53.979401
38450.000000 -53.970459
38500.000000 -53.965431
38550.000000 -53.969799
38600.000000 -53.974499
38650.000000 -54.206802
38700.000000 -54.561703
38750.000000 -54.722698
38800.000000 -54.547684
38850.000000 -55.640240
38900.000000 -55.095951
38950.000000 -53.970657
39000.000000 -53.952076
39050.000000 -53.971916
39100.000000 -53.973106
39150.000000 -53.977081
39200.000000 -53.969597
39250.000000 -53.969334
39300.000000 -53.973835
39350.000000 -53.948971
39400.000000 -56.672329
39450.000000 -56.592819
39500.000000 -54.433472
39550.000000 -54.560497
39600.000000 -54.669155
39650.000000 -55.251751
39700.000000 -55.819958
39750.000000 -54.231667
39800.000000 -53.975491
39850.000000 -53.966820
39900.000000 -53.972977
39950.000000 -53.973904
40000.000000 -53.979336
