0.000000 -53.974499
50.000000 -53.928658
100.000000 -53.943359
150.000000 -53.955116
200.000000 -53.972843
250.000000 -55.359131
300.000000 -56.055588
350.000000 -55.120403
400.000000 -55.865704
450.000000 -55.178940
500.000000 -54.875706
550.000000 -54.293762
600.000000 -53.976551
650.000000 -53.946331
700.000000 -53.929050
750.000000 -53.928722
800.000000 -53.965759
850.000000 -53.930634
900.000000 -53.932278
950.000000 -53.958485
1000.000000 -53.969929
1050.000000 -54.212040
1100.000000 -55.308018
1150.000000 -54.836048
1200.000000 -54.456684
1250.000000 -53.939930
1300.000000 -53.925957
1350.000000 -53.944416
1400.000000 -54.251610
1450.000000 -54.768547
1500.000000 -54.696896
1550.000000 -53.972179
1600.000000 -53.975624
1650.000000 -53.978939
1700.000000 -54.407467
1750.000000 -54.629856
1800.000000 -54.868362
1850.000000 -55.282955
1900.000000 -55.440842
1950.000000 -55.620445
2000.000000 -55.957336
2050.000000 -56.557350
2100.000000 -56.613346
2150.000000 -56.898609
2200.000000 -57.208439
2250.000000 -57.558304
2300.000000 -57.829342
2350.000000 -58.141903
2400.000000 -58.477917
2450.000000 -58.782864
2500.000000 -58.935345
2550.000000 -59.293674
2600.000000 -59.763878
2650.000000 -59.865593
2700.000000 -60.059448
2750.000000 -60.416725
2800.000000 -60.729450
2850.000000 -60.837215
2900.000000 -61.274345
2950.000000 -61.561283
3000.000000 -61.912857
3050.000000 -62.016048
3100.000000 -62.386757
3150.000000 -62.651554
3200.000000 -62.912254
3250.000000 -63.363571
3300.000000 -63.610279
3350.000000 -63.886147
3400.000000 -63.973454
3450.000000 -64.418129
3500.000000 -64.583466
3550.000000 -64.810379
3600.000000 -65.275749
3650.000000 -65.312805
3700.000000 -65.650856
3750.000000 -65.936974
3800.000000 -66.215752
3850.000000 -66.741837
3900.000000 -66.831291
3950.000000 -67.337257
4000.000000 -67.502922
4050.000000 -67.887985
4100.000000 -68.207314
4150.000000 -68.501015
4200.000000 -68.619621
4250.000000 -68.848938
4300.000000 -68.955307
4350.000000 -69.402153
4400.000000 -69.722946
4450.000000 -70.183533
4500.000000 -70.089439
4550.000000 -70.702568
4600.000000 -70.632416
4650.000000 -71.299759
4700.000000 -71.329987
4750.000000 -71.811531
4800.000000 -71.861755
4850.000000 -71.987297
4900.000000 -72.566223
4950.000000 -72.994492
5000.000000 -73.001587
5050.000000 -73.513161
5100.000000 -73.430023
5150.000000 -73.589485
5200.000000 -74.287788
5250.000000 -74.948082
5300.000000 -74.865501
5350.000000 -75.593033
5400.000000 -75.929840
5450.000000 -75.577087
5500.000000 -75.929840
5550.000000 -76.179771
5600.000000 -76.983322
5650.000000 -77.195671
5700.000000 -76.545059
5750.000000 -77.502357
5800.000000 -78.135277
5850.000000 -77.576233
5900.000000 -77.656822
5950.000000 -78.386963
6000.000000 -78.086227
6050.000000 -79.107285
6100.000000 -79.641190
6150.000000 -79.517448
6200.000000 -78.986145
6250.000000 -80.811569
6300.000000 -78.826057
6350.000000 -80.608780
6400.000000 -80.661537
6450.000000 -81.291710
6500.000000 -81.239578
6550.000000 -81.186241
6600.000000 -81.195358
6650.000000 -82.550537
6700.000000 -83.085785
6750.000000 -82.150993
6800.000000 -82.058113
6850.000000 -83.621941
6900.000000 -81.710732
6950.000000 -82.435745
7000.000000 -83.727150
7050.000000 -83.496162
7100.000000 -83.434929
7150.000000 -83.417229
7200.000000 -84.114273
7250.000000 -84.364769
7300.000000 -84.095139
7350.000000 -84.777473
7400.000000 -85.251945
7450.000000 -86.527626
7500.000000 -86.316650
7550.000000 -88.291267
7600.000000 -85.743568
7650.000000 -86.137497
7700.000000 -85.473099
7750.000000 -86.836548
7800.000000 -86.218468
7850.000000 -85.498024
7900.000000 -85.797653
7950.000000 -86.275604
8000.000000 -84.872177
8050.000000 -85.865089
8100.000000 -87.861412
8150.000000 -87.590462
8200.000000 -86.618019
8250.000000 -87.439346
8300.000000 -87.057724
8350.000000 -87.796135
8400.000000 -87.711990
8450.000000 -87.970215
8500.000000 -87.835243
8550.000000 -87.514580
8600.000000 -88.073685
8650.000000 -87.894241
8700.000000 -88.750763
8750.000000 -87.943718
8800.000000 -86.544510
8850.000000 -89.692978
8900.000000 -85.366737
8950.000000 -88.006821
9000.000000 -89.305290
9050.000000 -88.120819
9100.000000 -88.056908
9150.000000 -88.263771
9200.000000 -89.453568
9250.000000 -88.768929
9300.000000 -88.546295
9350.000000 -87.461220
9400.000000 -88.093849
9450.000000 -86.292000
9500.000000 -87.776642
9550.000000 -88.860336
9600.000000 -92.687035
9650.000000 -88.692879
9700.000000 -90.248444
9750.000000 -90.466789
9800.000000 -92.139343
9850.000000 -92.871727
9900.000000 -92.356476
9950.000000 -92.048645
10000.000000 -89.893509
10050.000000 -89.717285
10100.000000 -89.852203
10150.000000 -89.889366
10200.000000 -92.767357
10250.000000 -92.279854
10300.000000 -93.519463
10350.000000 -92.495010
10400.000000 -95.291153
10450.000000 -93.351402
10500.000000 -93.787529
10550.000000 -91.028542
10600.000000 -94.138054
10650.000000 -94.782272
10700.000000 -91.870087
10750.000000 -90.352554
10800.000000 -90.081833
10850.000000 -89.371307
10900.000000 -88.915649
10950.000000 -88.567589
11000.000000 -94.767746
11050.000000 -91.004982
11100.000000 -91.777023
11150.000000 -91.458939
11200.000000 -89.762024
11250.000000 -94.226234
11300.000000 -90.555695
11350.000000 -91.578743
11400.000000 -94.097656
11450.000000 -91.503670
11500.000000 -92.836800
11550.000000 -93.944504
11600.000000 -92.318085
11650.000000 -93.544640
11700.000000 -90.166870
11750.000000 -93.729538
11800.000000 -92.790443
11850.000000 -90.604980
11900.000000 -90.166870
11950.000000 -96.603157
12000.000000 -89.815193
12050.000000 -94.097656
12100.000000 -91.990479
12150.000000 -91.287125
12200.000000 -91.200073
12250.000000 -94.531525
12300.000000 -92.038040
12350.000000 -91.705322
12400.000000 -90.111504
12450.000000 -90.874222
12500.000000 -89.379112
12550.000000 -89.445702
12600.000000 -92.953781
12650.000000 -90.060707
12700.000000 -88.794426
12750.000000 -92.069893
12800.000000 -91.503670
12850.000000 -88.696480
12900.000000 -90.869591
12950.000000 -93.658844
13000.000000 -93.532043
13050.000000 -93.096275
13100.000000 -94.246712
13150.000000 -92.778893
13200.000000 -94.287819
13250.000000 -92.417160
13300.000000 -92.001022
13350.000000 -92.698463
13400.000000 -91.228996
13450.000000 -90.422676
13500.000000 -94.178642
13550.000000 -93.339081
13600.000000 -91.890907
13650.000000 -90.618469
13700.000000 -90.972107
13750.000000 -93.326782
13800.000000 -94.192215
13850.000000 -92.995102
13900.000000 -90.014404
13950.000000 -93.042564
14000.000000 -93.800499
14050.000000 -95.040466
14100.000000 -95.368568
14150.000000 -89.375214
14200.000000 -95.997322
14250.000000 -93.703667
14300.000000 -90.205406
14350.000000 -90.659065
14400.000000 -89.889366
14450.000000 -89.205269
14500.000000 -92.193100
14550.000000 -93.444366
14600.000000 -93.180489
14650.000000 -91.219345
14700.000000 -90.672646
14750.000000 -89.212921
14800.000000 -89.485107
14850.000000 -89.178543
14900.000000 -87.448715
14950.000000 -89.159492
15000.000000 -86.499573
15050.000000 -89.823410
15100.000000 -86.558594
15150.000000 -87.825447
15200.000000 -88.270638
15250.000000 -89.692978
15300.000000 -88.592499
15350.000000 -88.937874
15400.000000 -90.300331
15450.000000 -89.239761
15500.000000 -89.102615
15550.000000 -88.997421
15600.000000 -88.830978
15650.000000 -88.503853
15700.000000 -91.588806
15750.000000 -88.772568
15800.000000 -90.027008
15850.000000 -89.239761
15900.000000 -88.674866
15950.000000 -91.071106
16000.000000 -90.304672
16050.000000 -86.813286
16100.000000 -92.924385
16150.000000 -90.727158
16200.000000 -92.522987
16250.000000 -89.588417
16300.000000 -90.313362
16350.000000 -91.639275
16400.000000 -91.548637
16450.000000 -92.483849
16500.000000 -90.578056
16550.000000 -93.582542
16600.000000 -91.458939
16650.000000 -93.563568
16700.000000 -93.102287
16750.000000 -91.523628
16800.000000 -94.308441
16850.000000 -92.101868
16900.000000 -92.182320
16950.000000 -91.568695
17000.000000 -92.830986
17050.000000 -93.601555
17100.000000 -92.825188
17150.000000 -91.321220
17200.000000 -93.259422
17250.000000 -93.678024
17300.000000 -89.496971
17350.000000 -92.241791
17400.000000 -92.836800
17450.000000 -92.301682
17500.000000 -90.370033
17550.000000 -91.880493
17600.000000 -92.144684
17650.000000 -89.504883
17700.000000 -91.974678
17750.000000 -92.198502
17800.000000 -90.515572
17850.000000 -92.187706
17900.000000 -89.766098
17950.000000 -96.567375
18000.000000 -90.158325
18050.000000 -89.721344
18100.000000 -89.868698
18150.000000 -91.880493
18200.000000 -90.804977
18250.000000 -92.182320
18300.000000 -92.947891
18350.000000 -91.449028
18400.000000 -92.478271
18450.000000 -89.144287
18500.000000 -88.212440
18550.000000 -91.844139
18600.000000 -89.918381
18650.000000 -90.497803
18700.000000 -89.684883
18750.000000 -90.888138
18800.000000 -91.593834
18850.000000 -88.908257
18900.000000 -87.517723
18950.000000 -87.542953
19000.000000 -89.572449
19050.000000 -91.937927
19100.000000 -90.348190
19150.000000 -89.293686
19200.000000 -88.827324
19250.000000 -87.395760
19300.000000 -88.030144
19350.000000 -90.823387
19400.000000 -91.896118
19450.000000 -89.125320
19500.000000 -89.019852
19550.000000 -92.630119
19600.000000 -90.252739
19650.000000 -89.496971
19700.000000 -89.811096
19750.000000 -92.924385
19800.000000 -92.439331
19850.000000 -91.075851
19900.000000 -91.483757
19950.000000 -92.773125
20000.000000 -88.660484
20050.000000 -88.603203
20100.000000 -88.549835
20150.000000 -93.150314
20200.000000 -88.479187
20250.000000 -88.532120
20300.000000 -91.624100
20350.000000 -94.342918
20400.000000 -91.335869
20450.000000 -95.525497
20500.000000 -95.260376
20550.000000 -91.171249
20600.000000 -89.697021
20650.000000 -89.394730
20700.000000 -93.314491
20750.000000 -94.178642
20800.000000 -94.117828
20850.000000 -91.573715
20900.000000 -89.477211
20950.000000 -90.573578
21000.000000 -88.475670
21050.000000 -89.485107
21100.000000 -88.725388
21150.000000 -88.725388
21200.000000 -71.683914
21250.000000 -59.195023
21300.000000 -54.821873
21350.000000 -53.963711
21400.000000 -53.951153
21450.000000 -53.953197
21500.000000 -53.956436
21550.000000 -53.971188
21600.000000 -54.949936
21650.000000 -54.964474
21700.000000 -55.332996
21750.000000 -54.702583
21800.000000 -54.453255
21850.000000 -53.968143
21900.000000 -53.967548
21950.000000 -53.939732
22000.000000 -53.941181
22050.000000 -53.973904
22100.000000 -55.300373
22150.000000 -57.452984
22200.000000 -57.174774
22250.000000 -55.054455
22300.000000 -53.974564
22350.000000 -53.927074
22400.000000 -53.956173
22450.000000 -53.979401
22500.000000 -53.976883
22550.000000 -53.983913
22600.000000 -54.019386
22650.000000 -54.141064
22700.000000 -54.290535
22750.000000 -54.482838
22800.000000 -54.799995
22850.000000 -54.897701
22900.000000 -55.208206
22950.000000 -54.921230
23000.000000 -54.503223
23050.000000 -54.468315
23100.000000 -54.078640
23150.000000 -54.042984
23200.000000 -53.975689
23250.000000 -53.960339
23300.000000 -53.930500
23350.000000 -53.971916
23400.000000 -53.969002
23450.000000 -54.112152
23500.000000 -55.785137
23550.000000 -56.838444
23600.000000 -55.880291
23650.000000 -56.842590
23700.000000 -57.477730
23750.000000 -57.444782
23800.000000 -57.249187
23850.000000 -55.712345
23900.000000 -55.407349
23950.000000 -54.397446
24000.000000 -53.960205
24050.000000 -53.972710
24100.000000 -53.979401
24150.000000 -53.964039
24200.000000 -53.968872
24250.000000 -53.972843
24300.000000 -54.430538
24350.000000 -55.529743
24400.000000 -55.570637
24450.000000 -55.869904
24500.000000 -56.744736
24550.000000 -56.762974
24600.000000 -56.586823
24650.000000 -55.513046
24700.000000 -55.009792
24750.000000 -54.837440
24800.000000 -53.976749
24850.000000 -53.932148
24900.000000 -53.931885
24950.000000 -53.979202
25000.000000 -53.973507
25050.000000 -53.944550
25100.000000 -53.968407
25150.000000 -54.542664
25200.000000 -54.643936
25250.000000 -55.510990
25300.000000 -55.395016
25350.000000 -55.925690
25400.000000 -55.539825
25450.000000 -55.345005
25500.000000 -54.378414
25550.000000 -53.977478
25600.000000 -53.942833
25650.000000 -53.932278
25700.000000 -53.923782
25750.000000 -53.914505
25800.000000 -53.931488
25850.000000 -53.941513
25900.000000 -53.976948
25950.000000 -54.176651
26000.000000 -54.844246
26050.000000 -55.972683
26100.000000 -55.557911
26150.000000 -55.090000
26200.000000 -55.073597
26250.000000 -54.339024
26300.000000 -53.979137
26350.000000 -53.979401
26400.000000 -53.931030
26450.000000 -53.925495
26500.000000 -53.939007
26550.000000 -53.910164
26600.000000 -53.942963
26650.000000 -53.967281
26700.000000 -53.974895
26750.000000 -54.058887
26800.000000 -55.278027
26850.000000 -55.544888
26900.000000 -55.543221
26950.000000 -55.587288
27000.000000 -55.170650
27050.000000 -54.332535
27100.000000 -53.975361
27150.000000 -53.951153
27200.000000 -53.931820
27250.000000 -53.907467
27300.000000 -53.898205
27350.000000 -53.932213
27400.000000 -53.945869
27450.000000 -53.951942
27500.000000 -53.981453
27550.000000 -54.297474
27600.000000 -54.965889
27650.000000 -56.005234
27700.000000 -55.465420
27750.000000 -55.542744
27800.000000 -54.914883
27850.000000 -54.572338
27900.000000 -53.971851
27950.000000 -53.961330
28000.000000 -53.927998
28050.000000 -53.934456
28100.000000 -53.945141
28150.000000 -53.925625
28200.000000 -53.928062
28250.000000 -53.972977
28300.000000 -54.014328
28350.000000 -55.151138
28400.000000 -55.856655
28450.000000 -56.597389
28500.000000 -55.456303
28550.000000 -56.027603
28600.000000 -55.644733
28650.000000 -54.535664
28700.000000 -53.974434
28750.000000 -53.968540
28800.000000 -53.922333
28850.000000 -53.960800
28900.000000 -53.947056
28950.000000 -53.925495
29000.000000 -53.940853
29050.000000 -53.968407
29100.000000 -54.225052
29150.000000 -54.657326
29200.000000 -55.523964
29250.000000 -55.648026
29300.000000 -55.311646
29350.000000 -55.800976
29400.000000 -55.136665
29450.000000 -54.505268
29500.000000 -53.977879
29550.000000 -53.967281
29600.000000 -53.927471
29650.000000 -53.943691
29700.000000 -53.935444
29750.000000 -53.920887
29800.000000 -53.932674
29850.000000 -53.968475
29900.000000 -54.506252
29950.000000 -54.608028
30000.000000 -55.707329
30050.000000 -55.704662
30100.000000 -55.664986
30150.000000 -55.132957
30200.000000 -55.203701
30250.000000 -54.724514
30300.000000 -53.968674
30350.000000 -53.963314
30400.000000 -53.925098
30450.000000 -53.933071
30500.000000 -53.937687
30550.000000 -53.946331
30600.000000 -53.964966
30650.000000 -53.974167
30700.000000 -53.975361
30750.000000 -54.370579
30800.000000 -55.913033
30850.000000 -55.202785
30900.000000 -55.680367
30950.000000 -55.711540
31000.000000 -54.819901
31050.000000 -54.169060
31100.000000 -53.971916
31150.000000 -53.949234
31200.000000 -53.940521
31250.000000 -53.924374
31300.000000 -53.968143
31350.000000 -53.931553
31400.000000 -53.941181
31450.000000 -53.977612
31500.000000 -54.108047
31550.000000 -55.169285
31600.000000 -55.151215
31650.000000 -55.464790
31700.000000 -56.090668
31750.000000 -55.018154
31800.000000 -54.952156
31850.000000 -54.531075
31900.000000 -54.062836
31950.000000 -53.955379
32000.000000 -53.929710
32050.000000 -53.919373
32100.000000 -53.940128
32150.000000 -53.925823
32200.000000 -53.938740
32250.000000 -53.958088
32300.000000 -54.169128
32350.000000 -55.260807
32400.000000 -56.226593
32450.000000 -55.853523
32500.000000 -56.145428
32550.000000 -55.874519
32600.000000 -55.169815
32650.000000 -54.315918
32700.000000 -53.975029
32750.000000 -53.949432
32800.000000 -53.919041
32850.000000 -53.966225
32900.000000 -53.950359
32950.000000 -53.911282
33000.000000 -53.936962
33050.000000 -53.977745
33100.000000 -53.984241
33150.000000 -54.964474
33200.000000 -55.471714
33250.000000 -55.894569
33300.000000 -55.651802
33350.000000 -55.633183
33400.000000 -54.858971
33450.000000 -54.065109
33500.000000 -53.969269
33550.000000 -53.958420
33600.000000 -53.918385
33650.000000 -53.948376
33700.000000 -53.932808
33750.000000 -53.953068
33800.000000 -53.947388
33850.000000 -53.971584
33900.000000 -54.276123
33950.000000 -55.036098
34000.000000 -55.715824
34050.000000 -55.235729
34100.000000 -55.682140
34150.000000 -55.559185
34200.000000 -55.840298
34250.000000 -54.807507
34300.000000 -53.976089
34350.000000 -53.958748
34400.000000 -53.930828
34450.000000 -53.942303
34500.000000 -53.951416
34550.000000 -53.927074
34600.000000 -53.960537
34650.000000 -53.973373
34700.000000 -54.288612
34750.000000 -54.853107
34800.000000 -55.279339
34850.000000 -55.715096
34900.000000 -55.912682
34950.000000 -55.148865
35000.000000 -54.982082
35050.000000 -54.357349
35100.000000 -53.977680
35150.000000 -53.955578
35200.000000 -53.940456
35250.000000 -53.944416
35300.000000 -53.922398
35350.000000 -53.919899
35400.000000 -53.979401
35450.000000 -53.977680
35500.000000 -54.228596
35550.000000 -54.926331
35600.000000 -55.311954
35650.000000 -55.251671
35700.000000 -55.456074
35750.000000 -55.164040
35800.000000 -55.040588
35850.000000 -54.099243
35900.000000 -53.975227
35950.000000 -53.933796
36000.000000 -53.904839
36050.000000 -53.972580
36100.000000 -53.939995
36150.000000 -53.915951
36200.000000 -53.972908
36250.000000 -53.979668
36300.000000 -54.684666
36350.000000 -55.145073
36400.000000 -55.025028
36450.000000 -55.657909
36500.000000 -55.460468
36550.000000 -55.425880
36600.000000 -54.807133
36650.000000 -54.067051
36700.000000 -53.976685
36750.000000 -53.956039
36800.000000 -53.960468
36850.000000 -53.971916
36900.000000 -53.926350
36950.000000 -53.951283
37000.000000 -53.964901
37050.000000 -54.020985
37100.000000 -54.754086
37150.000000 -54.964325
37200.000000 -55.006733
37250.000000 -56.617748
37300.000000 -56.174812
37350.000000 -55.498524
37400.000000 -54.881882
37450.000000 -54.437523
37500.000000 -54.052402
37550.000000 -53.961525
37600.000000 -53.902672
37650.000000 -53.935181
37700.000000 -53.908257
37750.000000 -53.922466
37800.000000 -53.964966
37850.000000 -53.979336
37900.000000 -54.797153
37950.000000 -55.185486
38000.000000 -55.568329
38050.000000 -56.637161
38100.000000 -55.706684
38150.000000 -54.583557
38200.000000 -54.748657
38250.000000 -54.511112
38300.000000 -53.965164
38350.000000 -53.939072
38400.000000 -53.921215
38450.000000 -53.961922
38500.000000 -53.918320
38550.000000 -53.943295
38600.000000 -53.970459
38650.000000 -53.970062
38700.000000 -54.687111
38750.000000 -55.783176
38800.000000 -56.231827
38850.000000 -55.781548
38900.000000 -55.495983
38950.000000 -55.190285
39000.000000 -54.625786
39050.000000 -54.024979
39100.000000 -53.953728
39150.000000 -53.951942
39200.000000 -53.944942
39250.000000 -53.978806
39300.000000 -53.941578
39350.000000 -53.925495
39400.000000 -53.946262
39450.000000 -54.193954
39500.000000 -55.196686
39550.000000 -55.592075
39600.000000 -55.047180
39650.000000 -56.702290
39700.000000 -55.210266
39750.000000 -55.331524
39800.000000 -54.979183
39850.000000 -53.976288
39900.000000 -53.969200
39950.000000 -53.934322
40000.000000 -53.910622
