0.000000 -53.964306
50.000000 -53.921215
100.000000 -53.951416
150.000000 -53.974831
200.000000 -55.018604
250.000000 -56.028191
300.000000 -56.435429
350.000000 -58.375851
400.000000 -59.376667
450.000000 -57.564110
500.000000 -56.087627
550.000000 -56.581818
600.000000 -54.731800
650.000000 -53.978939
700.000000 -53.918518
750.000000 -53.926941
800.000000 -53.935509
850.000000 -53.942898
900.000000 -53.978870
950.000000 -53.979534
1000.000000 -55.344231
1050.000000 -55.972664
1100.000000 -57.287514
1150.000000 -58.483143
1200.000000 -58.743465
1250.000000 -58.314831
1300.000000 -57.950237
1350.000000 -56.878784
1400.000000 -54.704815
1450.000000 -53.954651
1500.000000 -53.940128
1550.000000 -53.900963
1600.000000 -53.924770
1650.000000 -53.966553
1700.000000 -54.417564
1750.000000 -55.505615
1800.000000 -54.605965
1850.000000 -54.843880
1900.000000 -53.965164
1950.000000 -53.964966
2000.000000 -53.977081
2050.000000 -53.998573
2100.000000 -54.187641
2150.000000 -54.616081
2200.000000 -54.820557
2250.000000 -55.082020
2300.000000 -55.450180
2350.000000 -55.731213
2400.000000 -55.982170
2450.000000 -56.195316
2500.000000 -56.440617
2550.000000 -56.816093
2600.000000 -57.103645
2650.000000 -57.316559
2700.000000 -57.771008
2750.000000 -57.937893
2800.000000 -58.381016
2850.000000 -58.613220
2900.000000 -58.738739
2950.000000 -59.180897
3000.000000 -59.368038
3050.000000 -59.425030
3100.000000 -59.876301
3150.000000 -60.234276
3200.000000 -60.451420
3250.000000 -60.876125
3300.000000 -61.134129
3350.000000 -61.245384
3400.000000 -61.570648
3450.000000 -61.842934
3500.000000 -62.129116
3550.000000 -62.401772
3600.000000 -62.843586
3650.000000 -62.995682
3700.000000 -63.195374
3750.000000 -63.316845
3800.000000 -63.946064
3850.000000 -64.181999
3900.000000 -64.412842
3950.000000 -64.865669
4000.000000 -65.430634
4050.000000 -65.141762
4100.000000 -65.613594
4150.000000 -65.975395
4200.000000 -66.050072
4250.000000 -66.462395
4300.000000 -66.853439
4350.000000 -66.988396
4400.000000 -67.308617
4450.000000 -67.857475
4500.000000 -67.810120
4550.000000 -68.208679
4600.000000 -68.130600
4650.000000 -68.521500
4700.000000 -69.306046
4750.000000 -69.428009
4800.000000 -69.820107
4850.000000 -70.209251
4900.000000 -70.359528
4950.000000 -70.638733
5000.000000 -70.929543
5050.000000 -71.181313
5100.000000 -70.696663
5150.000000 -71.297325
5200.000000 -71.339272
5250.000000 -71.775467
5300.000000 -72.175301
5350.000000 -72.368561
5400.000000 -72.312592
5450.000000 -72.844917
5500.000000 -73.078316
5550.000000 -73.120827
5600.000000 -73.050278
5650.000000 -73.893814
5700.000000 -73.838211
5750.000000 -73.676727
5800.000000 -74.335991
5850.000000 -74.320816
5900.000000 -74.351189
5950.000000 -74.477295
6000.000000 -75.281113
6050.000000 -75.695778
6100.000000 -75.547668
6150.000000 -75.864555
6200.000000 -75.993111
6250.000000 -76.023247
6300.000000 -76.726807
6350.000000 -77.085060
6400.000000 -75.862907
6450.000000 -77.096436
6500.000000 -77.676071
6550.000000 -78.439957
6600.000000 -78.332100
6650.000000 -78.422256
6700.000000 -78.305885
6750.000000 -79.266594
6800.000000 -79.527481
6850.000000 -79.348587
6900.000000 -79.230133
6950.000000 -79.231346
7000.000000 -80.182961
7050.000000 -80.155937
7100.000000 -80.924347
7150.000000 -81.227356
7200.000000 -81.097061
7250.000000 -80.530945
7300.000000 -82.538101
7350.000000 -82.612976
7400.000000 -82.677681
7450.000000 -84.186943
7500.000000 -83.763870
7550.000000 -84.318863
7600.000000 -84.991432
7650.000000 -85.700027
7700.000000 -84.371315
7750.000000 -85.045761
7800.000000 -84.477188
7850.000000 -85.777008
7900.000000 -84.768288
7950.000000 -85.329933
8000.000000 -85.611076
8050.000000 -85.416046
8100.000000 -85.844284
8150.000000 -87.269363
8200.000000 -84.932770
8250.000000 -85.560646
8300.000000 -85.580780
8350.000000 -87.877815
8400.000000 -87.401978
8450.000000 -88.787132
8500.000000 -86.188690
8550.000000 -87.593643
8600.000000 -89.528671
8650.000000 -88.721771
8700.000000 -90.356918
8750.000000 -90.645515
8800.000000 -87.907410
8850.000000 -89.212921
8900.000000 -90.128502
8950.000000 -90.330757
9000.000000 -92.048645
9050.000000 -91.306587
9100.000000 -91.176048
9150.000000 -89.121536
9200.000000 -88.649719
9250.000000 -89.951660
9300.000000 -90.158325
9350.000000 -93.444366
9400.000000 -93.078331
9450.000000 -91.911774
9500.000000 -92.220116
9550.000000 -92.258087
9600.000000 -92.983276
9650.000000 -89.049858
9700.000000 -90.740837
9750.000000 -94.280952
9800.000000 -92.727104
9850.000000 -93.513176
9900.000000 -91.864891
9950.000000 -91.849319
10000.000000 -93.918144
10050.000000 -94.024071
10100.000000 -92.871727
10150.000000 -91.578743
10200.000000 -91.414429
10250.000000 -92.400566
10300.000000 -89.536606
10350.000000 -92.830986
10400.000000 -90.809578
10450.000000 -92.971466
10500.000000 -92.389526
10550.000000 -90.098778
10600.000000 -89.889366
10650.000000 -89.955826
10700.000000 -89.701065
10750.000000 -89.697021
10800.000000 -91.741104
10850.000000 -89.433914
10900.000000 -88.838310
10950.000000 -88.930466
11000.000000 -88.941582
11050.000000 -90.650032
11100.000000 -89.068665
11150.000000 -87.524025
11200.000000 -91.449120
11250.000000 -89.762024
11300.000000 -90.295998
11350.000000 -86.001549
11400.000000 -89.102615
11450.000000 -90.396309
11500.000000 -87.275490
11550.000000 -90.435883
11600.000000 -90.604980
11650.000000 -94.419266
11700.000000 -89.386917
11750.000000 -90.175415
11800.000000 -91.052162
11850.000000 -89.224419
11900.000000 -89.596420
11950.000000 -88.346527
12000.000000 -93.012871
12050.000000 -91.463898
12100.000000 -91.813103
12150.000000 -90.027008
12200.000000 -89.918381
12250.000000 -89.656639
12300.000000 -89.721344
12350.000000 -92.652840
12400.000000 -91.906555
12450.000000 -90.137009
12500.000000 -90.618469
12550.000000 -91.528625
12600.000000 -94.246742
12650.000000 -86.755394
12700.000000 -93.813492
12750.000000 -90.231194
12800.000000 -91.792465
12850.000000 -89.935005
12900.000000 -91.649399
12950.000000 -91.777023
13000.000000 -89.061134
13050.000000 -87.464355
13100.000000 -90.939362
13150.000000 -91.608955
13200.000000 -88.267204
13250.000000 -89.636520
13300.000000 -89.608429
13350.000000 -92.176933
13400.000000 -93.108253
13450.000000 -91.937927
13500.000000 -91.695129
13550.000000 -91.679863
13600.000000 -90.520020
13650.000000 -91.345650
13700.000000 -89.189987
13750.000000 -90.218307
13800.000000 -89.926689
13850.000000 -92.187706
13900.000000 -92.567932
13950.000000 -95.872818
14000.000000 -93.865662
14050.000000 -93.755180
14100.000000 -90.551224
14150.000000 -89.885231
14200.000000 -88.298157
14250.000000 -90.524467
14300.000000 -91.166451
14350.000000 -90.934708
14400.000000 -88.714539
14450.000000 -90.265694
14500.000000 -90.248428
14550.000000 -92.323555
14600.000000 -91.014397
14650.000000 -89.049858
14700.000000 -88.308495
14750.000000 -89.588417
14800.000000 -90.239807
14850.000000 -88.423088
14900.000000 -88.188599
14950.000000 -87.309242
15000.000000 -88.336136
15050.000000 -90.427071
15100.000000 -87.004120
15150.000000 -88.989952
15200.000000 -88.945297
15250.000000 -87.423759
15300.000000 -91.859703
15350.000000 -90.981491
15400.000000 -87.841782
15450.000000 -87.536644
15500.000000 -91.209702
15550.000000 -90.073380
15600.000000 -90.800377
15650.000000 -92.384010
15700.000000 -94.738770
15750.000000 -88.941582
15800.000000 -91.598877
15850.000000 -92.075218
15900.000000 -94.652412
15950.000000 -93.475578
16000.000000 -87.324631
16050.000000 -91.838959
16100.000000 -90.022804
16150.000000 -93.924728
16200.000000 -88.571144
16250.000000 -90.546761
16300.000000 -89.398643
16350.000000 -90.659065
16400.000000 -87.953644
16450.000000 -89.386917
16500.000000 -87.670227
16550.000000 -89.129112
16600.000000 -88.963875
16650.000000 -88.260338
16700.000000 -87.105644
16750.000000 -91.301720
16800.000000 -90.809578
16850.000000 -87.374054
16900.000000 -89.289825
16950.000000 -90.196823
17000.000000 -89.394730
17050.000000 -92.075218
17100.000000 -90.878860
17150.000000 -92.059265
17200.000000 -88.765289
17250.000000 -89.806999
17300.000000 -90.722603
17350.000000 -92.517387
17400.000000 -94.391426
17450.000000 -89.980888
17500.000000 -93.563568
17550.000000 -91.725754
17600.000000 -91.414429
17650.000000 -91.439125
17700.000000 -91.009689
17750.000000 -92.101868
17800.000000 -94.370605
17850.000000 -91.042709
17900.000000 -92.285301
17950.000000 -91.948410
18000.000000 -94.165092
18050.000000 -91.061630
18100.000000 -89.489059
18150.000000 -94.489258
18200.000000 -92.433784
18250.000000 -92.247223
18300.000000 -93.563568
18350.000000 -90.497803
18400.000000 -91.700226
18450.000000 -90.604980
18500.000000 -90.587021
18550.000000 -91.128189
18600.000000 -88.322304
18650.000000 -91.147377
18700.000000 -91.568695
18750.000000 -91.137741
18800.000000 -89.019852
18850.000000 -89.806999
18900.000000 -92.279854
18950.000000 -90.201118
19000.000000 -93.544640
19050.000000 -91.563675
19100.000000 -93.376099
19150.000000 -91.901337
19200.000000 -92.027451
19250.000000 -93.513176
19300.000000 -92.836800
19350.000000 -90.622971
19400.000000 -90.409485
19450.000000 -90.981491
19500.000000 -89.297554
19550.000000 -93.289978
19600.000000 -89.876961
19650.000000 -91.340759
19700.000000 -91.558662
19750.000000 -90.001823
19800.000000 -90.158325
19850.000000 -91.200073
19900.000000 -91.204887
19950.000000 -90.374405
20000.000000 -91.870087
20050.000000 -91.679863
20100.000000 -92.027451
20150.000000 -90.060707
20200.000000 -91.330986
20250.000000 -93.729385
20300.000000 -90.427071
20350.000000 -90.427071
20400.000000 -91.424301
20450.000000 -89.843964
20500.000000 -91.075851
20550.000000 -93.326782
20600.000000 -94.659576
20650.000000 -93.030678
20700.000000 -91.075851
20750.000000 -93.557251
20800.000000 -92.942009
20850.000000 -91.649399
20900.000000 -92.411629
20950.000000 -93.066391
21000.000000 -94.958488
21050.000000 -91.823433
21100.000000 -94.496284
21150.000000 -94.840614
21200.000000 -93.413269
21250.000000 -92.773125
21300.000000 -71.806381
21350.000000 -58.839043
21400.000000 -54.989006
21450.000000 -54.293423
21500.000000 -55.435749
21550.000000 -58.441174
21600.000000 -58.224152
21650.000000 -56.264526
21700.000000 -54.249832
21750.000000 -53.958748
21800.000000 -53.943161
21850.000000 -53.949696
21900.000000 -53.947914
21950.000000 -53.967083
22000.000000 -53.953396
22050.000000 -53.959278
22100.000000 -54.035778
22150.000000 -55.574776
22200.000000 -57.526043
22250.000000 -58.079311
22300.000000 -58.147896
22350.000000 -56.897495
22400.000000 -55.845963
22450.000000 -53.976223
22500.000000 -53.977146
22550.000000 -54.098301
22600.000000 -53.970791
22650.000000 -54.698765
22700.000000 -55.760288
22750.000000 -56.589153
22800.000000 -57.022179
22850.000000 -56.701572
22900.000000 -56.474022
22950.000000 -56.214924
23000.000000 -54.816761
23050.000000 -54.561630
23100.000000 -54.739609
23150.000000 -54.840805
23200.000000 -55.197296
23250.000000 -54.852009
23300.000000 -54.591660
23350.000000 -53.963840
23400.000000 -53.952602
23450.000000 -53.959610
23500.000000 -53.926613
23550.000000 -53.974564
23600.000000 -54.377789
23650.000000 -55.462669
23700.000000 -56.167992
23750.000000 -55.575733
23800.000000 -55.395569
23850.000000 -54.399879
23900.000000 -53.970062
23950.000000 -53.925228
24000.000000 -53.928921
24050.000000 -53.940193
24100.000000 -53.948906
24150.000000 -53.965759
24200.000000 -54.545914
24250.000000 -55.737785
24300.000000 -56.694950
24350.000000 -57.917324
24400.000000 -58.000835
24450.000000 -60.265102
24500.000000 -59.029533
24550.000000 -59.839561
24600.000000 -58.090481
24650.000000 -57.651760
24700.000000 -56.175327
24750.000000 -54.777302
24800.000000 -53.974102
24850.000000 -53.937225
24900.000000 -53.866161
24950.000000 -53.924507
25000.000000 -53.976620
25050.000000 -53.976948
25100.000000 -55.273029
25150.000000 -56.821609
25200.000000 -59.124996
25250.000000 -57.486362
25300.000000 -57.157654
25350.000000 -56.549507
25400.000000 -57.267460
25450.000000 -55.346867
25500.000000 -54.273998
25550.000000 -53.970127
25600.000000 -53.922531
25650.000000 -53.976021
25700.000000 -53.969597
25750.000000 -53.970127
25800.000000 -53.960732
25850.000000 -53.979336
25900.000000 -54.924259
25950.000000 -56.625111
26000.000000 -58.311012
26050.000000 -59.919003
26100.000000 -57.820057
26150.000000 -59.415859
26200.000000 -57.689056
26250.000000 -55.554733
26300.000000 -54.442623
26350.000000 -53.979202
26400.000000 -53.937622
26450.000000 -53.935379
26500.000000 -53.934784
26550.000000 -53.963181
26600.000000 -53.978870
26650.000000 -54.590237
26700.000000 -56.019470
26750.000000 -57.427517
26800.000000 -59.524715
26850.000000 -59.819912
26900.000000 -60.495800
26950.000000 -59.461826
27000.000000 -58.539310
27050.000000 -56.599995
27100.000000 -54.793152
27150.000000 -53.979069
27200.000000 -53.969200
27250.000000 -53.932610
27300.000000 -53.940392
27350.000000 -53.938278
27400.000000 -53.947254
27450.000000 -53.978737
27500.000000 -55.718983
27550.000000 -57.675053
27600.000000 -59.182949
27650.000000 -59.909027
27700.000000 -60.171192
27750.000000 -58.281055
27800.000000 -56.597210
27850.000000 -55.676983
27900.000000 -54.403847
27950.000000 -53.978806
28000.000000 -53.963909
28050.000000 -53.927536
28100.000000 -53.953926
28150.000000 -53.973240
28200.000000 -53.975491
28250.000000 -54.323704
28300.000000 -55.449787
28350.000000 -57.170273
28400.000000 -58.879025
28450.000000 -58.455360
28500.000000 -60.127369
28550.000000 -58.215839
28600.000000 -57.720402
28650.000000 -56.057266
28700.000000 -54.435852
28750.000000 -53.976883
28800.000000 -53.962254
28850.000000 -53.947517
28900.000000 -53.952206
28950.000000 -53.945473
29000.000000 -53.978939
29050.000000 -54.586681
29100.000000 -55.771198
29150.000000 -58.015064
29200.000000 -58.753765
29250.000000 -60.274261
29300.000000 -60.693630
29350.000000 -59.127632
29400.000000 -56.776413
29450.000000 -55.797462
29500.000000 -54.296856
29550.000000 -53.978275
29600.000000 -53.928787
29650.000000 -53.941181
29700.000000 -53.970657
29750.000000 -53.954983
29800.000000 -53.975689
29850.000000 -54.565033
29900.000000 -56.273151
29950.000000 -57.286736
30000.000000 -59.088642
30050.000000 -59.791786
30100.000000 -59.594765
30150.000000 -58.107834
30200.000000 -57.387005
30250.000000 -55.855335
30300.000000 -54.278801
30350.000000 -53.974499
30400.000000 -53.936565
30450.000000 -53.965694
30500.000000 -53.949036
30550.000000 -53.948708
30600.000000 -53.976486
30650.000000 -54.616581
30700.000000 -55.557911
30750.000000 -57.334190
30800.000000 -59.812904
30850.000000 -60.593010
30900.000000 -60.292610
30950.000000 -58.428001
31000.000000 -56.854763
31050.000000 -55.576050
31100.000000 -54.008808
31150.000000 -53.955311
31200.000000 -53.951813
31250.000000 -53.979401
31300.000000 -53.943756
31350.000000 -53.964569
31400.000000 -53.976749
31450.000000 -54.729057
31500.000000 -56.258408
31550.000000 -56.599270
31600.000000 -56.880451
31650.000000 -57.206421
31700.000000 -58.364532
31750.000000 -57.973400
31800.000000 -57.565811
31850.000000 -55.316822
31900.000000 -53.976620
31950.000000 -53.971649
32000.000000 -53.915031
32050.000000 -53.966423
32100.000000 -53.953529
32150.000000 -53.966755
32200.000000 -53.976685
32250.000000 -55.204006
32300.000000 -55.993862
32350.000000 -56.365723
32400.000000 -58.973652
32450.000000 -59.573036
32500.000000 -59.021599
32550.000000 -57.028671
32600.000000 -56.502861
32650.000000 -55.254360
32700.000000 -53.995850
32750.000000 -53.960339
32800.000000 -53.951679
32850.000000 -53.969467
32900.000000 -53.912922
32950.000000 -53.924244
33000.000000 -53.973042
33050.000000 -54.428932
33100.000000 -55.647221
33150.000000 -57.356060
33200.000000 -58.367058
33250.000000 -58.842979
33300.000000 -60.019241
33350.000000 -57.712959
33400.000000 -56.402168
33450.000000 -54.891888
33500.000000 -53.969467
33550.000000 -53.957561
33600.000000 -54.146400
33650.000000 -53.914635
33700.000000 -53.968407
33750.000000 -53.942764
33800.000000 -53.972511
33850.000000 -54.419586
33900.000000 -56.540512
33950.000000 -56.810951
34000.000000 -58.073471
34050.000000 -58.524757
34100.000000 -58.628487
34150.000000 -57.604855
34200.000000 -56.405411
34250.000000 -54.601265
34300.000000 -53.978939
34350.000000 -53.974895
34400.000000 -53.949104
34450.000000 -53.919502
34500.000000 -53.903854
34550.000000 -53.956371
34600.000000 -53.978870
34650.000000 -54.920715
34700.000000 -56.350731
34750.000000 -57.820057
34800.000000 -57.631657
34850.000000 -60.420757
34900.000000 -59.850353
34950.000000 -58.142761
35000.000000 -56.134804
35050.000000 -54.913109
35100.000000 -53.975163
35150.000000 -53.977215
35200.000000 -53.948112
35250.000000 -53.915951
35300.000000 -53.943493
35350.000000 -53.954254
35400.000000 -53.977215
35450.000000 -55.161915
35500.000000 -55.500641
35550.000000 -56.877583
35600.000000 -57.610088
35650.000000 -58.406685
35700.000000 -58.550964
35750.000000 -57.451405
35800.000000 -56.611732
35850.000000 -54.936237
35900.000000 -53.972843
35950.000000 -53.965496
36000.000000 -53.959080
36050.000000 -53.969135
36100.000000 -53.941578
36150.000000 -53.972843
36200.000000 -53.979069
36250.000000 -55.220657
36300.000000 -56.484627
36350.000000 -57.296246
36400.000000 -60.064785
36450.000000 -60.549133
36500.000000 -58.216595
36550.000000 -57.637711
36600.000000 -55.597099
36650.000000 -54.729126
36700.000000 -53.976749
36750.000000 -53.934193
36800.000000 -53.939598
36850.000000 -53.911808
36900.000000 -53.963047
36950.000000 -53.966553
37000.000000 -53.979069
37050.000000 -55.161686
37100.000000 -56.777229
37150.000000 -57.687229
37200.000000 -59.370869
37250.000000 -60.397141
37300.000000 -59.619087
37350.000000 -57.686520
37400.000000 -56.305832
37450.000000 -54.927811
37500.000000 -53.979202
37550.000000 -53.962452
37600.000000 -53.899387
37650.000000 -53.925888
37700.000000 -53.931755
37750.000000 -53.977348
37800.000000 -53.978405
37850.000000 -55.385433
37900.000000 -56.532242
37950.000000 -56.329254
38000.000000 -58.803047
38050.000000 -59.173546
38100.000000 -57.808105
38150.000000 -56.083572
38200.000000 -56.513680
38250.000000 -54.707264
38300.000000 -53.967415
38350.000000 -53.954056
38400.000000 -53.955711
38450.000000 -53.938213
38500.000000 -53.934654
38550.000000 -53.965958
38600.000000 -53.978142
38650.000000 -55.143635
38700.000000 -56.298557
38750.000000 -56.401466
38800.000000 -57.735806
38850.000000 -59.375431
38900.000000 -57.437775
38950.000000 -57.241566
39000.000000 -55.164574
39050.000000 -54.671379
39100.000000 -53.974564
39150.000000 -53.932674
39200.000000 -53.943230
39250.000000 -53.936237
39300.000000 -53.938084
39350.000000 -53.976486
39400.000000 -54.074486
39450.000000 -55.353077
39500.000000 -56.555744
39550.000000 -57.313545
39600.000000 -59.065407
39650.000000 -59.444405
39700.000000 -58.595387
39750.000000 -56.366943
39800.000000 -55.345318
39850.000000 -54.286140
39900.000000 -53.977810
39950.000000 -53.958023
40000.000000 -53.945011
