0.000000 -53.899323
50.000000 -53.916542
100.000000 -53.943096
150.000000 -53.963116
200.000000 -54.666645
250.000000 -55.340355
300.000000 -55.379120
350.000000 -56.235348
400.000000 -56.838261
450.000000 -55.884579
500.000000 -55.902504
550.000000 -55.378105
600.000000 -54.353264
650.000000 -53.979202
700.000000 -53.932674
750.000000 -53.931885
800.000000 -53.958881
850.000000 -53.917397
900.000000 -53.951481
950.000000 -53.969799
1000.000000 -54.556744
1050.000000 -55.161915
1100.000000 -55.961334
1150.000000 -55.871140
1200.000000 -56.364586
1250.000000 -55.970161
1300.000000 -54.348007
1350.000000 -53.963711
1400.000000 -53.978275
1450.000000 -53.930698
1500.000000 -53.961658
1550.000000 -54.711227
1600.000000 -54.541672
1650.000000 -54.749748
1700.000000 -53.970856
1750.000000 -53.968075
1800.000000 -53.970989
1850.000000 -54.153633
1900.000000 -54.570351
1950.000000 -54.820267
2000.000000 -55.031906
2050.000000 -55.250751
2100.000000 -55.582741
2150.000000 -55.898205
2200.000000 -55.966412
2250.000000 -56.520157
2300.000000 -56.892303
2350.000000 -56.941097
2400.000000 -57.275494
2450.000000 -57.651859
2500.000000 -57.827484
2550.000000 -57.915970
2600.000000 -58.449150
2650.000000 -58.612995
2700.000000 -58.965885
2750.000000 -58.960590
2800.000000 -59.521332
2850.000000 -59.946888
2900.000000 -60.117958
2950.000000 -60.248173
3000.000000 -60.499718
3050.000000 -60.834007
3100.000000 -61.268055
3150.000000 -61.338272
3200.000000 -61.482952
3250.000000 -62.065334
3300.000000 -62.186886
3350.000000 -62.425396
3400.000000 -62.779102
3450.000000 -63.259560
3500.000000 -63.283318
3550.000000 -63.754261
3600.000000 -64.019012
3650.000000 -64.331497
3700.000000 -64.316460
3750.000000 -64.739189
3800.000000 -65.086838
3850.000000 -65.281105
3900.000000 -65.540550
3950.000000 -65.851547
4000.000000 -66.066048
4050.000000 -66.593346
4100.000000 -66.824608
4150.000000 -67.095131
4200.000000 -67.068771
4250.000000 -67.561920
4300.000000 -68.105293
4350.000000 -68.268562
4400.000000 -68.509842
4450.000000 -68.718140
4500.000000 -69.339775
4550.000000 -69.369347
4600.000000 -69.552902
4650.000000 -70.026573
4700.000000 -69.993004
4750.000000 -70.349922
4800.000000 -70.932343
4850.000000 -71.054039
4900.000000 -71.894539
4950.000000 -71.740570
5000.000000 -71.818764
5050.000000 -72.418251
5100.000000 -72.648842
5150.000000 -72.615921
5200.000000 -73.191353
5250.000000 -73.114830
5300.000000 -73.248428
5350.000000 -74.126564
5400.000000 -74.035378
5450.000000 -74.210548
5500.000000 -74.585335
5550.000000 -74.544930
5600.000000 -74.232353
5650.000000 -75.285728
5700.000000 -75.690933
5750.000000 -76.409004
5800.000000 -76.697762
5850.000000 -76.602234
5900.000000 -76.783363
5950.000000 -76.783363
6000.000000 -76.587898
6050.000000 -78.298256
6100.000000 -77.906281
6150.000000 -77.851257
6200.000000 -78.474358
6250.000000 -78.575005
6300.000000 -78.936752
6350.000000 -80.006149
6400.000000 -79.992851
6450.000000 -80.139755
6500.000000 -80.138412
6550.000000 -80.289192
6600.000000 -80.146492
6650.000000 -80.449608
6700.000000 -81.199928
6750.000000 -80.442635
6800.000000 -80.594574
6850.000000 -81.492393
6900.000000 -80.631554
6950.000000 -80.628708
7000.000000 -81.987854
7050.000000 -82.398987
7100.000000 -82.274101
7150.000000 -83.821297
7200.000000 -83.860489
7250.000000 -83.678436
7300.000000 -84.818924
7350.000000 -84.154808
7400.000000 -84.747658
7450.000000 -85.213211
7500.000000 -83.083893
7550.000000 -84.340683
7600.000000 -84.652039
7650.000000 -86.609505
7700.000000 -85.870300
7750.000000 -85.305489
7800.000000 -85.332382
7850.000000 -86.555771
7900.000000 -86.413177
7950.000000 -86.567055
8000.000000 -86.229324
8050.000000 -87.235764
8100.000000 -87.120674
8150.000000 -86.404861
8200.000000 -86.502373
8250.000000 -86.769829
8300.000000 -86.933174
8350.000000 -87.867973
8400.000000 -88.447586
8450.000000 -86.778503
8500.000000 -87.514580
8550.000000 -87.517723
8600.000000 -86.586845
8650.000000 -87.470612
8700.000000 -91.301720
8750.000000 -85.779587
8800.000000 -89.324654
8850.000000 -88.816338
8900.000000 -89.023598
8950.000000 -90.322052
9000.000000 -88.496796
9050.000000 -84.844353
9100.000000 -86.333122
9150.000000 -90.222588
9200.000000 -89.205269
9250.000000 -88.904564
9300.000000 -90.916039
9350.000000 -89.117744
9400.000000 -93.144295
9450.000000 -91.238655
9500.000000 -89.305290
9550.000000 -90.864960
9600.000000 -89.939163
9650.000000 -91.311462
9700.000000 -93.646080
9750.000000 -91.777023
9800.000000 -89.068665
9850.000000 -90.278671
9900.000000 -91.508652
9950.000000 -90.031212
10000.000000 -91.023827
10050.000000 -93.048515
10100.000000 -90.864960
10150.000000 -89.065239
10200.000000 -88.750763
10250.000000 -94.070824
10300.000000 -90.018608
10350.000000 -90.132751
10400.000000 -87.223572
10450.000000 -88.219269
10500.000000 -90.006012
10550.000000 -88.967598
10600.000000 -93.138275
10650.000000 -90.141273
10700.000000 -89.749802
10750.000000 -90.352554
10800.000000 -90.081833
10850.000000 -89.371307
10900.000000 -88.915649
10950.000000 -88.567589
11000.000000 -94.767746
11050.000000 -91.004982
11100.000000 -91.777023
11150.000000 -91.458939
11200.000000 -89.762024
11250.000000 -94.226234
11300.000000 -90.555695
11350.000000 -91.578743
11400.000000 -94.097656
11450.000000 -91.503670
11500.000000 -92.836800
11550.000000 -93.944504
11600.000000 -92.318085
11650.000000 -93.544640
11700.000000 -90.166870
11750.000000 -93.729538
11800.000000 -92.790443
11850.000000 -90.604980
11900.000000 -90.166870
11950.000000 -96.603157
12000.000000 -89.815193
12050.000000 -94.097656
12100.000000 -88.934166
12150.000000 -89.713226
12200.000000 -88.171600
12250.000000 -90.727158
12300.000000 -92.624443
12350.000000 -89.445702
12400.000000 -91.901337
12450.000000 -91.439125
12500.000000 -90.370033
12550.000000 -92.053955
12600.000000 -92.669922
12650.000000 -95.168701
12700.000000 -92.187706
12750.000000 -90.295998
12800.000000 -90.686241
12850.000000 -91.518631
12900.000000 -91.109123
12950.000000 -90.511124
13000.000000 -89.947495
13050.000000 -94.090942
13100.000000 -91.399643
13150.000000 -90.546761
13200.000000 -89.167107
13250.000000 -91.533623
13300.000000 -91.777023
13350.000000 -92.428238
13400.000000 -94.226234
13450.000000 -90.497803
13500.000000 -91.890907
13550.000000 -91.890907
13600.000000 -91.735985
13650.000000 -88.856667
13700.000000 -91.085342
13750.000000 -92.198502
13800.000000 -89.209099
13850.000000 -89.095055
13900.000000 -88.596069
13950.000000 -89.394730
14000.000000 -89.125320
14050.000000 -89.588417
14100.000000 -88.367340
14150.000000 -89.536606
14200.000000 -92.624443
14250.000000 -95.237366
14300.000000 -92.995102
14350.000000 -90.048058
14400.000000 -91.350548
14450.000000 -90.064926
14500.000000 -95.669205
14550.000000 -90.343826
14600.000000 -90.551224
14650.000000 -93.525749
14700.000000 -89.117744
14750.000000 -90.166870
14800.000000 -90.348190
14850.000000 -93.582542
14900.000000 -92.361977
14950.000000 -93.450600
15000.000000 -91.548637
15050.000000 -91.720642
15100.000000 -91.771881
15150.000000 -93.241142
15200.000000 -92.784668
15250.000000 -92.011581
15300.000000 -87.986824
15350.000000 -90.981491
15400.000000 -91.214523
15450.000000 -91.424301
15500.000000 -91.828606
15550.000000 -92.977371
15600.000000 -92.936134
15650.000000 -92.681328
15700.000000 -91.674774
15750.000000 -91.639275
15800.000000 -94.796822
15850.000000 -91.228996
15900.000000 -90.295998
15950.000000 -95.758202
16000.000000 -91.802780
16050.000000 -95.214417
16100.000000 -89.328529
16150.000000 -93.576210
16200.000000 -92.091194
16250.000000 -90.179695
16300.000000 -93.351402
16350.000000 -92.417160
16400.000000 -90.613968
16450.000000 -90.422676
16500.000000 -92.439331
16550.000000 -93.710091
16600.000000 -92.064575
16650.000000 -89.905930
16700.000000 -89.943329
16750.000000 -91.080597
16800.000000 -92.895592
16850.000000 -88.801720
16900.000000 -89.684883
16950.000000 -93.222900
17000.000000 -91.538628
17050.000000 -89.316902
17100.000000 -93.488091
17150.000000 -90.506683
17200.000000 -95.283447
17250.000000 -93.084312
17300.000000 -92.556679
17350.000000 -92.193100
17400.000000 -89.556503
17450.000000 -89.823410
17500.000000 -90.201149
17550.000000 -95.486000
17600.000000 -91.644333
17650.000000 -89.247444
17700.000000 -88.787132
17750.000000 -93.036621
17800.000000 -91.449028
17850.000000 -92.551048
17900.000000 -93.614250
17950.000000 -91.875290
18000.000000 -94.652412
18050.000000 -93.697250
18100.000000 -95.130791
18150.000000 -93.500626
18200.000000 -91.009689
18250.000000 -91.715530
18300.000000 -96.338326
18350.000000 -90.613968
18400.000000 -90.681709
18450.000000 -91.330986
18500.000000 -91.854507
18550.000000 -91.864891
18600.000000 -95.138359
18650.000000 -91.204887
18700.000000 -93.271629
18750.000000 -93.413269
18800.000000 -93.253326
18850.000000 -90.708946
18900.000000 -90.804977
18950.000000 -92.144684
19000.000000 -92.329033
19050.000000 -91.156868
19100.000000 -90.897430
19150.000000 -93.247231
19200.000000 -90.031212
19250.000000 -92.652840
19300.000000 -92.727104
19350.000000 -92.483849
19400.000000 -90.348190
19450.000000 -93.036621
19500.000000 -91.508652
19550.000000 -97.025604
19600.000000 -92.467125
19650.000000 -91.613998
19700.000000 -95.145935
19750.000000 -92.411629
19800.000000 -92.895096
19850.000000 -93.357567
19900.000000 -93.210762
19950.000000 -92.545433
20000.000000 -92.011581
20050.000000 -92.918518
20100.000000 -95.881065
20150.000000 -92.924385
20200.000000 -91.345650
20250.000000 -92.428238
20300.000000 -93.277740
20350.000000 -91.818268
20400.000000 -91.818268
20450.000000 -94.342918
20500.000000 -89.568459
20550.000000 -94.097656
20600.000000 -93.438141
20650.000000 -92.123253
20700.000000 -93.314491
20750.000000 -92.069893
20800.000000 -93.162369
20850.000000 -89.113960
20900.000000 -96.756897
20950.000000 -93.450600
21000.000000 -91.209702
21050.000000 -88.838310
21100.000000 -93.690842
21150.000000 -90.511124
21200.000000 -89.167107
21250.000000 -71.536110
21300.000000 -59.592754
21350.000000 -54.568935
21400.000000 -53.968605
21450.000000 -54.337921
21500.000000 -55.352844
21550.000000 -54.480381
21600.000000 -55.250599
21650.000000 -55.049431
21700.000000 -55.583698
21750.000000 -57.230766
21800.000000 -58.003994
21850.000000 -58.226208
21900.000000 -56.481800
21950.000000 -54.594501
22000.000000 -53.958553
22050.000000 -53.971718
22100.000000 -53.946068
22150.000000 -53.948837
22200.000000 -54.489510
22250.000000 -54.353264
22300.000000 -55.811852
22350.000000 -55.837669
22400.000000 -54.665855
22450.000000 -53.971386
22500.000000 -54.155727
22550.000000 -55.625008
22600.000000 -57.889526
22650.000000 -59.238861
22700.000000 -59.711926
22750.000000 -60.054379
22800.000000 -63.441418
22850.000000 -61.535149
22900.000000 -60.970757
22950.000000 -60.324059
23000.000000 -61.505936
23050.000000 -57.966160
23100.000000 -57.802341
23150.000000 -56.523712
23200.000000 -54.850983
23250.000000 -53.970459
23300.000000 -53.971519
23350.000000 -53.976353
23400.000000 -53.962387
23450.000000 -53.953461
23500.000000 -54.791550
23550.000000 -54.978809
23600.000000 -56.038517
23650.000000 -57.353615
23700.000000 -56.013439
23750.000000 -55.429008
23800.000000 -55.896553
23850.000000 -55.334854
23900.000000 -54.886662
23950.000000 -53.980198
24000.000000 -53.978737
24050.000000 -53.970989
24100.000000 -53.915096
24150.000000 -53.930038
24200.000000 -53.919437
24250.000000 -53.967083
24300.000000 -53.956898
24350.000000 -54.133778
24400.000000 -54.901314
24450.000000 -55.583858
24500.000000 -55.866856
24550.000000 -55.674644
24600.000000 -54.512241
24650.000000 -54.499146
24700.000000 -53.963909
24750.000000 -53.946331
24800.000000 -53.912991
24850.000000 -53.933334
24900.000000 -53.920620
24950.000000 -53.922333
25000.000000 -53.966686
25050.000000 -53.971455
25100.000000 -53.979401
25150.000000 -55.026073
25200.000000 -55.560802
25250.000000 -55.701431
25300.000000 -56.177288
25350.000000 -56.459465
25400.000000 -56.451973
25450.000000 -54.926994
25500.000000 -53.977081
25550.000000 -53.949104
25600.000000 -53.933334
25650.000000 -53.920555
25700.000000 -53.920818
25750.000000 -53.923256
25800.000000 -53.957626
25850.000000 -53.969398
25900.000000 -55.042389
25950.000000 -56.260563
26000.000000 -56.384144
26050.000000 -57.245232
26100.000000 -57.709908
26150.000000 -57.559406
26200.000000 -56.419529
26250.000000 -55.348194
26300.000000 -54.681576
26350.000000 -53.974434
26400.000000 -53.951347
26450.000000 -53.952404
26500.000000 -54.263790
26550.000000 -53.936367
26600.000000 -53.937950
26650.000000 -53.974960
26700.000000 -54.676476
26750.000000 -55.196388
26800.000000 -56.079269
26850.000000 -56.313457
26900.000000 -57.029331
26950.000000 -56.937553
27000.000000 -56.810215
27050.000000 -54.961357
27100.000000 -54.131416
27150.000000 -53.963314
27200.000000 -53.943558
27250.000000 -53.939072
27300.000000 -53.890659
27350.000000 -53.934853
27400.000000 -53.930172
27450.000000 -53.977879
27500.000000 -54.011200
27550.000000 -55.379120
27600.000000 -56.496128
27650.000000 -56.435429
27700.000000 -56.422337
27750.000000 -56.260735
27800.000000 -55.593513
27850.000000 -54.392094
27900.000000 -53.972580
27950.000000 -53.976154
28000.000000 -53.911938
28050.000000 -53.951942
28100.000000 -53.938148
28150.000000 -53.975624
28200.000000 -53.979401
28250.000000 -53.976685
28300.000000 -54.705391
28350.000000 -54.905071
28400.000000 -55.955673
28450.000000 -56.365284
28500.000000 -56.682728
28550.000000 -56.121735
28600.000000 -55.652763
28650.000000 -55.074577
28700.000000 -54.320946
28750.000000 -53.972050
28800.000000 -53.950886
28850.000000 -53.925426
28900.000000 -53.911282
28950.000000 -53.928131
29000.000000 -53.957626
29050.000000 -53.978737
29100.000000 -54.936756
29150.000000 -55.823727
29200.000000 -56.340549
29250.000000 -57.433334
29300.000000 -57.169987
29350.000000 -57.086491
29400.000000 -55.515495
29450.000000 -55.018826
29500.000000 -54.183907
29550.000000 -53.961525
29600.000000 -53.936367
29650.000000 -53.941643
29700.000000 -53.965630
29750.000000 -53.952869
29800.000000 -53.970524
29850.000000 -53.978405
29900.000000 -54.776936
29950.000000 -55.389633
30000.000000 -56.405323
30050.000000 -56.802326
30100.000000 -57.494999
30150.000000 -57.375534
30200.000000 -55.994865
30250.000000 -55.254204
30300.000000 -54.267147
30350.000000 -53.962917
30400.000000 -53.931030
30450.000000 -53.929642
30500.000000 -53.940720
30550.000000 -53.936695
30600.000000 -53.952934
30650.000000 -53.977081
30700.000000 -54.580574
30750.000000 -54.753723
30800.000000 -56.037678
30850.000000 -56.487194
30900.000000 -56.789955
30950.000000 -55.538067
31000.000000 -55.993195
31050.000000 -54.689987
31100.000000 -53.972778
31150.000000 -53.959145
31200.000000 -53.956238
31250.000000 -53.909309
31300.000000 -53.954784
31350.000000 -53.977680
31400.000000 -53.977745
31450.000000 -53.975163
31500.000000 -55.003304
31550.000000 -55.490856
31600.000000 -56.288181
31650.000000 -57.326416
31700.000000 -57.071136
31750.000000 -55.844894
31800.000000 -55.609566
31850.000000 -54.377998
31900.000000 -53.975426
31950.000000 -53.952999
32000.000000 -53.925034
32050.000000 -53.946793
32100.000000 -53.946262
32150.000000 -53.911476
32200.000000 -53.968475
32250.000000 -54.148090
32300.000000 -54.338402
32350.000000 -55.530693
32400.000000 -56.375668
32450.000000 -56.586109
32500.000000 -56.472347
32550.000000 -55.977165
32600.000000 -55.350979
32650.000000 -54.393692
32700.000000 -53.972843
32750.000000 -53.947388
32800.000000 -53.950554
32850.000000 -53.921410
32900.000000 -53.943890
32950.000000 -53.934322
33000.000000 -53.940060
33050.000000 -53.972050
33100.000000 -55.367290
33150.000000 -55.028767
33200.000000 -56.012936
33250.000000 -56.513500
33300.000000 -56.089989
33350.000000 -55.256893
33400.000000 -55.581230
33450.000000 -54.595215
33500.000000 -53.974365
33550.000000 -53.937817
33600.000000 -53.960205
33650.000000 -53.931622
33700.000000 -53.942238
33750.000000 -53.979401
33800.000000 -53.977680
33850.000000 -53.974037
33900.000000 -55.038120
33950.000000 -55.852951
34000.000000 -56.726803
34050.000000 -57.323666
34100.000000 -57.145241
34150.000000 -56.612988
34200.000000 -55.490459
34250.000000 -54.834442
34300.000000 -53.976021
34350.000000 -53.979401
34400.000000 -53.960270
34450.000000 -53.932480
34500.000000 -53.960403
34550.000000 -53.911938
34600.000000 -53.960403
34650.000000 -54.123936
34700.000000 -54.756405
34750.000000 -56.141006
34800.000000 -55.881691
34850.000000 -57.180805
34900.000000 -57.449230
34950.000000 -56.113598
35000.000000 -55.959084
35050.000000 -54.427189
35100.000000 -53.975624
35150.000000 -53.958023
35200.000000 -53.936829
35250.000000 -53.949036
35300.000000 -53.935509
35350.000000 -53.922794
35400.000000 -53.937687
35450.000000 -54.096821
35500.000000 -54.803562
35550.000000 -55.193180
35600.000000 -56.000549
35650.000000 -56.717354
35700.000000 -56.766994
35750.000000 -56.673775
35800.000000 -55.483917
35850.000000 -54.738018
35900.000000 -53.976883
35950.000000 -53.965099
36000.000000 -53.930103
36050.000000 -53.919239
36100.000000 -53.925888
36150.000000 -53.933071
36200.000000 -53.976685
36250.000000 -54.307037
36300.000000 -54.599842
36350.000000 -55.943371
36400.000000 -56.319008
36450.000000 -56.441055
36500.000000 -56.732170
36550.000000 -56.317448
36600.000000 -55.658554
36650.000000 -54.255989
36700.000000 -53.974236
36750.000000 -53.969398
36800.000000 -53.931290
36850.000000 -53.896564
36900.000000 -53.936237
36950.000000 -53.945404
37000.000000 -53.968937
37050.000000 -53.974697
37100.000000 -55.099873
37150.000000 -56.266766
37200.000000 -56.361446
37250.000000 -57.255951
37300.000000 -56.729534
37350.000000 -55.669170
37400.000000 -55.708141
37450.000000 -54.191170
37500.000000 -53.968937
37550.000000 -53.943890
37600.000000 -53.928326
37650.000000 -53.908913
37700.000000 -53.914173
37750.000000 -53.933136
37800.000000 -53.977280
37850.000000 -54.147415
37900.000000 -55.449944
37950.000000 -56.012600
38000.000000 -56.451355
38050.000000 -57.133224
38100.000000 -55.924942
38150.000000 -56.404533
38200.000000 -55.167915
38250.000000 -54.303734
38300.000000 -53.966621
38350.000000 -53.932873
38400.000000 -53.926022
38450.000000 -53.941513
38500.000000 -53.926548
38550.000000 -53.926548
38600.000000 -53.975094
38650.000000 -53.979202
38700.000000 -55.174831
38750.000000 -55.851635
38800.000000 -56.546299
38850.000000 -56.801407
38900.000000 -56.556458
38950.000000 -55.365036
39000.000000 -55.296516
39050.000000 -53.972446
39100.000000 -53.958748
39150.000000 -53.957294
39200.000000 -53.926811
39250.000000 -54.187164
39300.000000 -53.925297
39350.000000 -53.934784
39400.000000 -53.977612
39450.000000 -54.534752
39500.000000 -55.159863
39550.000000 -56.281006
39600.000000 -58.079525
39650.000000 -56.927780
39700.000000 -56.509953
39750.000000 -56.002556
39800.000000 -55.004200
39850.000000 -54.370094
39900.000000 -53.957626
39950.000000 -53.946461
40000.000000 -53.918449
