0.000000 -53.979401
50.000000 -53.972248
100.000000 -54.487122
150.000000 -53.951679
200.000000 -54.159924
250.000000 -54.486561
300.000000 -55.208664
350.000000 -55.323242
400.000000 -54.800140
450.000000 -54.585190
500.000000 -54.218510
550.000000 -53.975956
600.000000 -54.645298
650.000000 -53.989548
700.000000 -53.959412
750.000000 -53.979401
800.000000 -53.971386
850.000000 -53.932278
900.000000 -54.749828
950.000000 -53.966160
1000.000000 -54.589951
1050.000000 -55.134697
1100.000000 -55.275337
1150.000000 -54.453884
1200.000000 -53.963245
1250.000000 -53.971649
1300.000000 -53.973373
1350.000000 -54.624287
1400.000000 -54.296787
1450.000000 -54.279964
1500.000000 -54.579720
1550.000000 -54.755825
1600.000000 -55.022186
1650.000000 -55.401646
1700.000000 -55.738110
1750.000000 -55.872787
1800.000000 -56.110970
1850.000000 -56.431206
1900.000000 -56.759232
1950.000000 -57.120182
2000.000000 -57.247837
2050.000000 -57.685810
2100.000000 -57.825214
2150.000000 -58.327503
2200.000000 -58.467907
2250.000000 -58.909706
2300.000000 -59.122360
2350.000000 -59.376049
2400.000000 -59.820427
2450.000000 -59.935036
2500.000000 -60.385220
2550.000000 -60.528259
2600.000000 -60.812439
2650.000000 -61.163929
2700.000000 -61.486729
2750.000000 -61.812183
2800.000000 -62.114391
2850.000000 -62.342213
2900.000000 -62.356106
2950.000000 -62.916332
3000.000000 -63.295906
3050.000000 -63.477936
3100.000000 -63.430199
3150.000000 -63.861927
3200.000000 -64.248970
3250.000000 -64.395462
3300.000000 -64.933929
3350.000000 -65.196075
3400.000000 -65.169838
3450.000000 -65.607529
3500.000000 -65.994400
3550.000000 -66.127823
3600.000000 -66.547028
3650.000000 -66.884125
3700.000000 -66.759712
3750.000000 -67.378380
3800.000000 -67.629608
3850.000000 -67.746834
3900.000000 -68.146500
3950.000000 -68.273026
4000.000000 -68.616402
4050.000000 -68.782745
4100.000000 -69.231300
4150.000000 -69.770576
4200.000000 -69.886040
4250.000000 -69.983795
4300.000000 -70.420021
4350.000000 -70.556122
4400.000000 -70.686226
4450.000000 -71.101967
4500.000000 -71.454460
4550.000000 -70.987572
4600.000000 -71.521614
4650.000000 -71.788490
4700.000000 -71.785240
4750.000000 -72.557777
4800.000000 -72.668190
4850.000000 -73.392784
4900.000000 -73.101044
4950.000000 -73.567337
5000.000000 -74.219398
5050.000000 -73.731293
5100.000000 -74.046722
5150.000000 -74.559792
5200.000000 -74.752495
5250.000000 -75.075706
5300.000000 -75.046432
5350.000000 -75.978081
5400.000000 -75.872787
5450.000000 -75.951431
5500.000000 -76.862427
5550.000000 -77.626511
5600.000000 -77.531235
5650.000000 -77.149727
5700.000000 -77.964798
5750.000000 -78.273232
5800.000000 -77.890671
5850.000000 -78.758018
5900.000000 -78.959061
5950.000000 -79.911133
6000.000000 -79.844482
6050.000000 -80.323509
6100.000000 -81.481384
6150.000000 -80.344170
6200.000000 -80.502808
6250.000000 -80.164032
6300.000000 -81.307106
6350.000000 -81.764153
6400.000000 -81.827713
6450.000000 -82.348465
6500.000000 -81.361191
6550.000000 -81.747932
6600.000000 -82.470909
6650.000000 -82.334587
6700.000000 -82.808540
6750.000000 -84.118530
6800.000000 -83.981209
6850.000000 -84.624908
6900.000000 -84.277557
6950.000000 -85.383965
7000.000000 -87.123688
7050.000000 -83.739380
7100.000000 -85.201149
7150.000000 -85.852081
7200.000000 -85.119522
7250.000000 -86.355141
7300.000000 -85.764137
7350.000000 -85.880722
7400.000000 -86.175186
7450.000000 -84.615883
7500.000000 -86.167099
7550.000000 -88.525047
7600.000000 -87.099640
7650.000000 -85.904228
7700.000000 -86.729469
7750.000000 -87.881096
7800.000000 -87.199257
7850.000000 -88.023468
7900.000000 -87.590462
7950.000000 -86.986328
8000.000000 -87.084648
8050.000000 -88.447586
8100.000000 -88.284386
8150.000000 -88.063614
8200.000000 -87.731339
8250.000000 -87.190147
8300.000000 -88.381241
8350.000000 -88.339600
8400.000000 -86.538879
8450.000000 -88.374290
8500.000000 -88.535660
8550.000000 -88.539200
8600.000000 -85.157837
8650.000000 -88.937874
8700.000000 -88.127571
8750.000000 -88.040176
8800.000000 -89.110176
8850.000000 -87.907410
8900.000000 -88.739876
8950.000000 -90.573578
9000.000000 -88.053558
9050.000000 -87.734566
9100.000000 -90.916039
9150.000000 -90.287331
9200.000000 -85.317703
9250.000000 -85.317703
9300.000000 -89.848083
9350.000000 -89.697021
9400.000000 -90.622971
9450.000000 -91.321236
9500.000000 -90.248428
9550.000000 -88.458107
9600.000000 -87.718437
9650.000000 -90.791191
9700.000000 -92.182320
9750.000000 -92.048645
9800.000000 -91.583771
9850.000000 -89.426064
9900.000000 -91.583771
9950.000000 -90.339470
10000.000000 -90.309013
10050.000000 -89.592415
10100.000000 -89.864571
10150.000000 -90.056488
10200.000000 -91.434181
10250.000000 -90.001823
10300.000000 -95.701462
10350.000000 -90.431480
10400.000000 -92.022156
10450.000000 -92.865921
10500.000000 -91.690041
10550.000000 -91.360344
10600.000000 -90.533379
10650.000000 -92.048645
10700.000000 -92.630119
10750.000000 -92.848427
10800.000000 -93.755180
10850.000000 -95.815323
10900.000000 -93.710091
10950.000000 -91.033264
11000.000000 -90.462364
11050.000000 -92.053955
11100.000000 -90.604980
11150.000000 -92.203896
11200.000000 -91.958908
11250.000000 -90.052269
11300.000000 -91.588806
11350.000000 -92.681328
11400.000000 -95.839920
11450.000000 -93.781052
11500.000000 -90.713501
11550.000000 -90.745407
11600.000000 -92.225533
11650.000000 -91.705322
11700.000000 -91.498688
11750.000000 -90.111504
11800.000000 -89.600418
11850.000000 -89.057373
11900.000000 -90.953377
11950.000000 -90.659065
12000.000000 -91.756477
12050.000000 -90.782021
12100.000000 -90.708946
12150.000000 -90.365662
12200.000000 -94.030739
12250.000000 -92.652840
12300.000000 -92.101868
12350.000000 -93.060432
12400.000000 -91.782173
12450.000000 -91.200073
12500.000000 -90.925362
12550.000000 -92.942009
12600.000000 -92.738586
12650.000000 -92.220116
12700.000000 -90.925362
12750.000000 -92.495010
12800.000000 -91.128189
12850.000000 -89.648582
12900.000000 -92.607452
12950.000000 -91.813103
13000.000000 -91.399643
13050.000000 -90.261375
13100.000000 -90.878860
13150.000000 -91.715530
13200.000000 -93.425697
13250.000000 -93.839539
13300.000000 -93.210762
13350.000000 -92.607452
13400.000000 -90.814178
13450.000000 -94.010757
13500.000000 -91.335869
13550.000000 -90.704399
13600.000000 -92.959671
13650.000000 -92.428238
13700.000000 -93.054474
13750.000000 -93.114250
13800.000000 -93.911568
13850.000000 -92.965569
13900.000000 -95.115669
13950.000000 -93.314491
14000.000000 -93.012871
14050.000000 -92.971466
14100.000000 -91.414429
14150.000000 -96.286308
14200.000000 -95.798965
14250.000000 -91.518631
14300.000000 -95.345268
14350.000000 -92.727104
14400.000000 -91.444077
14450.000000 -95.161110
14500.000000 -90.595993
14550.000000 -93.652458
14600.000000 -91.335869
14650.000000 -94.138054
14700.000000 -91.588806
14750.000000 -92.727104
14800.000000 -91.725754
14850.000000 -93.198639
14900.000000 -93.607903
14950.000000 -91.813103
15000.000000 -91.414429
15050.000000 -92.144684
15100.000000 -91.533623
15150.000000 -90.695320
15200.000000 -94.294685
15250.000000 -91.439125
15300.000000 -93.931313
15350.000000 -92.825188
15400.000000 -93.283859
15450.000000 -94.185425
15500.000000 -93.525749
15550.000000 -92.825188
15600.000000 -88.560486
15650.000000 -94.104378
15700.000000 -92.721367
15750.000000 -91.917000
15800.000000 -94.760490
15850.000000 -94.233055
15900.000000 -96.711395
15950.000000 -92.307144
16000.000000 -91.350548
16050.000000 -92.900940
16100.000000 -93.168404
16150.000000 -92.193100
16200.000000 -94.419266
16250.000000 -91.608955
16300.000000 -90.365662
16350.000000 -91.296852
16400.000000 -94.609550
16450.000000 -92.860069
16500.000000 -89.782433
16550.000000 -93.774574
16600.000000 -93.018799
16650.000000 -93.794014
16700.000000 -93.345238
16750.000000 -94.004112
16800.000000 -91.340759
16850.000000 -90.804977
16900.000000 -94.322212
16950.000000 -89.235924
17000.000000 -90.727158
17050.000000 -89.235924
17100.000000 -88.834648
17150.000000 -90.659065
17200.000000 -91.238655
17250.000000 -90.851082
17300.000000 -91.503670
17350.000000 -91.272560
17400.000000 -95.003105
17450.000000 -89.872833
17500.000000 -94.482231
17550.000000 -93.550941
17600.000000 -90.902245
17650.000000 -90.551224
17700.000000 -93.210762
17750.000000 -94.951073
17800.000000 -93.494362
17850.000000 -95.115669
17900.000000 -94.050758
17950.000000 -92.883400
18000.000000 -93.716515
18050.000000 -96.183212
18100.000000 -93.748726
18150.000000 -93.090286
18200.000000 -95.018036
18250.000000 -91.948410
18300.000000 -93.096275
18350.000000 -91.200073
18400.000000 -88.525047
18450.000000 -93.102264
18500.000000 -89.406471
18550.000000 -93.710091
18600.000000 -92.285301
18650.000000 -89.798798
18700.000000 -92.011581
18750.000000 -92.773125
18800.000000 -89.282104
18850.000000 -91.037979
18900.000000 -91.075905
18950.000000 -93.911568
19000.000000 -91.573715
19050.000000 -93.265526
19100.000000 -92.301682
19150.000000 -93.024734
19200.000000 -94.433220
19250.000000 -91.639275
19300.000000 -93.774597
19350.000000 -90.378784
19400.000000 -91.558662
19450.000000 -89.496971
19500.000000 -93.519463
19550.000000 -89.019852
19600.000000 -90.533379
19650.000000 -90.668114
19700.000000 -91.995750
19750.000000 -94.789543
19800.000000 -92.750084
19850.000000 -90.564629
19900.000000 -90.695320
19950.000000 -90.902077
20000.000000 -90.119995
20050.000000 -90.718048
20100.000000 -89.806999
20150.000000 -87.789635
20200.000000 -91.613998
20250.000000 -91.838959
20300.000000 -91.553650
20350.000000 -91.037979
20400.000000 -90.427071
20450.000000 -89.046097
20500.000000 -90.048058
20550.000000 -90.551224
20600.000000 -91.583771
20650.000000 -90.132751
20700.000000 -93.806999
20750.000000 -94.398376
20800.000000 -92.784668
20850.000000 -93.626968
20900.000000 -92.400566
20950.000000 -92.556679
21000.000000 -92.635796
21050.000000 -94.138054
21100.000000 -92.607452
21150.000000 -72.146294
21200.000000 -60.063850
21250.000000 -55.314350
21300.000000 -53.966091
21350.000000 -53.916412
21400.000000 -53.909832
21450.000000 -53.972511
21500.000000 -53.965828
21550.000000 -54.337299
21600.000000 -54.989449
21650.000000 -54.388271
21700.000000 -55.268494
21750.000000 -56.228649
21800.000000 -54.815666
21850.000000 -53.978142
21900.000000 -53.959347
21950.000000 -55.115490
22000.000000 -57.190968
22050.000000 -58.704990
22100.000000 -56.148491
22150.000000 -54.447098
22200.000000 -53.960865
22250.000000 -53.946068
22300.000000 -53.924835
22350.000000 -53.913448
22400.000000 -53.941643
22450.000000 -53.949497
22500.000000 -53.945011
22550.000000 -53.945671
22600.000000 -53.910622
22650.000000 -53.933662
22700.000000 -53.960934
22750.000000 -53.975029
22800.000000 -53.975029
22850.000000 -54.636288
22900.000000 -55.339966
22950.000000 -55.039467
23000.000000 -54.324741
23050.000000 -53.975029
23100.000000 -53.969334
23150.000000 -53.945011
23200.000000 -53.931622
23250.000000 -53.879841
23300.000000 -53.904510
23350.000000 -53.954983
23400.000000 -53.934784
23450.000000 -53.934456
23500.000000 -53.925888
23550.000000 -53.932148
23600.000000 -53.944088
23650.000000 -53.965431
23700.000000 -56.051884
23750.000000 -58.507999
23800.000000 -55.702724
23850.000000 -54.293079
23900.000000 -53.970924
23950.000000 -53.964108
24000.000000 -53.954323
24050.000000 -53.979401
24100.000000 -53.924900
24150.000000 -53.913517
24200.000000 -53.929909
24250.000000 -53.943890
24300.000000 -53.966686
24350.000000 -53.976353
24400.000000 -54.097023
24450.000000 -54.319157
24500.000000 -55.224632
24550.000000 -54.852081
24600.000000 -54.882835
24650.000000 -54.212177
24700.000000 -53.976551
24750.000000 -53.974960
24800.000000 -53.969070
24850.000000 -53.979401
24900.000000 -53.979401
24950.000000 -53.929249
25000.000000 -53.941776
25050.000000 -53.929909
25100.000000 -53.971718
25150.000000 -54.064907
25200.000000 -54.919754
25250.000000 -54.917759
25300.000000 -55.255970
25350.000000 -55.814228
25400.000000 -54.818878
25450.000000 -54.446678
25500.000000 -53.975689
25550.000000 -53.957031
25600.000000 -53.974167
25650.000000 -53.961262
25700.000000 -53.979401
25750.000000 -53.951679
25800.000000 -53.940918
25850.000000 -53.961857
25900.000000 -53.974037
25950.000000 -54.798683
26000.000000 -54.988926
26050.000000 -55.083225
26100.000000 -56.131916
26150.000000 -55.386673
26200.000000 -55.052803
26250.000000 -54.771927
26300.000000 -54.016258
26350.000000 -53.956898
26400.000000 -53.953529
26450.000000 -53.974766
26500.000000 -53.979401
26550.000000 -53.960800
26600.000000 -53.950554
26650.000000 -53.969929
26700.000000 -54.046124
26750.000000 -54.434380
26800.000000 -55.407738
26850.000000 -55.106659
26900.000000 -55.528713
26950.000000 -55.802937
27000.000000 -55.063084
27050.000000 -54.716347
27100.000000 -53.966755
27150.000000 -53.978142
27200.000000 -53.974564
27250.000000 -53.966953
27300.000000 -53.978870
27350.000000 -53.955116
27400.000000 -53.935509
27450.000000 -53.953266
27500.000000 -54.078838
27550.000000 -54.271736
27600.000000 -54.668510
27650.000000 -54.988705
27700.000000 -55.182667
27750.000000 -55.083302
27800.000000 -54.730427
27850.000000 -54.296444
27900.000000 -54.050598
27950.000000 -53.961460
28000.000000 -53.934128
28050.000000 -53.948048
28100.000000 -53.979401
28150.000000 -53.974300
28200.000000 -53.966160
28250.000000 -53.965893
28300.000000 -54.015060
28350.000000 -54.265366
28400.000000 -54.712452
28450.000000 -55.172932
28500.000000 -55.276798
28550.000000 -55.006138
28600.000000 -54.889679
28650.000000 -54.506958
28700.000000 -53.965099
28750.000000 -53.932014
28800.000000 -53.977810
28850.000000 -53.955578
28900.000000 -53.979401
28950.000000 -53.976883
29000.000000 -53.940590
29050.000000 -53.940521
29100.000000 -53.979069
29150.000000 -54.571064
29200.000000 -54.416519
29250.000000 -54.956383
29300.000000 -54.757420
29350.000000 -55.173996
29400.000000 -54.583984
29450.000000 -54.089706
29500.000000 -53.960865
29550.000000 -53.930103
29600.000000 -53.924110
29650.000000 -53.978939
29700.000000 -53.979401
29750.000000 -53.952339
29800.000000 -53.962521
29850.000000 -53.943691
29900.000000 -53.974300
29950.000000 -54.623787
30000.000000 -54.700420
30050.000000 -55.216682
30100.000000 -55.289577
30150.000000 -54.942230
30200.000000 -54.458225
30250.000000 -53.978008
30300.000000 -53.956833
30350.000000 -53.954189
30400.000000 -53.951347
30450.000000 -53.979401
30500.000000 -53.979401
30550.000000 -53.962784
30600.000000 -53.924507
30650.000000 -53.971386
30700.000000 -53.977943
30750.000000 -54.334328
30800.000000 -55.144238
30850.000000 -55.148106
30900.000000 -54.654961
30950.000000 -55.053703
31000.000000 -54.436123
31050.000000 -54.323635
31100.000000 -53.950027
31150.000000 -53.930038
31200.000000 -53.955246
31250.000000 -53.961990
31300.000000 -53.979401
31350.000000 -53.951481
31400.000000 -54.088699
31450.000000 -53.951546
31500.000000 -54.176651
31550.000000 -54.461094
31600.000000 -55.217674
31650.000000 -55.513992
31700.000000 -55.153111
31750.000000 -54.609455
31800.000000 -54.740982
31850.000000 -53.974499
31900.000000 -53.956238
31950.000000 -54.468315
32000.000000 -53.956173
32050.000000 -53.975491
32100.000000 -53.979401
32150.000000 -53.910294
32200.000000 -53.949104
32250.000000 -53.972248
32300.000000 -54.314816
32350.000000 -54.275917
32400.000000 -55.029213
32450.000000 -54.726452
32500.000000 -55.106659
32550.000000 -54.834366
32600.000000 -54.387161
32650.000000 -53.974365
32700.000000 -53.958286
32750.000000 -54.069458
32800.000000 -53.957294
32850.000000 -53.972378
32900.000000 -53.971188
32950.000000 -53.970657
33000.000000 -54.886368
33050.000000 -53.966026
33100.000000 -55.457088
33150.000000 -55.018230
33200.000000 -54.808155
33250.000000 -54.882908
33300.000000 -55.506088
33350.000000 -54.560925
33400.000000 -54.277702
33450.000000 -53.976021
33500.000000 -53.964966
33550.000000 -53.935707
33600.000000 -53.970524
33650.000000 -53.965759
33700.000000 -53.976883
33750.000000 -53.914371
33800.000000 -53.928921
33850.000000 -53.973042
33900.000000 -54.779045
33950.000000 -54.722050
34000.000000 -55.401802
34050.000000 -54.990341
34100.000000 -55.765335
34150.000000 -54.992649
34200.000000 -54.348286
34250.000000 -53.971718
34300.000000 -54.323223
34350.000000 -53.948246
34400.000000 -53.950092
34450.000000 -53.971981
34500.000000 -53.961460
34550.000000 -53.974365
34600.000000 -53.964039
34650.000000 -53.972115
34700.000000 -54.981636
34750.000000 -54.865501
34800.000000 -54.868069
34850.000000 -56.053902
34900.000000 -54.858532
34950.000000 -54.996151
35000.000000 -54.351810
35050.000000 -53.950226
35100.000000 -53.973770
35150.000000 -53.959541
35200.000000 -53.952141
35250.000000 -53.957031
35300.000000 -53.956966
35350.000000 -53.960800
35400.000000 -53.963314
35450.000000 -53.965363
35500.000000 -54.790676
35550.000000 -54.633713
35600.000000 -55.454105
35650.000000 -54.989075
35700.000000 -54.886147
35750.000000 -54.669800
35800.000000 -54.197079
35850.000000 -54.848198
35900.000000 -54.794899
35950.000000 -53.953529
36000.000000 -53.979401
36050.000000 -53.979401
36100.000000 -53.965363
36150.000000 -54.751621
36200.000000 -53.958023
36250.000000 -55.186932
36300.000000 -54.231396
36350.000000 -54.580360
36400.000000 -54.868141
36450.000000 -54.922264
36500.000000 -54.554619
36550.000000 -54.423073
36600.000000 -54.094742
36650.000000 -53.955841
36700.000000 -53.965759
36750.000000 -53.964371
36800.000000 -53.979401
36850.000000 -53.979401
36900.000000 -53.961330
36950.000000 -54.219872
37000.000000 -54.413944
37050.000000 -55.343304
37100.000000 -54.422237
37150.000000 -54.848347
37200.000000 -55.111340
37250.000000 -54.925220
37300.000000 -54.605392
37350.000000 -54.373211
37400.000000 -54.062634
37450.000000 -53.965031
37500.000000 -55.100399
37550.000000 -53.971916
37600.000000 -53.979401
37650.000000 -53.970524
37700.000000 -53.975956
37750.000000 -53.963512
37800.000000 -53.976089
37850.000000 -54.009937
37900.000000 -54.296307
37950.000000 -54.598774
38000.000000 -54.784786
38050.000000 -55.071346
38100.000000 -54.403915
38150.000000 -54.407883
38200.000000 -54.434238
38250.000000 -53.942833
38300.000000 -53.934853
38350.000000 -53.946991
38400.000000 -53.974564
38450.000000 -53.979401
38500.000000 -53.953461
38550.000000 -55.048985
38600.000000 -53.972248
38650.000000 -53.977680
38700.000000 -54.219193
38750.000000 -54.716927
38800.000000 -54.972713
38850.000000 -54.794098
38900.000000 -54.716274
38950.000000 -54.579437
39000.000000 -53.973175
39050.000000 -53.962982
39100.000000 -53.935707
39150.000000 -53.971649
39200.000000 -53.979401
39250.000000 -53.979401
39300.000000 -53.969864
39350.000000 -53.954983
39400.000000 -54.212379
39450.000000 -54.706398
39500.000000 -54.673244
39550.000000 -54.667004
39600.000000 -54.843513
39650.000000 -54.868370
39700.000000 -54.811073
39750.000000 -54.282986
39800.000000 -54.209183
39850.000000 -53.965031
39900.000000 -54.525497
39950.000000 -53.961727
40000.000000 -53.979401
