0.000000 -91.350548
50.000000 -88.886108
100.000000 -84.759117
150.000000 -81.814636
200.000000 -79.828873
250.000000 -78.693924
300.000000 -78.201820
350.000000 -76.569130
400.000000 -75.791588
450.000000 -75.136818
500.000000 -74.804077
550.000000 -74.067451
600.000000 -73.437492
650.000000 -73.330444
700.000000 -73.415733
750.000000 -72.752937
800.000000 -72.964958
850.000000 -72.997444
900.000000 -72.862961
950.000000 -72.759270
1000.000000 -73.114227
1050.000000 -73.123833
1100.000000 -73.225311
1150.000000 -73.701721
1200.000000 -74.016060
1250.000000 -74.203064
1300.000000 -74.551292
1350.000000 -75.272644
1400.000000 -75.909126
1450.000000 -76.625565
1500.000000 -77.028389
1550.000000 -78.192131
1600.000000 -79.215591
1650.000000 -79.428886
1700.000000 -80.537987
1750.000000 -79.192612
1800.000000 -81.429672
1850.000000 -81.367393
1900.000000 -80.581810
1950.000000 -80.270027
2000.000000 -79.114464
2050.000000 -78.424469
2100.000000 -78.384758
2150.000000 -77.995262
2200.000000 -77.360367
2250.000000 -76.774216
2300.000000 -76.367905
2350.000000 -76.568237
2400.000000 -76.080452
2450.000000 -76.057693
2500.000000 -75.834145
2550.000000 -75.363876
2600.000000 -74.623787
2650.000000 -75.085487
2700.000000 -75.239639
2750.000000 -74.804802
2800.000000 -75.332069
2850.000000 -75.010544
2900.000000 -75.012779
2950.000000 -74.596001
3000.000000 -75.366203
3050.000000 -75.792404
3100.000000 -75.695778
3150.000000 -75.724083
3200.000000 -75.534180
3250.000000 -75.290352
3300.000000 -75.962250
3350.000000 -76.177208
3400.000000 -75.813660
3450.000000 -76.093117
3500.000000 -76.986137
3550.000000 -76.900375
3600.000000 -76.576279
3650.000000 -77.108780
3700.000000 -76.977707
3750.000000 -77.132561
3800.000000 -77.199509
3850.000000 -77.199509
3900.000000 -77.121140
3950.000000 -77.844017
4000.000000 -77.813049
4050.000000 -78.106453
4100.000000 -77.928177
4150.000000 -77.565216
4200.000000 -77.330101
4250.000000 -76.825562
4300.000000 -76.684174
4350.000000 -76.383621
4400.000000 -75.953926
4450.000000 -76.288010
4500.000000 -76.136337
4550.000000 -75.441940
4600.000000 -75.189980
4650.000000 -75.161842
4700.000000 -75.616203
4750.000000 -75.503326
4800.000000 -76.169525
4850.000000 -75.971413
4900.000000 -75.723274
4950.000000 -75.488335
5000.000000 -76.603127
5050.000000 -76.129539
5100.000000 -76.089737
5150.000000 -76.149086
5200.000000 -76.989883
5250.000000 -77.237999
5300.000000 -77.125900
5350.000000 -76.525490
5400.000000 -76.454704
5450.000000 -77.034988
5500.000000 -77.370148
5550.000000 -77.141144
5600.000000 -77.169800
5650.000000 -76.992691
5700.000000 -76.813614
5750.000000 -76.008163
5800.000000 -76.219986
5850.000000 -77.054794
5900.000000 -77.160240
5950.000000 -77.699432
6000.000000 -76.670616
6050.000000 -76.375763
6100.000000 -77.056679
6150.000000 -77.068016
6200.000000 -76.755951
6250.000000 -76.859657
6300.000000 -76.955276
6350.000000 -77.366234
6400.000000 -76.491798
6450.000000 -76.517502
6500.000000 -76.667908
6550.000000 -76.474998
6600.000000 -76.644455
6650.000000 -76.398491
6700.000000 -76.567345
6750.000000 -76.155899
6800.000000 -76.174644
6850.000000 -75.767128
6900.000000 -76.393242
6950.000000 -76.614784
7000.000000 -76.242317
7050.000000 -76.558426
7100.000000 -76.046753
7150.000000 -76.041710
7200.000000 -76.077919
7250.000000 -75.876083
7300.000000 -75.716797
7350.000000 -75.281113
7400.000000 -75.727325
7450.000000 -75.744362
7500.000000 -75.850571
7550.000000 -76.196861
7600.000000 -76.248337
7650.000000 -76.221703
7700.000000 -75.592239
7750.000000 -76.011513
7800.000000 -76.774216
7850.000000 -76.562881
7900.000000 -76.698669
7950.000000 -77.061401
8000.000000 -76.841209
8050.000000 -76.306183
8100.000000 -76.343513
8150.000000 -76.623772
8200.000000 -76.163559
8250.000000 -76.375763
8300.000000 -76.932899
8350.000000 -76.616585
8400.000000 -76.901299
8450.000000 -76.504196
8500.000000 -76.278503
8550.000000 -76.967415
8600.000000 -76.256081
8650.000000 -76.713181
8700.000000 -77.154503
8750.000000 -76.423042
8800.000000 -75.801392
8850.000000 -76.022408
8900.000000 -75.632225
8950.000000 -75.595428
9000.000000 -75.222038
9050.000000 -75.222801
9100.000000 -75.976418
9150.000000 -75.338264
9200.000000 -75.932327
9250.000000 -75.703049
9300.000000 -75.892593
9350.000000 -75.751671
9400.000000 -75.703049
9450.000000 -75.557198
9500.000000 -76.341774
9550.000000 -76.035835
9600.000000 -75.883507
9650.000000 -76.083824
9700.000000 -75.560379
9750.000000 -76.360054
9800.000000 -75.797302
9850.000000 -76.269875
9900.000000 -76.276779
9950.000000 -76.181473
10000.000000 -75.666756
10050.000000 -76.103271
10100.000000 -76.219986
10150.000000 -75.798935
10200.000000 -76.048439
10250.000000 -75.857971
10300.000000 -76.149940
10350.000000 -75.825127
10400.000000 -76.210556
10450.000000 -76.467049
10500.000000 -76.768730
10550.000000 -76.529930
10600.000000 -76.245758
10650.000000 -76.452942
10700.000000 -76.195152
10750.000000 -75.772011
10800.000000 -76.056007
10850.000000 -75.998962
10900.000000 -75.521507
10950.000000 -75.315819
11000.000000 -75.567535
11050.000000 -75.039696
11100.000000 -75.169434
11150.000000 -75.355331
11200.000000 -74.706261
11250.000000 -74.929581
11300.000000 -75.179321
11350.000000 -75.355331
11400.000000 -74.962914
11450.000000 -75.294205
11500.000000 -75.272644
11550.000000 -74.834007
11600.000000 -75.194550
11650.000000 -75.104324
11700.000000 -74.712021
11750.000000 -74.897858
11800.000000 -74.912598
11850.000000 -75.041939
11900.000000 -75.396576
11950.000000 -75.550842
12000.000000 -74.850838
12050.000000 -75.678841
12100.000000 -76.149086
12150.000000 -76.479416
12200.000000 -76.369652
12250.000000 -76.142288
12300.000000 -76.365288
12350.000000 -76.687798
12400.000000 -75.903336
12450.000000 -76.956207
12500.000000 -76.332207
12550.000000 -76.127846
12600.000000 -76.014862
12650.000000 -76.901299
12700.000000 -76.207130
12750.000000 -76.325264
12800.000000 -76.487373
12850.000000 -75.690125
12900.000000 -75.249603
12950.000000 -75.103569
13000.000000 -75.346794
13050.000000 -75.015770
13100.000000 -75.542908
13150.000000 -75.071945
13200.000000 -75.022491
13250.000000 -74.549881
13300.000000 -74.327019
13350.000000 -74.793884
13400.000000 -74.790245
13450.000000 -75.223564
13500.000000 -74.770622
13550.000000 -74.902275
13600.000000 -75.677223
13650.000000 -75.042686
13700.000000 -75.673203
13750.000000 -75.976418
13800.000000 -76.121056
13850.000000 -76.093964
13900.000000 -75.763870
13950.000000 -76.114281
14000.000000 -75.937309
14050.000000 -75.768753
14100.000000 -75.685287
14150.000000 -76.114281
14200.000000 -75.949768
14250.000000 -75.912437
14300.000000 -75.719223
14350.000000 -76.044235
14400.000000 -75.757378
14450.000000 -75.202942
14500.000000 -75.909126
14550.000000 -76.366158
14600.000000 -75.398918
14650.000000 -75.785873
14700.000000 -76.526375
14750.000000 -76.772385
14800.000000 -76.291466
14850.000000 -76.963676
14900.000000 -75.808746
14950.000000 -76.314850
15000.000000 -76.250053
15050.000000 -76.138031
15100.000000 -76.260391
15150.000000 -76.527267
15200.000000 -75.430969
15250.000000 -75.731377
15300.000000 -75.805473
15350.000000 -74.965881
15400.000000 -75.904991
15450.000000 -75.692551
15500.000000 -75.767128
15550.000000 -75.617805
15600.000000 -74.463974
15650.000000 -74.831078
15700.000000 -74.433197
15750.000000 -74.777885
15800.000000 -74.766991
15850.000000 -75.059181
15900.000000 -74.511047
15950.000000 -75.224327
16000.000000 -74.926628
16050.000000 -75.053177
16100.000000 -74.841316
16150.000000 -75.286499
16200.000000 -75.148941
16250.000000 -75.006813
16300.000000 -75.845634
16350.000000 -75.113380
16400.000000 -75.023239
16450.000000 -75.414551
16500.000000 -75.630615
16550.000000 -75.532600
16600.000000 -75.485184
16650.000000 -74.919243
16700.000000 -75.148941
16750.000000 -75.122444
16800.000000 -75.130013
16850.000000 -75.213631
16900.000000 -75.121689
16950.000000 -75.430191
17000.000000 -75.327423
17050.000000 -75.256508
17100.000000 -74.401833
17150.000000 -74.586044
17200.000000 -74.663849
17250.000000 -74.644508
17300.000000 -74.719955
17350.000000 -75.097534
17400.000000 -74.721405
17450.000000 -74.820854
17500.000000 -74.860367
17550.000000 -74.864037
17600.000000 -74.237129
17650.000000 -74.319435
17700.000000 -74.591728
17750.000000 -74.427612
17800.000000 -74.566170
17850.000000 -74.640938
17900.000000 -74.798981
17950.000000 -75.395798
18000.000000 -74.903748
18050.000000 -74.903748
18100.000000 -74.820122
18150.000000 -75.054680
18200.000000 -75.169434
18250.000000 -74.695457
18300.000000 -74.709862
18350.000000 -74.511749
18400.000000 -75.210571
18450.000000 -74.757568
18500.000000 -74.773521
18550.000000 -75.256523
18600.000000 -75.006065
18650.000000 -75.133034
18700.000000 -75.068939
18750.000000 -75.053177
18800.000000 -75.227386
18850.000000 -75.536560
18900.000000 -75.860512
18950.000000 -75.803841
19000.000000 -75.763870
19050.000000 -75.346794
19100.000000 -75.245003
19150.000000 -74.458382
19200.000000 -74.442970
19250.000000 -74.630219
19300.000000 -74.710579
19350.000000 -74.767715
19400.000000 -74.755394
19450.000000 -74.948082
19500.000000 -74.387924
19550.000000 -74.569717
19600.000000 -74.303596
19650.000000 -75.062180
19700.000000 -74.445068
19750.000000 -74.595291
19800.000000 -74.655251
19850.000000 -74.939941
19900.000000 -74.645943
19950.000000 -74.645943
20000.000000 -74.635933
20050.000000 -74.809181
20100.000000 -74.955498
20150.000000 -75.220505
20200.000000 -75.676422
20250.000000 -75.847282
20300.000000 -76.115974
20350.000000 -76.353088
20400.000000 -75.925690
20450.000000 -76.255219
20500.000000 -77.289261
20550.000000 -77.546211
20600.000000 -78.695061
20650.000000 -78.122452
20700.000000 -78.760315
20750.000000 -79.170898
20800.000000 -79.852295
20850.000000 -80.162682
20900.000000 -80.223663
20950.000000 -81.276344
21000.000000 -80.930244
21050.000000 -81.420303
21100.000000 -81.777153
21150.000000 -82.419968
21200.000000 -81.546074
21250.000000 -82.103584
21300.000000 -82.103584
21350.000000 -82.803055
21400.000000 -81.885155
21450.000000 -83.379990
21500.000000 -83.372169
21550.000000 -83.344856
21600.000000 -82.630905
21650.000000 -84.281898
21700.000000 -84.393265
21750.000000 -85.251945
21800.000000 -85.055244
21850.000000 -85.254372
21900.000000 -86.191391
21950.000000 -86.344116
22000.000000 -87.232712
22050.000000 -87.960274
22100.000000 -85.666885
22150.000000 -85.119522
22200.000000 -87.361671
22250.000000 -86.561417
22300.000000 -86.657867
22350.000000 -86.897911
22400.000000 -88.212440
22450.000000 -87.241859
22500.000000 -86.541702
22550.000000 -86.541687
22600.000000 -89.516769
22650.000000 -90.962738
22700.000000 -89.964172
22750.000000 -87.731339
22800.000000 -88.130951
22850.000000 -87.705551
22900.000000 -87.718437
22950.000000 -87.063698
23000.000000 -85.249519
23050.000000 -89.660667
23100.000000 -89.151886
23150.000000 -88.496796
23200.000000 -89.914230
23250.000000 -91.985207
23300.000000 -90.010208
23350.000000 -92.738586
23400.000000 -92.854248
23450.000000 -93.544640
23500.000000 -90.677177
23550.000000 -92.214706
23600.000000 -94.004112
23650.000000 -92.247223
23700.000000 -92.318085
23750.000000 -92.942009
23800.000000 -90.480064
23850.000000 -90.175415
23900.000000 -92.698463
23950.000000 -93.859123
24000.000000 -92.506195
24050.000000 -90.967422
24100.000000 -90.471207
24150.000000 -92.144684
24200.000000 -91.807938
24250.000000 -88.437080
24300.000000 -91.659698
24350.000000 -89.749802
24400.000000 -88.291267
24450.000000 -91.038094
24500.000000 -90.578056
24550.000000 -90.958061
24600.000000 -90.851082
24650.000000 -91.603912
24700.000000 -91.000282
24750.000000 -91.375061
24800.000000 -88.535660
24850.000000 -93.210762
24900.000000 -91.849319
24950.000000 -93.018799
25000.000000 -91.766747
25050.000000 -88.164810
25100.000000 -91.849319
25150.000000 -88.503853
25200.000000 -91.533638
25250.000000 -89.798798
25300.000000 -89.997627
25350.000000 -90.622971
25400.000000 -93.289978
25450.000000 -91.932693
25500.000000 -95.677254
25550.000000 -90.604980
25600.000000 -91.538628
25650.000000 -95.947304
25700.000000 -95.438835
25750.000000 -91.123421
25800.000000 -90.370033
25850.000000 -92.641472
25900.000000 -92.675621
25950.000000 -90.457947
26000.000000 -89.893509
26050.000000 -85.990974
26100.000000 -88.093849
26150.000000 -92.032745
26200.000000 -87.486290
26250.000000 -87.577766
26300.000000 -91.080597
26350.000000 -89.061134
26400.000000 -89.798798
26450.000000 -91.176048
26500.000000 -87.638237
26550.000000 -89.328529
26600.000000 -89.375214
26650.000000 -90.672646
26700.000000 -88.867691
26750.000000 -94.124565
26800.000000 -89.500923
26850.000000 -92.830986
26900.000000 -90.348190
26950.000000 -92.687035
27000.000000 -93.872208
27050.000000 -89.493011
27100.000000 -92.947891
27150.000000 -93.102264
27200.000000 -94.212608
27250.000000 -95.685318
27300.000000 -96.478561
27350.000000 -93.030678
27400.000000 -88.263771
27450.000000 -93.193031
27500.000000 -88.696480
27550.000000 -90.511665
27600.000000 -92.965569
27650.000000 -91.473824
27700.000000 -90.958061
27750.000000 -90.883499
27800.000000 -92.340004
27850.000000 -94.336014
27900.000000 -90.759117
27950.000000 -93.735825
28000.000000 -91.608955
28050.000000 -91.137741
28100.000000 -92.989189
28150.000000 -90.804977
28200.000000 -91.533623
28250.000000 -90.374405
28300.000000 -92.274406
28350.000000 -92.296219
28400.000000 -90.578056
28450.000000 -93.042564
28500.000000 -89.660667
28550.000000 -92.528595
28600.000000 -96.089767
28650.000000 -90.800377
28700.000000 -95.047958
28750.000000 -91.118652
28800.000000 -92.220116
28850.000000 -94.185425
28900.000000 -91.735985
28950.000000 -92.959671
29000.000000 -95.032982
29050.000000 -92.450439
29100.000000 -91.736160
29150.000000 -90.326408
29200.000000 -94.602432
29250.000000 -93.787529
29300.000000 -93.241142
29350.000000 -95.446678
29400.000000 -91.649399
29450.000000 -91.156868
29500.000000 -89.220581
29550.000000 -92.069893
29600.000000 -91.004982
29650.000000 -87.232712
29700.000000 -89.624466
29750.000000 -89.628487
29800.000000 -90.171143
29850.000000 -91.705322
29900.000000 -91.700226
29950.000000 -90.645515
30000.000000 -91.807938
30050.000000 -92.618774
30100.000000 -90.317703
30150.000000 -89.182350
30200.000000 -89.379112
30250.000000 -90.841843
30300.000000 -90.137009
30350.000000 -89.418221
30400.000000 -88.653305
30450.000000 -90.031212
30500.000000 -88.402138
30550.000000 -90.731720
30600.000000 -89.778351
30650.000000 -91.639275
30700.000000 -92.128601
30750.000000 -92.778893
30800.000000 -89.766098
30850.000000 -88.585381
30900.000000 -91.142517
30950.000000 -88.739876
31000.000000 -89.815216
31050.000000 -87.728111
31100.000000 -90.188255
31150.000000 -89.997627
31200.000000 -89.163300
31250.000000 -89.508842
31300.000000 -91.453979
31350.000000 -91.664734
31400.000000 -92.698463
31450.000000 -93.990829
31500.000000 -95.245033
31550.000000 -95.629044
31600.000000 -93.833023
31650.000000 -93.582542
31700.000000 -93.241142
31750.000000 -92.069893
31800.000000 -90.418274
31850.000000 -93.456841
31900.000000 -93.646080
31950.000000 -93.665237
32000.000000 -91.233826
32050.000000 -89.289825
32100.000000 -91.870087
32150.000000 -90.365662
32200.000000 -90.782021
32250.000000 -89.197624
32300.000000 -92.681328
32350.000000 -92.080544
32400.000000 -87.917297
32450.000000 -91.493713
32500.000000 -89.178543
32550.000000 -89.270531
32600.000000 -89.516769
32650.000000 -93.794014
32700.000000 -92.069893
32750.000000 -91.543625
32800.000000 -92.895096
32850.000000 -93.204697
32900.000000 -91.306587
32950.000000 -93.210762
33000.000000 -89.061134
33050.000000 -90.740837
33100.000000 -90.622971
33150.000000 -90.832611
33200.000000 -90.663589
33250.000000 -92.285301
33300.000000 -91.330986
33350.000000 -90.343826
33400.000000 -89.441772
33450.000000 -89.186165
33500.000000 -94.840614
33550.000000 -92.495010
33600.000000 -93.296097
33650.000000 -95.093040
33700.000000 -90.179695
33750.000000 -92.150047
33800.000000 -95.807144
33850.000000 -92.155418
33900.000000 -91.890907
33950.000000 -89.262833
34000.000000 -91.195259
34050.000000 -93.488190
34100.000000 -91.844139
34150.000000 -90.555695
34200.000000 -93.544640
34250.000000 -90.422676
34300.000000 -89.485107
34350.000000 -93.192581
34400.000000 -93.820000
34450.000000 -88.147865
34500.000000 -91.453979
34550.000000 -92.450439
34600.000000 -90.226891
34650.000000 -89.500923
34700.000000 -92.744354
34750.000000 -89.449631
34800.000000 -93.084312
34850.000000 -90.864960
34900.000000 -92.664223
34950.000000 -90.631981
35000.000000 -92.378494
35050.000000 -91.306587
35100.000000 -89.544563
35150.000000 -90.878860
35200.000000 -89.790611
35250.000000 -89.540588
35300.000000 -91.458939
35350.000000 -90.573578
35400.000000 -87.199257
35450.000000 -91.028542
35500.000000 -89.644562
35550.000000 -89.628487
35600.000000 -88.215858
35650.000000 -87.223572
35700.000000 -89.079964
35750.000000 -88.646126
35800.000000 -88.606773
35850.000000 -89.540588
35900.000000 -89.363518
35950.000000 -91.291992
36000.000000 -89.355728
36050.000000 -90.916039
36100.000000 -87.411301
36150.000000 -90.874222
36200.000000 -90.663589
36250.000000 -87.673431
36300.000000 -89.182350
36350.000000 -90.270035
36400.000000 -87.018982
36450.000000 -87.358574
36500.000000 -89.129143
36550.000000 -86.598167
36600.000000 -88.761650
36650.000000 -89.786522
36700.000000 -87.433105
36750.000000 -88.195404
36800.000000 -85.416046
36850.000000 -86.371674
36900.000000 -87.111656
36950.000000 -86.859871
37000.000000 -89.745728
37050.000000 -89.155693
37100.000000 -89.664703
37150.000000 -90.374405
37200.000000 -90.511124
37250.000000 -91.147301
37300.000000 -92.176933
37350.000000 -89.274391
37400.000000 -92.091194
37450.000000 -89.831627
37500.000000 -91.674774
37550.000000 -89.753868
37600.000000 -90.484497
37650.000000 -93.078354
37700.000000 -90.686241
37750.000000 -94.433220
37800.000000 -92.930260
37850.000000 -95.229713
37900.000000 -96.373276
37950.000000 -90.060707
38000.000000 -90.618469
38050.000000 -94.246712
38100.000000 -92.761597
38150.000000 -90.462364
38200.000000 -91.880493
38250.000000 -92.112549
38300.000000 -94.440201
38350.000000 -95.938995
38400.000000 -89.390823
38450.000000 -92.340004
38500.000000 -92.155418
38550.000000 -90.920700
38600.000000 -91.166451
38650.000000 -88.772568
38700.000000 -93.742271
38750.000000 -89.705116
38800.000000 -91.180847
38850.000000 -90.295998
38900.000000 -89.660667
38950.000000 -87.505135
39000.000000 -88.682068
39050.000000 -91.014397
39100.000000 -88.671272
39150.000000 -87.871254
39200.000000 -90.179695
39250.000000 -88.801720
39300.000000 -89.644562
39350.000000 -93.519463
39400.000000 -92.819382
39450.000000 -91.725754
39500.000000 -91.326096
39550.000000 -89.811096
39600.000000 -92.647156
39650.000000 -87.783134
39700.000000 -90.462364
39750.000000 -89.930847
39800.000000 -88.743500
39850.000000 -88.343063
39900.000000 -88.882423
39950.000000 -91.488731
40000.000000 -90.560158
