0.000000 -84.557449
50.000000 -82.318993
100.000000 -80.387024
150.000000 -79.032265
200.000000 -77.884438
250.000000 -76.429192
300.000000 -75.839073
350.000000 -75.180847
400.000000 -74.831078
450.000000 -74.111748
500.000000 -73.053261
550.000000 -72.742012
600.000000 -72.423790
650.000000 -71.819794
700.000000 -71.643814
750.000000 -71.288567
800.000000 -71.149673
850.000000 -71.045052
900.000000 -70.846443
950.000000 -70.557907
1000.000000 -70.582970
1050.000000 -70.174973
1100.000000 -70.488914
1150.000000 -69.872810
1200.000000 -70.352539
1250.000000 -70.190384
1300.000000 -70.409027
1350.000000 -70.408150
1400.000000 -70.494675
1450.000000 -70.355598
1500.000000 -70.951027
1550.000000 -71.175072
1600.000000 -71.258476
1650.000000 -71.163559
1700.000000 -71.167877
1750.000000 -71.409973
1800.000000 -71.801208
1850.000000 -71.959938
1900.000000 -72.055527
1950.000000 -72.215233
2000.000000 -72.335045
2050.000000 -72.320251
2100.000000 -72.693298
2150.000000 -72.552155
2200.000000 -72.897415
2250.000000 -73.450577
2300.000000 -73.544617
2350.000000 -73.574295
2400.000000 -74.335991
2450.000000 -73.840172
2500.000000 -74.526558
2550.000000 -74.728622
2600.000000 -74.847176
2650.000000 -74.747421
2700.000000 -73.874146
2750.000000 -74.846443
2800.000000 -74.578232
2850.000000 -73.426918
2900.000000 -74.036713
2950.000000 -74.170486
3000.000000 -74.053406
3050.000000 -73.806976
3100.000000 -73.433136
3150.000000 -73.297913
3200.000000 -73.353233
3250.000000 -72.984436
3300.000000 -73.151497
3350.000000 -72.722496
3400.000000 -72.451530
3450.000000 -72.547661
3500.000000 -72.483826
3550.000000 -72.450974
3600.000000 -72.005226
3650.000000 -72.454872
3700.000000 -72.704735
3750.000000 -72.764458
3800.000000 -72.744888
3850.000000 -72.821106
3900.000000 -72.620461
3950.000000 -71.987297
4000.000000 -72.511208
4050.000000 -72.355362
4100.000000 -72.270576
4150.000000 -72.331757
4200.000000 -72.100250
4250.000000 -72.181763
4300.000000 -72.558907
4350.000000 -72.358658
4400.000000 -72.464882
4450.000000 -72.842010
4500.000000 -72.721924
4550.000000 -72.811249
4600.000000 -73.119629
4650.000000 -72.914978
4700.000000 -72.899170
4750.000000 -72.639175
4800.000000 -72.741440
4850.000000 -72.759270
4900.000000 -72.731102
4950.000000 -72.829811
5000.000000 -72.879875
5050.000000 -73.147888
5100.000000 -73.078911
5150.000000 -72.881042
5200.000000 -72.501137
5250.000000 -72.871124
5300.000000 -72.869957
5350.000000 -72.812408
5400.000000 -72.934937
5450.000000 -72.288010
5500.000000 -72.728806
5550.000000 -73.081299
5600.000000 -72.627258
5650.000000 -72.627258
5700.000000 -73.313248
5750.000000 -73.155716
5800.000000 -72.733971
5850.000000 -72.647705
5900.000000 -72.192543
5950.000000 -72.719627
6000.000000 -72.561722
6050.000000 -72.309311
6100.000000 -72.014732
6150.000000 -71.830139
6200.000000 -72.377373
6250.000000 -72.193619
6300.000000 -71.949966
6350.000000 -71.925873
6400.000000 -72.211449
6450.000000 -72.012619
6500.000000 -72.161850
6550.000000 -71.769295
6600.000000 -71.527603
6650.000000 -71.372589
6700.000000 -71.762619
6750.000000 -71.962570
6800.000000 -71.765190
6850.000000 -71.990456
6900.000000 -72.340530
6950.000000 -71.839455
7000.000000 -71.995728
7050.000000 -72.233643
7100.000000 -72.123230
7150.000000 -72.036964
7200.000000 -71.961517
7250.000000 -72.462097
7300.000000 -72.259155
7350.000000 -72.295105
7400.000000 -72.299477
7450.000000 -72.751213
7500.000000 -72.890976
7550.000000 -72.788689
7600.000000 -72.094376
7650.000000 -72.380692
7700.000000 -72.322990
7750.000000 -72.576370
7800.000000 -72.359207
7850.000000 -72.510086
7900.000000 -72.860634
7950.000000 -72.288559
8000.000000 -72.164536
8050.000000 -72.600647
8100.000000 -72.739716
8150.000000 -72.206039
8200.000000 -72.496109
8250.000000 -72.481041
8300.000000 -72.258606
8350.000000 -72.692726
8400.000000 -72.402763
8450.000000 -72.605736
8500.000000 -72.417145
8550.000000 -72.566223
8600.000000 -72.456535
8650.000000 -72.896828
8700.000000 -72.797356
8750.000000 -72.735695
8800.000000 -72.532501
8850.000000 -72.800255
8900.000000 -72.419914
8950.000000 -72.330658
9000.000000 -72.616493
9050.000000 -72.423233
9100.000000 -72.438202
9150.000000 -72.530258
9200.000000 -72.525772
9250.000000 -72.328468
9300.000000 -72.262413
9350.000000 -72.284737
9400.000000 -71.943153
9450.000000 -72.157013
9500.000000 -72.373520
9550.000000 -71.984657
9600.000000 -72.154861
9650.000000 -72.013153
9700.000000 -71.956268
9750.000000 -71.780090
9800.000000 -71.550621
9850.000000 -72.112534
9900.000000 -71.646347
9950.000000 -71.571190
10000.000000 -71.914894
10050.000000 -71.987823
10100.000000 -71.912277
10150.000000 -71.974663
10200.000000 -72.254807
10250.000000 -72.273300
10300.000000 -71.998894
10350.000000 -71.682388
10400.000000 -71.853973
10450.000000 -72.113068
10500.000000 -71.993622
10550.000000 -72.087982
10600.000000 -72.320251
10650.000000 -72.494995
10700.000000 -71.817215
10750.000000 -72.138229
10800.000000 -72.116272
10850.000000 -72.329567
10900.000000 -72.245575
10950.000000 -72.361412
11000.000000 -72.949638
11050.000000 -72.819366
11100.000000 -72.812988
11150.000000 -72.968498
11200.000000 -73.054451
11250.000000 -72.681877
11300.000000 -72.526894
11350.000000 -72.888641
11400.000000 -72.823425
11450.000000 -72.804298
11500.000000 -72.726509
11550.000000 -72.992714
11600.000000 -72.403862
11650.000000 -72.400551
11700.000000 -72.897415
11750.000000 -72.341080
11800.000000 -72.360855
11850.000000 -72.511208
11900.000000 -72.337242
11950.000000 -71.801208
12000.000000 -72.123230
12050.000000 -71.987297
12100.000000 -71.806053
12150.000000 -71.791420
12200.000000 -71.375534
12250.000000 -71.561653
12300.000000 -71.732895
12350.000000 -71.641281
12400.000000 -71.636215
12450.000000 -70.946815
12500.000000 -71.309494
12550.000000 -71.301216
12600.000000 -71.493690
12650.000000 -71.230423
12700.000000 -71.499168
12750.000000 -71.425766
12800.000000 -71.651917
12850.000000 -71.388313
12900.000000 -71.319740
12950.000000 -71.357872
13000.000000 -71.496178
13050.000000 -71.637733
13100.000000 -71.353958
13150.000000 -71.237671
13200.000000 -71.302681
13250.000000 -71.052620
13300.000000 -71.071564
13350.000000 -71.762115
13400.000000 -71.286621
13450.000000 -71.360817
13500.000000 -71.142502
13550.000000 -71.213058
13600.000000 -71.064926
13650.000000 -70.962723
13700.000000 -71.423790
13750.000000 -71.524109
13800.000000 -71.342697
13850.000000 -71.646347
13900.000000 -71.745178
13950.000000 -71.522110
14000.000000 -71.395195
14050.000000 -71.670692
14100.000000 -71.479271
14150.000000 -71.927963
14200.000000 -71.861755
14250.000000 -71.808434
14300.000000 -71.704285
14350.000000 -71.663078
14400.000000 -71.831177
14450.000000 -71.818245
14500.000000 -71.996254
14550.000000 -71.942627
14600.000000 -71.846191
14650.000000 -72.194160
14700.000000 -72.030075
14750.000000 -72.442093
14800.000000 -72.245033
14850.000000 -72.244484
14900.000000 -72.592171
14950.000000 -72.452644
15000.000000 -72.505051
15050.000000 -72.125908
15100.000000 -72.412712
15150.000000 -72.692162
15200.000000 -72.809517
15250.000000 -73.025307
15300.000000 -72.948463
15350.000000 -72.545975
15400.000000 -72.688156
15450.000000 -72.437653
15500.000000 -72.456535
15550.000000 -72.947289
15600.000000 -72.815308
15650.000000 -72.306580
15700.000000 -72.745461
15750.000000 -72.504494
15800.000000 -72.108795
15850.000000 -72.467110
15900.000000 -72.264046
15950.000000 -72.285828
16000.000000 -72.083183
16050.000000 -71.727776
16100.000000 -71.849304
16150.000000 -71.981499
16200.000000 -71.716537
16250.000000 -71.693077
16300.000000 -71.456444
16350.000000 -71.455452
16400.000000 -71.787811
16450.000000 -71.046944
16500.000000 -71.041275
16550.000000 -71.223671
16600.000000 -71.338295
16650.000000 -71.655975
16700.000000 -71.336342
16750.000000 -70.960381
16800.000000 -71.072037
16850.000000 -71.154457
16900.000000 -71.007317
16950.000000 -70.932343
17000.000000 -71.007317
17050.000000 -70.665382
17100.000000 -70.927673
17150.000000 -70.953362
17200.000000 -70.832596
17250.000000 -70.359085
17300.000000 -70.373077
17350.000000 -70.793480
17400.000000 -70.822914
17450.000000 -70.457932
17500.000000 -70.619354
17550.000000 -70.816002
17600.000000 -70.943542
17650.000000 -70.811859
17700.000000 -70.932343
17750.000000 -71.257507
17800.000000 -71.127220
17850.000000 -71.354446
17900.000000 -71.319252
17950.000000 -71.469833
18000.000000 -71.182266
18050.000000 -71.234291
18100.000000 -71.264297
18150.000000 -71.305115
18200.000000 -71.261871
18250.000000 -71.203423
18300.000000 -71.166916
18350.000000 -71.246857
18400.000000 -71.038437
18450.000000 -71.254120
18500.000000 -71.253639
18550.000000 -71.329987
18600.000000 -71.320709
18650.000000 -71.550125
18700.000000 -71.849304
18750.000000 -71.661552
18800.000000 -71.906532
18850.000000 -71.901840
18900.000000 -71.451981
18950.000000 -71.146805
19000.000000 -71.541107
19050.000000 -71.406525
19100.000000 -71.107674
19150.000000 -71.300728
19200.000000 -71.480263
19250.000000 -71.171234
19300.000000 -71.079155
19350.000000 -71.231392
19400.000000 -71.249283
19450.000000 -71.256058
19500.000000 -71.504150
19550.000000 -71.375046
19600.000000 -71.432190
19650.000000 -71.354935
19700.000000 -71.486229
19750.000000 -71.470329
19800.000000 -71.248314
19850.000000 -71.026169
19900.000000 -71.398643
19950.000000 -71.469337
20000.000000 -71.306572
20050.000000 -71.830139
20100.000000 -72.293465
20150.000000 -72.159164
20200.000000 -72.493317
20250.000000 -73.151497
20300.000000 -73.030655
20350.000000 -72.982071
20400.000000 -73.224701
20450.000000 -73.803078
20500.000000 -74.043388
20550.000000 -74.490639
20600.000000 -73.878731
20650.000000 -74.313232
20700.000000 -74.863304
20750.000000 -75.006813
20800.000000 -75.414536
20850.000000 -75.789955
20900.000000 -75.824303
20950.000000 -75.866203
21000.000000 -76.650764
21050.000000 -76.302719
21100.000000 -76.977707
21150.000000 -76.961815
21200.000000 -76.850426
21250.000000 -77.540215
21300.000000 -77.299934
21350.000000 -78.286278
21400.000000 -78.291725
21450.000000 -78.728203
21500.000000 -78.286278
21550.000000 -78.426682
21600.000000 -78.774117
21650.000000 -79.281227
21700.000000 -79.264160
21750.000000 -79.882317
21800.000000 -80.319389
21850.000000 -79.760277
21900.000000 -79.894096
21950.000000 -80.133026
22000.000000 -80.532349
22050.000000 -81.285561
22100.000000 -81.799950
22150.000000 -82.217461
22200.000000 -83.804855
22250.000000 -82.706589
22300.000000 -82.834221
22350.000000 -82.481483
22400.000000 -83.169380
22450.000000 -82.721085
22500.000000 -83.352654
22550.000000 -85.904228
22600.000000 -83.559822
22650.000000 -85.031555
22700.000000 -87.511429
22750.000000 -84.629425
22800.000000 -85.525520
22850.000000 -84.483849
22900.000000 -86.755394
22950.000000 -85.720490
23000.000000 -84.131317
23050.000000 -86.726593
23100.000000 -87.349319
23150.000000 -83.741417
23200.000000 -86.637917
23250.000000 -86.657867
23300.000000 -89.815193
23350.000000 -88.053558
23400.000000 -92.439331
23450.000000 -89.968346
23500.000000 -92.340004
23550.000000 -91.180847
23600.000000 -90.322052
23650.000000 -90.768272
23700.000000 -87.851593
23750.000000 -92.590492
23800.000000 -89.926689
23850.000000 -89.496971
23900.000000 -90.111504
23950.000000 -88.930466
24000.000000 -91.156868
24050.000000 -91.243492
24100.000000 -90.650032
24150.000000 -93.138275
24200.000000 -90.128502
24250.000000 -89.893509
24300.000000 -92.936134
24350.000000 -89.336296
24400.000000 -91.370155
24450.000000 -90.663589
24500.000000 -91.568695
24550.000000 -91.023827
24600.000000 -89.159492
24650.000000 -91.228996
24700.000000 -87.132713
24750.000000 -91.152084
24800.000000 -91.684952
24850.000000 -91.864891
24900.000000 -93.042564
24950.000000 -92.417160
25000.000000 -95.431000
25050.000000 -93.755180
25100.000000 -93.964333
25150.000000 -94.847931
25200.000000 -90.906731
25250.000000 -89.477211
25300.000000 -92.995102
25350.000000 -93.703667
25400.000000 -91.543625
25450.000000 -94.212608
25500.000000 -92.906799
25550.000000 -90.591507
25600.000000 -88.528580
25650.000000 -89.733521
25700.000000 -91.071106
25750.000000 -91.123421
25800.000000 -88.660484
25850.000000 -88.765289
25900.000000 -87.950333
25950.000000 -87.715210
26000.000000 -92.539818
26050.000000 -91.104362
26100.000000 -94.616684
26150.000000 -91.463898
26200.000000 -93.363739
26250.000000 -92.160789
26300.000000 -89.636520
26350.000000 -89.774261
26400.000000 -92.022156
26450.000000 -92.230949
26500.000000 -89.532639
26550.000000 -91.009689
26600.000000 -88.147865
26650.000000 -93.984200
26700.000000 -90.119995
26750.000000 -92.085869
26800.000000 -92.889244
26850.000000 -92.545433
26900.000000 -94.050758
26950.000000 -90.248428
27000.000000 -94.454193
27050.000000 -91.498688
27100.000000 -93.150314
27150.000000 -90.244118
27200.000000 -91.751373
27250.000000 -90.809578
27300.000000 -91.614037
27350.000000 -88.270638
27400.000000 -87.867973
27450.000000 -91.969421
27500.000000 -90.205406
27550.000000 -87.165924
27600.000000 -87.587288
27650.000000 -86.804573
27700.000000 -87.436226
27750.000000 -88.975044
27800.000000 -89.827515
27850.000000 -90.515572
27900.000000 -86.833633
27950.000000 -90.107262
28000.000000 -87.199257
28050.000000 -87.953644
28100.000000 -86.272881
28150.000000 -90.107262
28200.000000 -87.190147
28250.000000 -88.402138
28300.000000 -89.125320
28350.000000 -91.875290
28400.000000 -89.922539
28450.000000 -90.018608
28500.000000 -86.253799
28550.000000 -87.776642
28600.000000 -87.686264
28650.000000 -88.967598
28700.000000 -87.030884
28750.000000 -88.578255
28800.000000 -89.628487
28850.000000 -87.861412
28900.000000 -90.892784
28950.000000 -88.117439
29000.000000 -89.258980
29050.000000 -88.336136
29100.000000 -87.470612
29150.000000 -88.729004
29200.000000 -89.508842
29250.000000 -89.258980
29300.000000 -91.880493
29350.000000 -94.796822
29400.000000 -92.032745
29450.000000 -89.324654
29500.000000 -90.132751
29550.000000 -92.389526
29600.000000 -93.204697
29650.000000 -91.033264
29700.000000 -95.237366
29750.000000 -92.107208
29800.000000 -90.695320
29850.000000 -87.796135
29900.000000 -87.851685
29950.000000 -91.498688
30000.000000 -90.326408
30050.000000 -90.295998
30100.000000 -92.144684
30150.000000 -91.735985
30200.000000 -91.311462
30250.000000 -91.052162
30300.000000 -95.549286
30350.000000 -89.819305
30400.000000 -90.699860
30450.000000 -93.363739
30500.000000 -91.090096
30550.000000 -88.736252
30600.000000 -90.631981
30650.000000 -90.006012
30700.000000 -90.814178
30750.000000 -92.579208
30800.000000 -93.787529
30850.000000 -91.995750
30900.000000 -91.807938
30950.000000 -90.166870
31000.000000 -92.889244
31050.000000 -90.645515
31100.000000 -89.053612
31150.000000 -87.433105
31200.000000 -87.815666
31250.000000 -90.795807
31300.000000 -90.888138
31350.000000 -91.185646
31400.000000 -89.881096
31450.000000 -91.478790
31500.000000 -91.741104
31550.000000 -88.226105
31600.000000 -90.962738
31650.000000 -89.414299
31700.000000 -89.985069
31750.000000 -90.944031
31800.000000 -91.644333
31850.000000 -87.907410
31900.000000 -89.151886
31950.000000 -89.155693
32000.000000 -89.205269
32050.000000 -90.111504
32100.000000 -89.504883
32150.000000 -93.060432
32200.000000 -90.841843
32250.000000 -89.584427
32300.000000 -91.429237
32350.000000 -90.502235
32400.000000 -90.370033
32450.000000 -90.837227
32500.000000 -92.965569
32550.000000 -93.006943
32600.000000 -92.144684
32650.000000 -89.680847
32700.000000 -91.219345
32750.000000 -91.233826
32800.000000 -92.384010
32850.000000 -94.833298
32900.000000 -90.953377
32950.000000 -91.113884
33000.000000 -91.995789
33050.000000 -90.137009
33100.000000 -86.637917
33150.000000 -89.386917
33200.000000 -90.111504
33250.000000 -89.429985
33300.000000 -88.298157
33350.000000 -90.506683
33400.000000 -88.151253
33450.000000 -90.754547
33500.000000 -88.318848
33550.000000 -88.305046
33600.000000 -87.287743
33650.000000 -89.672768
33700.000000 -90.681709
33750.000000 -90.677177
33800.000000 -90.883499
33850.000000 -88.696480
33900.000000 -87.683052
33950.000000 -87.937210
34000.000000 -88.787132
34050.000000 -88.664078
34100.000000 -86.959709
34150.000000 -88.841980
34200.000000 -88.653305
34250.000000 -89.453568
34300.000000 -88.714539
34350.000000 -89.485107
34400.000000 -89.049858
34450.000000 -90.257057
34500.000000 -88.532120
34550.000000 -89.159492
34600.000000 -90.056488
34650.000000 -86.297470
34700.000000 -89.839851
34750.000000 -89.856323
34800.000000 -87.689476
34850.000000 -88.750763
34900.000000 -88.750763
34950.000000 -89.520782
35000.000000 -88.117439
35050.000000 -89.159492
35100.000000 -88.585381
35150.000000 -89.632500
35200.000000 -87.244911
35250.000000 -89.386917
35300.000000 -87.871254
35350.000000 -85.580780
35400.000000 -85.872902
35450.000000 -88.549904
35500.000000 -87.718437
35550.000000 -90.387543
35600.000000 -88.725388
35650.000000 -88.402138
35700.000000 -88.721771
35750.000000 -90.048058
35800.000000 -88.852989
35850.000000 -89.528671
35900.000000 -89.262833
35950.000000 -89.270531
36000.000000 -90.300331
36050.000000 -88.700089
36100.000000 -91.917000
36150.000000 -88.000130
36200.000000 -90.578056
36250.000000 -88.056908
36300.000000 -88.141098
36350.000000 -88.500328
36400.000000 -88.549835
36450.000000 -88.412605
36500.000000 -88.161423
36550.000000 -90.768272
36600.000000 -88.329224
36650.000000 -89.091278
36700.000000 -88.794426
36750.000000 -89.313026
36800.000000 -92.059265
36850.000000 -89.560486
36900.000000 -88.631798
36950.000000 -86.371674
37000.000000 -89.140495
37050.000000 -90.205406
37100.000000 -91.033264
37150.000000 -89.402557
37200.000000 -90.374405
37250.000000 -90.578056
37300.000000 -91.379974
37350.000000 -92.767357
37400.000000 -91.911774
37450.000000 -90.640999
37500.000000 -90.740837
37550.000000 -91.052162
37600.000000 -92.182320
37650.000000 -89.955826
37700.000000 -95.407532
37750.000000 -92.472702
37800.000000 -91.028542
37850.000000 -90.511124
37900.000000 -90.405090
37950.000000 -90.064926
38000.000000 -88.209038
38050.000000 -91.142517
38100.000000 -88.514442
38150.000000 -88.489754
38200.000000 -92.411629
38250.000000 -87.520874
38300.000000 -90.201118
38350.000000 -89.344063
38400.000000 -87.635040
38450.000000 -89.095055
38500.000000 -90.740837
38550.000000 -90.453529
38600.000000 -88.164810
38650.000000 -89.174728
38700.000000 -88.388199
38750.000000 -88.956444
38800.000000 -86.618019
38850.000000 -89.910080
38900.000000 -87.580940
38950.000000 -90.226891
39000.000000 -88.398651
39050.000000 -91.434181
39100.000000 -89.110176
39150.000000 -88.229515
39200.000000 -90.119995
39250.000000 -94.468201
39300.000000 -89.893509
39350.000000 -90.846481
39400.000000 -89.612434
39450.000000 -89.790611
39500.000000 -90.132751
39550.000000 -90.006012
39600.000000 -92.472702
39650.000000 -89.485107
39700.000000 -90.192543
39750.000000 -90.128502
39800.000000 -90.343826
39850.000000 -92.965569
39900.000000 -89.576431
39950.000000 -86.677856
40000.000000 -85.052872
