0.000000 -89.757942
50.000000 -88.827324
100.000000 -87.417526
150.000000 -91.195259
200.000000 -85.071861
250.000000 -82.460342
300.000000 -80.554924
350.000000 -78.283020
400.000000 -78.343040
450.000000 -77.628532
500.000000 -77.222580
550.000000 -76.063583
600.000000 -75.858795
650.000000 -75.547668
700.000000 -74.895645
750.000000 -74.282990
800.000000 -74.645943
850.000000 -74.440178
900.000000 -74.401138
950.000000 -74.201706
1000.000000 -75.007561
1050.000000 -74.641647
1100.000000 -75.126228
1150.000000 -75.873611
1200.000000 -75.619408
1250.000000 -76.475883
1300.000000 -77.221619
1350.000000 -77.615425
1400.000000 -77.745316
1450.000000 -78.218002
1500.000000 -78.485481
1550.000000 -78.737381
1600.000000 -80.114204
1650.000000 -80.010086
1700.000000 -81.705887
1750.000000 -82.407722
1800.000000 -80.921402
1850.000000 -82.634491
1900.000000 -82.299973
1950.000000 -82.845245
2000.000000 -82.130646
2050.000000 -79.692207
2100.000000 -79.174515
2150.000000 -78.267799
2200.000000 -77.623489
2250.000000 -77.305771
2300.000000 -77.225471
2350.000000 -76.300987
2400.000000 -76.339165
2450.000000 -75.688515
2500.000000 -75.977249
2550.000000 -75.962250
2600.000000 -75.254974
2650.000000 -75.374763
2700.000000 -75.326645
2750.000000 -75.304237
2800.000000 -76.275055
2850.000000 -76.120209
2900.000000 -76.156746
2950.000000 -77.318413
3000.000000 -77.399574
3050.000000 -77.570221
3100.000000 -79.940041
3150.000000 -79.651367
3200.000000 -80.445419
3250.000000 -79.998154
3300.000000 -81.287102
3350.000000 -81.365845
3400.000000 -81.130211
3450.000000 -81.047577
3500.000000 -81.163483
3550.000000 -80.522491
3600.000000 -80.487373
3650.000000 -78.622375
3700.000000 -77.995262
3750.000000 -77.294113
3800.000000 -77.670998
3850.000000 -77.397606
3900.000000 -76.925453
3950.000000 -76.739548
4000.000000 -76.915230
4050.000000 -76.628265
4100.000000 -76.977707
4150.000000 -76.805351
4200.000000 -76.719536
4250.000000 -76.707733
4300.000000 -77.101181
4350.000000 -77.132561
4400.000000 -78.946144
4450.000000 -80.324890
4500.000000 -79.973007
4550.000000 -80.389793
4600.000000 -79.501160
4650.000000 -79.484909
4700.000000 -79.019234
4750.000000 -77.869904
4800.000000 -78.550293
4850.000000 -78.058624
4900.000000 -77.772957
4950.000000 -77.627525
5000.000000 -77.471588
5050.000000 -78.346329
5100.000000 -77.586266
5150.000000 -78.212608
5200.000000 -77.885475
5250.000000 -78.034279
5300.000000 -78.198593
5350.000000 -78.129944
5400.000000 -77.893791
5450.000000 -78.983795
5500.000000 -79.867958
5550.000000 -79.046501
5600.000000 -78.284103
5650.000000 -79.164879
5700.000000 -79.001762
5750.000000 -78.284103
5800.000000 -79.435089
5850.000000 -79.647552
5900.000000 -79.671768
5950.000000 -79.292213
6000.000000 -79.090553
6050.000000 -78.688225
6100.000000 -79.643730
6150.000000 -78.457695
6200.000000 -78.855057
6250.000000 -78.271065
6300.000000 -77.856438
6350.000000 -78.511124
6400.000000 -77.942810
6450.000000 -77.772957
6500.000000 -78.001579
6550.000000 -78.520065
6600.000000 -78.588516
6650.000000 -78.889977
6700.000000 -78.337570
6750.000000 -78.275406
6800.000000 -78.250450
6850.000000 -78.633698
6900.000000 -78.663193
6950.000000 -78.593025
7000.000000 -78.697342
7050.000000 -78.990868
7100.000000 -79.456230
7150.000000 -80.248177
7200.000000 -79.628479
7250.000000 -79.116859
7300.000000 -80.494385
7350.000000 -80.578979
7400.000000 -79.624672
7450.000000 -79.974335
7500.000000 -79.701172
7550.000000 -78.869003
7600.000000 -78.100060
7650.000000 -77.250542
7700.000000 -76.861504
7750.000000 -76.806274
7800.000000 -77.262146
7850.000000 -77.624496
7900.000000 -77.378967
7950.000000 -77.594299
8000.000000 -77.551208
8050.000000 -77.608383
8100.000000 -77.875092
8150.000000 -77.875092
8200.000000 -78.182449
8250.000000 -78.575005
8300.000000 -78.964943
8350.000000 -79.144440
8400.000000 -79.850998
8450.000000 -79.451248
8500.000000 -78.922699
8550.000000 -80.082031
8600.000000 -80.405060
8650.000000 -79.911133
8700.000000 -80.316635
8750.000000 -79.248344
8800.000000 -79.909821
8850.000000 -78.571632
8900.000000 -79.259285
8950.000000 -77.927139
9000.000000 -77.604355
9050.000000 -78.162048
9100.000000 -78.471024
9150.000000 -78.093674
9200.000000 -78.312431
9250.000000 -77.936539
9300.000000 -78.083038
9350.000000 -77.776039
9400.000000 -78.493279
9450.000000 -78.156685
9500.000000 -77.631561
9550.000000 -78.415627
9600.000000 -78.667732
9650.000000 -77.851257
9700.000000 -78.670013
9750.000000 -77.797607
9800.000000 -79.182953
9850.000000 -78.607689
9900.000000 -78.928551
9950.000000 -78.568260
10000.000000 -79.390495
10050.000000 -79.127632
10100.000000 -79.225281
10150.000000 -78.534607
10200.000000 -78.248283
10250.000000 -78.074539
10300.000000 -78.114983
10350.000000 -79.236198
10400.000000 -78.993225
10450.000000 -78.921524
10500.000000 -79.805511
10550.000000 -79.139633
10600.000000 -78.238541
10650.000000 -78.205055
10700.000000 -77.717751
10750.000000 -78.544685
10800.000000 -78.882980
10850.000000 -78.499969
10900.000000 -78.624641
10950.000000 -78.746536
11000.000000 -79.013313
11050.000000 -78.413422
11100.000000 -78.833015
11150.000000 -78.739655
11200.000000 -78.383659
11250.000000 -79.088165
11300.000000 -79.646278
11350.000000 -79.404099
11400.000000 -79.057198
11450.000000 -79.407814
11500.000000 -79.532509
11550.000000 -78.902817
11600.000000 -79.292213
11650.000000 -78.498871
11700.000000 -77.460701
11750.000000 -78.855057
11800.000000 -77.585266
11850.000000 -78.246117
11900.000000 -77.797607
11950.000000 -77.705528
12000.000000 -77.323280
12050.000000 -77.934448
12100.000000 -77.856438
12150.000000 -77.739182
12200.000000 -77.485474
12250.000000 -77.243790
12300.000000 -77.928177
12350.000000 -77.499374
12400.000000 -77.530235
12450.000000 -78.068169
12500.000000 -78.559273
12550.000000 -78.827217
12600.000000 -78.451042
12650.000000 -78.772964
12700.000000 -79.042938
12750.000000 -78.997948
12800.000000 -79.757690
12850.000000 -78.245033
12900.000000 -78.221245
12950.000000 -79.088165
13000.000000 -78.647293
13050.000000 -78.721397
13100.000000 -78.923866
13150.000000 -78.856216
13200.000000 -78.202904
13250.000000 -79.264160
13300.000000 -79.705009
13350.000000 -78.755722
13400.000000 -78.555908
13450.000000 -78.555908
13500.000000 -78.399078
13550.000000 -78.133133
13600.000000 -78.312431
13650.000000 -78.081970
13700.000000 -78.132065
13750.000000 -77.140190
13800.000000 -77.617447
13850.000000 -77.502357
13900.000000 -78.400177
13950.000000 -78.015274
14000.000000 -78.663193
14050.000000 -77.845055
14100.000000 -78.410110
14150.000000 -79.140831
14200.000000 -78.219078
14250.000000 -79.456268
14300.000000 -79.238625
14350.000000 -80.026024
14400.000000 -80.139755
14450.000000 -80.309769
14500.000000 -80.153236
14550.000000 -80.040657
14600.000000 -79.657738
14650.000000 -78.967300
14700.000000 -79.245911
14750.000000 -78.540207
14800.000000 -78.349617
14850.000000 -77.620468
14900.000000 -78.194283
14950.000000 -78.324448
15000.000000 -78.258041
15050.000000 -76.942215
15100.000000 -77.013344
15150.000000 -77.744286
15200.000000 -78.517830
15250.000000 -78.305885
15300.000000 -78.305885
15350.000000 -78.441071
15400.000000 -79.023972
15450.000000 -79.316681
15500.000000 -79.478668
15550.000000 -78.758018
15600.000000 -78.649567
15650.000000 -79.415245
15700.000000 -79.364586
15750.000000 -79.639915
15800.000000 -79.211952
15850.000000 -78.344139
15900.000000 -77.466637
15950.000000 -77.837814
16000.000000 -78.207214
16050.000000 -77.485474
16100.000000 -77.972145
16150.000000 -77.665932
16200.000000 -78.150253
16250.000000 -77.356453
16300.000000 -77.555206
16350.000000 -77.996315
16400.000000 -77.806870
16450.000000 -78.050148
16500.000000 -77.639633
16550.000000 -78.437744
16600.000000 -77.978439
16650.000000 -77.511307
16700.000000 -78.334290
16750.000000 -77.820267
16800.000000 -78.955536
16850.000000 -78.265633
16900.000000 -78.359489
16950.000000 -78.498856
17000.000000 -78.907486
17050.000000 -79.142036
17100.000000 -79.102501
17150.000000 -79.589203
17200.000000 -79.001495
17250.000000 -79.203484
17300.000000 -78.597534
17350.000000 -78.512245
17400.000000 -79.048882
17450.000000 -78.122452
17500.000000 -78.566017
17550.000000 -77.939674
17600.000000 -78.539085
17650.000000 -79.305664
17700.000000 -79.497406
17750.000000 -78.588516
17800.000000 -78.310249
17850.000000 -77.422203
17900.000000 -76.916161
17950.000000 -77.164063
18000.000000 -78.094734
18050.000000 -77.533226
18100.000000 -78.188904
18150.000000 -78.395767
18200.000000 -77.674042
18250.000000 -78.625771
18300.000000 -77.860580
18350.000000 -78.814491
18400.000000 -78.997948
18450.000000 -78.833015
18500.000000 -78.787941
18550.000000 -78.618988
18600.000000 -78.934410
18650.000000 -79.899330
18700.000000 -78.844604
18750.000000 -78.656372
18800.000000 -78.576134
18850.000000 -78.882980
18900.000000 -78.768364
18950.000000 -78.666595
19000.000000 -78.786789
19050.000000 -77.852295
19100.000000 -78.274323
19150.000000 -78.031113
19200.000000 -77.869904
19250.000000 -78.304794
19300.000000 -79.065529
19350.000000 -78.459915
19400.000000 -78.143837
19450.000000 -78.341949
19500.000000 -78.004852
19550.000000 -77.692314
19600.000000 -77.662895
19650.000000 -77.402527
19700.000000 -78.434425
19750.000000 -77.951180
19800.000000 -78.126724
19850.000000 -77.614418
19900.000000 -77.629539
19950.000000 -78.337570
20000.000000 -78.792549
20050.000000 -79.201065
20100.000000 -79.330170
20150.000000 -79.527481
20200.000000 -79.228920
20250.000000 -79.025154
20300.000000 -79.974335
20350.000000 -79.170898
20400.000000 -78.663193
20450.000000 -79.574051
20500.000000 -79.264160
20550.000000 -80.161331
20600.000000 -80.665833
20650.000000 -80.542221
20700.000000 -79.916382
20750.000000 -82.093460
20800.000000 -81.656029
20850.000000 -81.439049
20900.000000 -82.562988
20950.000000 -82.620148
21000.000000 -82.236305
21050.000000 -82.451553
21100.000000 -82.928398
21150.000000 -81.938011
21200.000000 -82.117104
21250.000000 -83.716980
21300.000000 -82.303429
21350.000000 -83.246078
21400.000000 -82.859970
21450.000000 -83.019859
21500.000000 -82.554092
21550.000000 -81.406265
21600.000000 -82.561218
21650.000000 -82.294792
21700.000000 -83.370216
21750.000000 -81.738213
21800.000000 -85.029190
21850.000000 -83.434929
21900.000000 -84.000099
21950.000000 -84.586617
22000.000000 -83.480316
22050.000000 -83.500122
22100.000000 -85.951439
22150.000000 -86.918457
22200.000000 -84.593361
22250.000000 -86.204918
22300.000000 -86.164406
22350.000000 -86.959709
22400.000000 -88.000145
22450.000000 -87.175003
22500.000000 -86.939056
22550.000000 -86.798775
22600.000000 -86.804573
22650.000000 -86.134811
22700.000000 -86.883263
22750.000000 -87.168945
22800.000000 -86.697891
22850.000000 -87.013031
22900.000000 -86.393784
22950.000000 -90.851227
23000.000000 -91.335869
23050.000000 -89.897644
23100.000000 -90.677177
23150.000000 -88.458107
23200.000000 -91.311462
23250.000000 -91.399643
23300.000000 -88.388199
23350.000000 -88.202217
23400.000000 -89.947495
23450.000000 -90.537834
23500.000000 -90.488930
23550.000000 -90.081833
23600.000000 -90.864960
23650.000000 -91.613998
23700.000000 -92.361977
23750.000000 -90.035423
23800.000000 -92.085869
23850.000000 -91.548637
23900.000000 -90.823387
23950.000000 -90.995575
24000.000000 -91.277451
24050.000000 -96.848618
24100.000000 -92.439331
24150.000000 -92.721367
24200.000000 -93.162369
24250.000000 -95.376343
24300.000000 -93.363739
24350.000000 -93.400864
24400.000000 -90.502235
24450.000000 -92.836800
24500.000000 -91.262856
24550.000000 -95.470245
24600.000000 -96.364449
24650.000000 -92.709908
24700.000000 -92.796227
24750.000000 -87.779892
24800.000000 -92.778893
24850.000000 -91.746223
24900.000000 -90.883499
24950.000000 -90.791191
25000.000000 -89.023598
25050.000000 -91.761612
25100.000000 -93.800499
25150.000000 -89.827515
25200.000000 -92.263519
25250.000000 -91.267708
25300.000000 -89.910080
25350.000000 -90.466789
25400.000000 -88.535660
25450.000000 -90.435883
25500.000000 -89.516769
25550.000000 -89.309158
25600.000000 -89.905930
25650.000000 -89.947495
25700.000000 -92.241791
25750.000000 -90.948700
25800.000000 -92.048645
25850.000000 -94.097656
25900.000000 -90.387543
25950.000000 -90.814178
26000.000000 -91.365250
26050.000000 -93.614250
26100.000000 -95.637062
26150.000000 -92.641472
26200.000000 -90.587021
26250.000000 -90.627480
26300.000000 -89.433914
26350.000000 -90.827995
26400.000000 -88.660484
26450.000000 -90.158325
26500.000000 -90.274338
26550.000000 -93.369919
26600.000000 -91.147301
26650.000000 -92.461563
26700.000000 -94.531525
26750.000000 -93.614250
26800.000000 -92.345490
26850.000000 -93.289978
26900.000000 -90.201118
26950.000000 -90.855705
27000.000000 -94.588287
27050.000000 -94.024071
27100.000000 -92.590492
27150.000000 -92.307144
27200.000000 -91.880493
27250.000000 -91.684952
27300.000000 -91.849319
27350.000000 -94.280952
27400.000000 -92.607452
27450.000000 -91.705322
27500.000000 -89.588417
27550.000000 -92.101868
27600.000000 -91.195259
27650.000000 -91.654472
27700.000000 -93.018799
27750.000000 -91.287125
27800.000000 -91.000282
27850.000000 -94.419266
27900.000000 -92.517387
27950.000000 -92.048645
28000.000000 -91.629158
28050.000000 -92.027451
28100.000000 -92.971466
28150.000000 -91.782173
28200.000000 -93.048515
28250.000000 -92.043427
28300.000000 -90.073380
28350.000000 -89.972527
28400.000000 -90.128502
28450.000000 -87.721657
28500.000000 -87.615906
28550.000000 -88.370811
28600.000000 -89.344063
28650.000000 -88.130951
28700.000000 -90.800377
28750.000000 -87.536644
28800.000000 -89.042343
28850.000000 -89.672768
28900.000000 -88.539200
28950.000000 -89.072426
29000.000000 -88.256905
29050.000000 -88.747131
29100.000000 -89.806999
29150.000000 -90.444702
29200.000000 -89.544563
29250.000000 -89.860451
29300.000000 -88.232933
29350.000000 -90.396309
29400.000000 -86.569885
29450.000000 -89.235924
29500.000000 -89.344063
29550.000000 -88.250053
29600.000000 -91.838959
29650.000000 -88.451088
29700.000000 -88.926758
29750.000000 -90.043839
29800.000000 -91.233826
29850.000000 -89.023598
29900.000000 -90.809578
29950.000000 -90.400703
30000.000000 -90.791191
30050.000000 -90.356918
30100.000000 -90.356918
30150.000000 -89.709167
30200.000000 -90.218292
30250.000000 -90.098778
30300.000000 -91.613998
30350.000000 -91.463898
30400.000000 -90.440292
30450.000000 -91.085342
30500.000000 -90.672646
30550.000000 -88.336136
30600.000000 -88.603203
30650.000000 -90.031212
30700.000000 -89.285965
30750.000000 -91.228996
30800.000000 -90.595993
30850.000000 -91.588806
30900.000000 -88.852989
30950.000000 -93.036621
31000.000000 -94.104378
31050.000000 -91.870087
31100.000000 -90.690781
31150.000000 -92.395042
31200.000000 -90.309013
31250.000000 -91.558662
31300.000000 -91.690041
31350.000000 -95.252701
31400.000000 -89.985069
31450.000000 -90.573578
31500.000000 -89.889366
31550.000000 -94.995659
31600.000000 -91.679863
31650.000000 -95.701462
31700.000000 -91.995750
31750.000000 -89.572449
31800.000000 -94.602432
31850.000000 -95.963943
31900.000000 -90.073380
31950.000000 -90.533394
32000.000000 -90.252739
32050.000000 -92.043343
32100.000000 -87.867973
32150.000000 -88.664078
32200.000000 -89.516769
32250.000000 -85.723053
32300.000000 -90.754547
32350.000000 -86.974487
32400.000000 -89.201447
32450.000000 -87.244911
32500.000000 -89.457504
32550.000000 -88.402138
32600.000000 -88.860336
32650.000000 -89.383011
32700.000000 -88.402138
32750.000000 -89.390823
32800.000000 -89.293686
32850.000000 -88.137711
32900.000000 -88.475670
32950.000000 -89.520729
33000.000000 -90.804977
33050.000000 -91.238655
33100.000000 -90.322052
33150.000000 -88.692879
33200.000000 -87.539795
33250.000000 -88.046860
33300.000000 -87.923897
33350.000000 -93.308357
33400.000000 -92.080544
33450.000000 -90.006012
33500.000000 -89.309158
33550.000000 -88.567589
33600.000000 -89.802895
33650.000000 -92.641472
33700.000000 -88.468643
33750.000000 -91.664619
33800.000000 -89.835732
33850.000000 -91.741104
33900.000000 -90.791191
33950.000000 -86.530441
34000.000000 -89.636520
34050.000000 -94.124565
34100.000000 -91.033264
34150.000000 -90.841843
34200.000000 -91.171249
34250.000000 -89.741653
34300.000000 -93.997467
34350.000000 -91.424301
34400.000000 -88.181793
34450.000000 -89.316902
34500.000000 -91.543625
34550.000000 -94.077660
34600.000000 -92.534203
34650.000000 -92.556679
34700.000000 -91.917000
34750.000000 -94.104378
34800.000000 -90.677177
34850.000000 -90.818787
34900.000000 -89.091278
34950.000000 -91.608955
35000.000000 -91.674774
35050.000000 -95.669205
35100.000000 -93.024734
35150.000000 -91.746223
35200.000000 -94.138054
35250.000000 -93.060432
35300.000000 -92.522987
35350.000000 -90.837227
35400.000000 -91.969421
35450.000000 -95.399727
35500.000000 -91.885696
35550.000000 -95.493881
35600.000000 -93.332932
35650.000000 -94.482231
35700.000000 -95.685318
35750.000000 -90.205406
35800.000000 -92.176933
35850.000000 -93.977570
35900.000000 -90.878860
35950.000000 -93.944504
36000.000000 -94.517410
36050.000000 -91.659546
36100.000000 -90.791191
36150.000000 -90.573578
36200.000000 -92.715637
36250.000000 -89.536606
36300.000000 -89.548538
36350.000000 -91.932693
36400.000000 -91.644333
36450.000000 -91.238655
36500.000000 -94.124565
36550.000000 -91.751350
36600.000000 -93.984200
36650.000000 -86.185989
36700.000000 -89.701103
36750.000000 -89.493011
36800.000000 -90.361290
36850.000000 -93.241142
36900.000000 -91.777023
36950.000000 -89.433914
37000.000000 -89.815193
37050.000000 -91.634216
37100.000000 -91.306587
37150.000000 -91.518692
37200.000000 -90.972107
37250.000000 -90.313362
37300.000000 -88.178391
37350.000000 -92.539818
37400.000000 -92.128601
37450.000000 -91.958908
37500.000000 -92.011581
37550.000000 -92.567932
37600.000000 -93.820000
37650.000000 -93.820000
37700.000000 -92.193100
37750.000000 -91.104362
37800.000000 -91.399643
37850.000000 -95.581100
37900.000000 -93.431915
37950.000000 -93.997467
38000.000000 -93.582542
38050.000000 -92.198502
38100.000000 -91.345650
38150.000000 -95.153549
38200.000000 -90.718048
38250.000000 -92.825188
38300.000000 -91.277412
38350.000000 -92.977371
38400.000000 -94.219421
38450.000000 -91.503670
38500.000000 -92.825188
38550.000000 -93.937912
38600.000000 -92.160789
38650.000000 -94.044083
38700.000000 -93.001022
38750.000000 -94.017418
38800.000000 -93.174446
38850.000000 -91.538628
38900.000000 -91.639275
38950.000000 -91.335869
39000.000000 -89.064896
39050.000000 -97.371162
39100.000000 -93.488091
39150.000000 -90.422676
39200.000000 -89.935005
39250.000000 -92.361977
39300.000000 -90.967422
39350.000000 -92.854248
39400.000000 -92.778893
39450.000000 -90.768272
39500.000000 -89.445702
39550.000000 -88.458107
39600.000000 -86.435387
39650.000000 -88.967598
39700.000000 -88.205620
39750.000000 -90.022804
39800.000000 -89.285965
39850.000000 -87.760490
39900.000000 -87.144775
39950.000000 -88.674866
40000.000000 -89.616447
