0.000000 -88.993683
50.000000 -92.624443
100.000000 -87.007095
150.000000 -86.075920
200.000000 -82.395493
250.000000 -80.637260
300.000000 -79.979622
350.000000 -78.191055
400.000000 -76.368774
450.000000 -75.951431
500.000000 -74.880928
550.000000 -74.203064
600.000000 -74.447868
650.000000 -74.012070
700.000000 -73.526985
750.000000 -73.315086
800.000000 -73.561020
850.000000 -72.864708
900.000000 -73.366806
950.000000 -73.840172
1000.000000 -74.288475
1050.000000 -74.276810
1100.000000 -74.437386
1150.000000 -74.898590
1200.000000 -75.404381
1250.000000 -76.329605
1300.000000 -77.061401
1350.000000 -78.121384
1400.000000 -78.367172
1450.000000 -78.992050
1500.000000 -79.155251
1550.000000 -81.319435
1600.000000 -80.956841
1650.000000 -81.407822
1700.000000 -81.468819
1750.000000 -80.525307
1800.000000 -80.335899
1850.000000 -79.961128
1900.000000 -78.698486
1950.000000 -78.741951
2000.000000 -78.396873
2050.000000 -77.773987
2100.000000 -78.135277
2150.000000 -77.540215
2200.000000 -76.818207
2250.000000 -76.730446
2300.000000 -76.496223
2350.000000 -76.322655
2400.000000 -76.322655
2450.000000 -76.110886
2500.000000 -76.256943
2550.000000 -75.907471
2600.000000 -76.121056
2650.000000 -75.778534
2700.000000 -76.160156
2750.000000 -76.245758
2800.000000 -76.517502
2850.000000 -76.445900
2900.000000 -76.652565
2950.000000 -77.134468
3000.000000 -77.049126
3050.000000 -77.254410
3100.000000 -77.834717
3150.000000 -77.900032
3200.000000 -78.057564
3250.000000 -78.690506
3300.000000 -78.857384
3350.000000 -78.948486
3400.000000 -78.578384
3450.000000 -78.891144
3500.000000 -78.533485
3550.000000 -78.230965
3600.000000 -78.272186
3650.000000 -78.492165
3700.000000 -78.437744
3750.000000 -77.807899
3800.000000 -78.014221
3850.000000 -78.061806
3900.000000 -77.382889
3950.000000 -76.578064
4000.000000 -77.094582
4050.000000 -77.612404
4100.000000 -77.184166
4150.000000 -77.529243
4200.000000 -77.460701
4250.000000 -77.518288
4300.000000 -77.180328
4350.000000 -77.238960
4400.000000 -77.237038
4450.000000 -78.109650
4500.000000 -77.443901
4550.000000 -77.482498
4600.000000 -77.283440
4650.000000 -77.773987
4700.000000 -78.427788
4750.000000 -78.156685
4800.000000 -77.970047
4850.000000 -77.379951
4900.000000 -77.201431
4950.000000 -77.622482
5000.000000 -77.882362
5050.000000 -77.170753
5100.000000 -77.092644
5150.000000 -76.988007
5200.000000 -77.305771
5250.000000 -76.342644
5300.000000 -77.501358
5350.000000 -76.657074
5400.000000 -76.882767
5450.000000 -77.400558
5500.000000 -76.800766
5550.000000 -77.104980
5600.000000 -77.246681
5650.000000 -77.642662
5700.000000 -77.881325
5750.000000 -77.767838
5800.000000 -77.164063
5850.000000 -78.285194
5900.000000 -77.867836
5950.000000 -77.750427
6000.000000 -78.012115
6050.000000 -76.836609
6100.000000 -77.555206
6150.000000 -78.092606
6200.000000 -78.445496
6250.000000 -77.325226
6300.000000 -76.828323
6350.000000 -76.734085
6400.000000 -76.932899
6450.000000 -76.490913
6500.000000 -76.698669
6550.000000 -76.736839
6600.000000 -77.172668
6650.000000 -77.826454
6700.000000 -77.642662
6750.000000 -78.272148
6800.000000 -78.389160
6850.000000 -78.346329
6900.000000 -79.560181
6950.000000 -78.631432
7000.000000 -77.424171
7050.000000 -78.802933
7100.000000 -78.785629
7150.000000 -78.253700
7200.000000 -77.526245
7250.000000 -78.254784
7300.000000 -77.924004
7350.000000 -78.114983
7400.000000 -77.928177
7450.000000 -77.479523
7500.000000 -77.162148
7550.000000 -76.864273
7600.000000 -77.379951
7650.000000 -76.882767
7700.000000 -76.896675
7750.000000 -77.555206
7800.000000 -76.324394
7850.000000 -76.735901
7900.000000 -77.473572
7950.000000 -77.416290
8000.000000 -76.785194
8050.000000 -76.383621
8100.000000 -76.213982
8150.000000 -76.372269
8200.000000 -76.412514
8250.000000 -76.803520
8300.000000 -75.509651
8350.000000 -76.819130
8400.000000 -76.597748
8450.000000 -77.654800
8500.000000 -77.289261
8550.000000 -77.625504
8600.000000 -77.250542
8650.000000 -78.142761
8700.000000 -78.158829
8750.000000 -78.078789
8800.000000 -78.129929
8850.000000 -78.779877
8900.000000 -79.277565
8950.000000 -77.402527
9000.000000 -78.285194
9050.000000 -79.120445
9100.000000 -78.815643
9150.000000 -78.746536
9200.000000 -78.406799
9250.000000 -78.221245
9300.000000 -78.023712
9350.000000 -77.927139
9400.000000 -77.655807
9450.000000 -77.344727
9500.000000 -77.381912
9550.000000 -76.681465
9600.000000 -76.629158
9650.000000 -77.274719
9700.000000 -76.752304
9750.000000 -76.277641
9800.000000 -78.283020
9850.000000 -77.792473
9900.000000 -77.608383
9950.000000 -77.421219
10000.000000 -77.156418
10050.000000 -77.928177
10100.000000 -77.189911
10150.000000 -77.825424
10200.000000 -78.362778
10250.000000 -78.063927
10300.000000 -77.921921
10350.000000 -78.475471
10400.000000 -78.106453
10450.000000 -78.305885
10500.000000 -78.116051
10550.000000 -78.042740
10600.000000 -77.358406
10650.000000 -77.575233
10700.000000 -77.133514
10750.000000 -76.860580
10800.000000 -77.478531
10850.000000 -76.884621
10900.000000 -77.119232
10950.000000 -76.912445
11000.000000 -76.292336
11050.000000 -75.983093
11100.000000 -76.517502
11150.000000 -77.009583
11200.000000 -77.848152
11250.000000 -78.048027
11300.000000 -77.361343
11350.000000 -77.086006
11400.000000 -78.527893
11450.000000 -77.920876
11500.000000 -78.704193
11550.000000 -78.220161
11600.000000 -78.026886
11650.000000 -78.451042
11700.000000 -77.736115
11750.000000 -77.778091
11800.000000 -77.603348
11850.000000 -78.272148
11900.000000 -77.873016
11950.000000 -77.866798
12000.000000 -77.853325
12050.000000 -76.800766
12100.000000 -77.122093
12150.000000 -76.570023
12200.000000 -76.199425
12250.000000 -75.523888
12300.000000 -75.597824
12350.000000 -76.393242
12400.000000 -76.565559
12450.000000 -75.499382
12500.000000 -76.249199
12550.000000 -76.396744
12600.000000 -76.467934
12650.000000 -76.645355
12700.000000 -76.650764
12750.000000 -77.347664
12800.000000 -76.396744
12850.000000 -77.498383
12900.000000 -77.814079
12950.000000 -77.620468
13000.000000 -76.914299
13050.000000 -77.426147
13100.000000 -77.912529
13150.000000 -78.119247
13200.000000 -78.409004
13250.000000 -78.469910
13300.000000 -78.927383
13350.000000 -79.238625
13400.000000 -78.424469
13450.000000 -79.057198
13500.000000 -78.774117
13550.000000 -78.835327
13600.000000 -77.941765
13650.000000 -77.361343
13700.000000 -78.236374
13750.000000 -77.964798
13800.000000 -77.736115
13850.000000 -77.624496
13900.000000 -77.841965
13950.000000 -76.924522
14000.000000 -77.773987
14050.000000 -77.385834
14100.000000 -77.839882
14150.000000 -76.728622
14200.000000 -77.041580
14250.000000 -77.341805
14300.000000 -77.187042
14350.000000 -77.346687
14400.000000 -76.647163
14450.000000 -76.495338
14500.000000 -76.968353
14550.000000 -75.890938
14600.000000 -76.272461
14650.000000 -76.419533
14700.000000 -76.699570
14750.000000 -76.150787
14800.000000 -76.675133
14850.000000 -76.557533
14900.000000 -76.245758
14950.000000 -75.609009
15000.000000 -76.297523
15050.000000 -76.417778
15100.000000 -76.131241
15150.000000 -76.595955
15200.000000 -76.953407
15250.000000 -77.110680
15300.000000 -77.109726
15350.000000 -76.948746
15400.000000 -77.620468
15450.000000 -76.754128
15500.000000 -77.406456
15550.000000 -77.528244
15600.000000 -78.634827
15650.000000 -78.845764
15700.000000 -77.882362
15750.000000 -78.826057
15800.000000 -78.907486
15850.000000 -78.531250
15900.000000 -78.166336
15950.000000 -78.284103
16000.000000 -78.134209
16050.000000 -77.646706
16100.000000 -77.303825
16150.000000 -77.379951
16200.000000 -76.897591
16250.000000 -77.096436
16300.000000 -77.029335
16350.000000 -75.971413
16400.000000 -76.706825
16450.000000 -76.035835
16500.000000 -76.040031
16550.000000 -76.726807
16600.000000 -76.009842
16650.000000 -76.505966
16700.000000 -76.308777
16750.000000 -76.917084
16800.000000 -77.048180
16850.000000 -76.542389
16900.000000 -76.614784
16950.000000 -77.166931
17000.000000 -76.884621
17050.000000 -77.103081
17100.000000 -77.889633
17150.000000 -77.772957
17200.000000 -77.579247
17250.000000 -78.571632
17300.000000 -78.150253
17350.000000 -78.185677
17400.000000 -77.924004
17450.000000 -78.321167
17500.000000 -77.781166
17550.000000 -78.272148
17600.000000 -78.153473
17650.000000 -77.311600
17700.000000 -77.348633
17750.000000 -77.741226
17800.000000 -78.328819
17850.000000 -78.321167
17900.000000 -77.763733
17950.000000 -77.489441
18000.000000 -77.260208
18050.000000 -77.809959
18100.000000 -77.327171
18150.000000 -78.045914
18200.000000 -77.877167
18250.000000 -77.002075
18300.000000 -77.649742
18350.000000 -76.416023
18400.000000 -76.537064
18450.000000 -77.085060
18500.000000 -77.033104
18550.000000 -77.098335
18600.000000 -76.499763
18650.000000 -76.823723
18700.000000 -77.295082
18750.000000 -77.074638
18800.000000 -77.186081
18850.000000 -76.424797
18900.000000 -76.989883
18950.000000 -77.154503
19000.000000 -76.976768
19050.000000 -77.218735
19100.000000 -77.850227
19150.000000 -78.316803
19200.000000 -77.750427
19250.000000 -77.177460
19300.000000 -78.072411
19350.000000 -76.633659
19400.000000 -77.955368
19450.000000 -77.814079
19500.000000 -77.465652
19550.000000 -77.769882
19600.000000 -77.796577
19650.000000 -77.006767
19700.000000 -77.143051
19750.000000 -77.100227
19800.000000 -77.797607
19850.000000 -77.789383
19900.000000 -77.294113
19950.000000 -77.220657
20000.000000 -76.629158
20050.000000 -76.971161
20100.000000 -77.508324
20150.000000 -77.740204
20200.000000 -78.138489
20250.000000 -77.948044
20300.000000 -77.965851
20350.000000 -78.132065
20400.000000 -78.571632
20450.000000 -77.724892
20500.000000 -78.573883
20550.000000 -79.442543
20600.000000 -78.700768
20650.000000 -78.902817
20700.000000 -79.503677
20750.000000 -79.796448
20800.000000 -79.448761
20850.000000 -79.815895
20900.000000 -80.315262
20950.000000 -80.995399
21000.000000 -81.202972
21050.000000 -81.489265
21100.000000 -81.317894
21150.000000 -83.895699
21200.000000 -84.334129
21250.000000 -83.446747
21300.000000 -85.155434
21350.000000 -84.747658
21400.000000 -84.566414
21450.000000 -83.731224
21500.000000 -84.316681
21550.000000 -85.649086
21600.000000 -86.558594
21650.000000 -86.615181
21700.000000 -86.758278
21750.000000 -86.732346
21800.000000 -86.936111
21850.000000 -87.676636
21900.000000 -90.060707
21950.000000 -88.308495
22000.000000 -88.325760
22050.000000 -88.750763
22100.000000 -90.352554
22150.000000 -89.324654
22200.000000 -90.014404
22250.000000 -88.809029
22300.000000 -89.410385
22350.000000 -89.375214
22400.000000 -87.051750
22450.000000 -89.485107
22500.000000 -88.514442
22550.000000 -86.764053
22600.000000 -88.336136
22650.000000 -89.313026
22700.000000 -87.993469
22750.000000 -87.993469
22800.000000 -89.016113
22850.000000 -87.920593
22900.000000 -91.639275
22950.000000 -89.301414
23000.000000 -90.132751
23050.000000 -92.704185
23100.000000 -95.138359
23150.000000 -93.042564
23200.000000 -93.314491
23250.000000 -91.326096
23300.000000 -90.077606
23350.000000 -91.200073
23400.000000 -91.802780
23450.000000 -91.071106
23500.000000 -92.630119
23550.000000 -91.568695
23600.000000 -93.633339
23650.000000 -94.958488
23700.000000 -91.365250
23750.000000 -90.132751
23800.000000 -93.607903
23850.000000 -92.279854
23900.000000 -92.128601
23950.000000 -92.069893
24000.000000 -90.722603
24050.000000 -88.451088
24100.000000 -92.715637
24150.000000 -93.671631
24200.000000 -92.877563
24250.000000 -97.235138
24300.000000 -93.265526
24350.000000 -95.229713
24400.000000 -94.595314
24450.000000 -93.066391
24500.000000 -95.605042
24550.000000 -90.613968
24600.000000 -90.763695
24650.000000 -94.833298
24700.000000 -94.171867
24750.000000 -91.023827
24800.000000 -92.664223
24850.000000 -95.337517
24900.000000 -94.090942
24950.000000 -92.236366
25000.000000 -93.787529
25050.000000 -91.875290
25100.000000 -92.107208
25150.000000 -91.906555
25200.000000 -93.090286
25250.000000 -94.973335
25300.000000 -90.995575
25350.000000 -91.807938
25400.000000 -89.536606
25450.000000 -91.756477
25500.000000 -90.786606
25550.000000 -93.990829
25600.000000 -92.406097
25650.000000 -92.790443
25700.000000 -92.384010
25750.000000 -93.891861
25800.000000 -95.839920
25850.000000 -93.302223
25900.000000 -94.117828
25950.000000 -94.468201
26000.000000 -91.854507
26050.000000 -89.749802
26100.000000 -86.623711
26150.000000 -87.956955
26200.000000 -88.714539
26250.000000 -88.367340
26300.000000 -90.883499
26350.000000 -91.838959
26400.000000 -90.435883
26450.000000 -91.751350
26500.000000 -94.573997
26550.000000 -91.176048
26600.000000 -92.193100
26650.000000 -91.267708
26700.000000 -88.574699
26750.000000 -88.794426
26800.000000 -92.483849
26850.000000 -94.104378
26900.000000 -92.241791
26950.000000 -91.674774
27000.000000 -91.468857
27050.000000 -90.622971
27100.000000 -93.494362
27150.000000 -92.830986
27200.000000 -93.126259
27250.000000 -91.248329
27300.000000 -94.574188
27350.000000 -92.647156
27400.000000 -89.588417
27450.000000 -89.098831
27500.000000 -92.692749
27550.000000 -89.684883
27600.000000 -95.168701
27650.000000 -96.022438
27700.000000 -93.569885
27750.000000 -93.984200
27800.000000 -93.388466
27850.000000 -91.345650
27900.000000 -89.660667
27950.000000 -92.590492
28000.000000 -88.714539
28050.000000 -90.162598
28100.000000 -92.596146
28150.000000 -88.671272
28200.000000 -88.151253
28250.000000 -89.144287
28300.000000 -87.796135
28350.000000 -89.889366
28400.000000 -87.705551
28450.000000 -90.209694
28500.000000 -89.132904
28550.000000 -89.031097
28600.000000 -91.228996
28650.000000 -95.693382
28700.000000 -93.658844
28750.000000 -94.205811
28800.000000 -90.934692
28850.000000 -91.787315
28900.000000 -88.107323
28950.000000 -90.322052
29000.000000 -91.113884
29050.000000 -93.918144
29100.000000 -91.573715
29150.000000 -93.703667
29200.000000 -91.684952
29250.000000 -91.598877
29300.000000 -89.897644
29350.000000 -91.523628
29400.000000 -87.907410
29450.000000 -89.893509
29500.000000 -89.266678
29550.000000 -90.832611
29600.000000 -86.505180
29650.000000 -89.508858
29700.000000 -88.838310
29750.000000 -88.801720
29800.000000 -87.232712
29850.000000 -89.441772
29900.000000 -90.278671
29950.000000 -89.676804
30000.000000 -89.001152
30050.000000 -89.293686
30100.000000 -85.354454
30150.000000 -87.060707
30200.000000 -88.322441
30250.000000 -88.882423
30300.000000 -89.926689
30350.000000 -88.120819
30400.000000 -89.193802
30450.000000 -88.539200
30500.000000 -89.255135
30550.000000 -88.525047
30600.000000 -91.730865
30650.000000 -92.285301
30700.000000 -90.196823
30750.000000 -89.664703
30800.000000 -90.270020
30850.000000 -92.080544
30900.000000 -90.077606
30950.000000 -89.955826
31000.000000 -89.247444
31050.000000 -89.985344
31100.000000 -89.548538
31150.000000 -89.228264
31200.000000 -88.202217
31250.000000 -89.922539
31300.000000 -90.111504
31350.000000 -88.030144
31400.000000 -91.503670
31450.000000 -91.132965
31500.000000 -89.656639
31550.000000 -88.517975
31600.000000 -89.831627
31650.000000 -89.852203
31700.000000 -89.247444
31750.000000 -92.101868
31800.000000 -90.708946
31850.000000 -92.433784
31900.000000 -90.591507
31950.000000 -92.715637
32000.000000 -95.025505
32050.000000 -93.781052
32100.000000 -91.453979
32150.000000 -92.895096
32200.000000 -90.322052
32250.000000 -91.009705
32300.000000 -92.027451
32350.000000 -90.573578
32400.000000 -90.864960
32450.000000 -89.835732
32500.000000 -90.934692
32550.000000 -91.023827
32600.000000 -87.858139
32650.000000 -90.972107
32700.000000 -92.900940
32750.000000 -92.263519
32800.000000 -92.053955
32850.000000 -93.253326
32900.000000 -95.391922
32950.000000 -94.724312
33000.000000 -91.690041
33050.000000 -92.704185
33100.000000 -89.843964
33150.000000 -93.544640
33200.000000 -90.976799
33250.000000 -90.313362
33300.000000 -90.837227
33350.000000 -89.860451
33400.000000 -91.028580
33450.000000 -90.677177
33500.000000 -89.019852
33550.000000 -90.370033
33600.000000 -90.444702
33650.000000 -89.270531
33700.000000 -88.564034
33750.000000 -89.612434
33800.000000 -88.532120
33850.000000 -91.214523
33900.000000 -93.253326
33950.000000 -89.489059
34000.000000 -90.244118
34050.000000 -91.075851
34100.000000 -90.304672
34150.000000 -88.588936
34200.000000 -86.124069
34250.000000 -89.922539
34300.000000 -90.166870
34350.000000 -89.620453
34400.000000 -87.702339
34450.000000 -90.356918
34500.000000 -89.117744
34550.000000 -87.555603
34600.000000 -87.223572
34650.000000 -86.787186
34700.000000 -87.211403
34750.000000 -87.223572
34800.000000 -87.667023
34850.000000 -87.552437
34900.000000 -88.696480
34950.000000 -92.301682
35000.000000 -92.214706
35050.000000 -93.394661
35100.000000 -94.566902
35150.000000 -93.277740
35200.000000 -94.004112
35250.000000 -91.573715
35300.000000 -93.735825
35350.000000 -93.072365
35400.000000 -90.934692
35450.000000 -95.988968
35500.000000 -94.638100
35550.000000 -90.718048
35600.000000 -91.634216
35650.000000 -88.437080
35700.000000 -88.635376
35750.000000 -88.700089
35800.000000 -86.927284
35850.000000 -90.031212
35900.000000 -87.517723
35950.000000 -86.909645
36000.000000 -88.239777
36050.000000 -88.287827
36100.000000 -88.287827
36150.000000 -87.324631
36200.000000 -89.500923
36250.000000 -88.747131
36300.000000 -88.823662
36350.000000 -89.753868
36400.000000 -87.990150
36450.000000 -88.535660
36500.000000 -86.775612
36550.000000 -88.267204
36600.000000 -86.516396
36650.000000 -89.386917
36700.000000 -88.260338
36750.000000 -91.228996
36800.000000 -91.449028
36850.000000 -88.809029
36900.000000 -90.235497
36950.000000 -90.222588
37000.000000 -91.624100
37050.000000 -94.370605
37100.000000 -92.059265
37150.000000 -93.072365
37200.000000 -94.253548
37250.000000 -94.746002
37300.000000 -91.792465
37350.000000 -93.970947
37400.000000 -96.612129
37450.000000 -93.970947
37500.000000 -93.235062
37550.000000 -91.118652
37600.000000 -91.171249
37650.000000 -92.796227
37700.000000 -92.372986
37750.000000 -88.765289
37800.000000 -94.151566
37850.000000 -91.823433
37900.000000 -89.835732
37950.000000 -89.167107
38000.000000 -89.935005
38050.000000 -90.086067
38100.000000 -89.174728
38150.000000 -92.848427
38200.000000 -89.753868
38250.000000 -92.579208
38300.000000 -89.258980
38350.000000 -90.564629
38400.000000 -90.740837
38450.000000 -91.985207
38500.000000 -91.478790
38550.000000 -90.883499
38600.000000 -90.786606
38650.000000 -89.815193
38700.000000 -88.997421
38750.000000 -89.477211
38800.000000 -89.576431
38850.000000 -90.814178
38900.000000 -88.904579
38950.000000 -88.205620
39000.000000 -90.864960
39050.000000 -90.722603
39100.000000 -92.069893
39150.000000 -91.896118
39200.000000 -91.659546
39250.000000 -89.770180
39300.000000 -90.622971
39350.000000 -91.563675
39400.000000 -91.238678
39450.000000 -89.528671
39500.000000 -90.864960
39550.000000 -93.419479
39600.000000 -92.182320
39650.000000 -91.508652
39700.000000 -90.772850
39750.000000 -87.561928
39800.000000 -88.621063
39850.000000 -92.630119
39900.000000 -87.953644
39950.000000 -88.812683
40000.000000 -88.458107
