0.000000 -90.560158
50.000000 -89.305290
100.000000 -84.953842
150.000000 -84.110023
200.000000 -81.762527
250.000000 -79.619598
300.000000 -78.809868
350.000000 -77.619453
400.000000 -77.441925
450.000000 -76.701385
500.000000 -75.467857
550.000000 -75.088493
600.000000 -73.806320
650.000000 -74.281616
700.000000 -73.703644
750.000000 -73.525101
800.000000 -73.847343
850.000000 -73.726784
900.000000 -73.264282
950.000000 -73.771965
1000.000000 -73.549026
1050.000000 -74.354652
1100.000000 -74.012733
1150.000000 -74.499077
1200.000000 -74.605255
1250.000000 -74.848640
1300.000000 -75.371651
1350.000000 -75.574699
1400.000000 -76.200279
1450.000000 -76.789772
1500.000000 -77.013344
1550.000000 -76.811783
1600.000000 -77.171715
1650.000000 -78.237457
1700.000000 -78.571632
1750.000000 -78.676834
1800.000000 -79.782219
1850.000000 -79.841881
1900.000000 -80.222313
1950.000000 -80.405060
2000.000000 -80.063324
2050.000000 -79.208328
2100.000000 -79.347359
2150.000000 -79.333847
2200.000000 -79.226494
2250.000000 -78.120316
2300.000000 -77.609383
2350.000000 -77.997368
2400.000000 -77.507332
2450.000000 -76.964615
2500.000000 -77.364281
2550.000000 -76.911514
2600.000000 -76.638153
2650.000000 -76.685081
2700.000000 -76.670616
2750.000000 -77.044411
2800.000000 -76.996445
2850.000000 -76.745010
2900.000000 -76.545944
2950.000000 -76.045074
3000.000000 -76.570023
3050.000000 -76.101578
3100.000000 -76.299255
3150.000000 -75.934814
3200.000000 -76.067802
3250.000000 -76.921738
3300.000000 -77.039696
3350.000000 -77.125900
3400.000000 -77.636604
3450.000000 -76.899445
3500.000000 -77.154503
3550.000000 -77.059509
3600.000000 -77.376030
3650.000000 -77.467628
3700.000000 -77.704521
3750.000000 -77.081268
3800.000000 -77.598320
3850.000000 -77.884438
3900.000000 -77.673027
3950.000000 -78.079849
4000.000000 -77.718773
4050.000000 -77.555206
4100.000000 -76.621071
4150.000000 -77.014282
4200.000000 -76.820969
4250.000000 -76.820969
4300.000000 -76.803520
4350.000000 -76.330467
4400.000000 -76.801689
4450.000000 -76.875366
4500.000000 -76.428314
4550.000000 -76.712273
4600.000000 -76.572701
4650.000000 -76.589691
4700.000000 -77.700447
4750.000000 -77.221619
4800.000000 -78.676865
4850.000000 -77.608383
4900.000000 -78.198593
4950.000000 -78.824905
5000.000000 -78.713333
5050.000000 -78.088356
5100.000000 -78.580635
5150.000000 -78.008949
5200.000000 -77.026512
5250.000000 -77.865761
5300.000000 -77.613411
5350.000000 -77.034042
5400.000000 -77.003952
5450.000000 -77.014282
5500.000000 -77.463669
5550.000000 -77.197594
5600.000000 -77.397606
5650.000000 -77.181290
5700.000000 -77.246681
5750.000000 -77.202393
5800.000000 -77.417274
5850.000000 -77.652771
5900.000000 -77.238960
5950.000000 -77.163101
6000.000000 -77.275688
6050.000000 -77.106880
6100.000000 -77.057625
6150.000000 -77.147820
6200.000000 -77.878204
6250.000000 -77.408424
6300.000000 -77.022743
6350.000000 -76.848587
6400.000000 -76.843979
6450.000000 -77.282471
6500.000000 -77.205269
6550.000000 -76.912445
6600.000000 -77.337898
6650.000000 -77.240891
6700.000000 -77.497383
6750.000000 -77.311600
6800.000000 -77.140190
6850.000000 -77.087898
6900.000000 -77.175545
6950.000000 -77.433044
7000.000000 -77.276657
7050.000000 -76.558426
7100.000000 -76.368774
7150.000000 -76.177208
7200.000000 -76.760513
7250.000000 -77.176498
7300.000000 -77.483490
7350.000000 -77.176498
7400.000000 -77.598320
7450.000000 -77.452789
7500.000000 -77.452789
7550.000000 -77.657829
7600.000000 -77.428108
7650.000000 -77.414322
7700.000000 -77.784248
7750.000000 -77.567215
7800.000000 -76.716812
7850.000000 -77.561211
7900.000000 -78.437744
7950.000000 -77.411369
8000.000000 -77.231247
8050.000000 -77.088844
8100.000000 -76.965546
8150.000000 -77.141144
8200.000000 -77.575233
8250.000000 -77.661880
8300.000000 -77.457733
8350.000000 -77.200470
8400.000000 -76.805351
8450.000000 -77.054794
8500.000000 -77.104980
8550.000000 -76.985199
8600.000000 -77.573227
8650.000000 -77.727951
8700.000000 -77.801727
8750.000000 -77.766808
8800.000000 -78.781029
8850.000000 -77.935493
8900.000000 -77.936539
8950.000000 -77.594299
9000.000000 -77.944901
9050.000000 -76.675133
9100.000000 -77.598320
9150.000000 -77.220657
9200.000000 -76.618378
9250.000000 -77.317436
9300.000000 -77.606369
9350.000000 -76.602234
9400.000000 -78.023712
9450.000000 -77.555206
9500.000000 -78.192131
9550.000000 -78.758018
9600.000000 -78.399078
9650.000000 -78.785629
9700.000000 -78.581757
9750.000000 -78.826057
9800.000000 -77.953278
9850.000000 -78.380363
9900.000000 -78.117111
9950.000000 -77.937584
10000.000000 -78.103256
10050.000000 -77.165970
10100.000000 -77.650749
10150.000000 -76.758690
10200.000000 -77.190872
10250.000000 -76.624664
10300.000000 -76.931038
10350.000000 -76.608505
10400.000000 -76.537933
10450.000000 -75.641045
10500.000000 -76.714088
10550.000000 -76.729538
10600.000000 -76.416901
10650.000000 -77.096436
10700.000000 -77.275688
10750.000000 -76.111732
10800.000000 -76.318321
10850.000000 -75.919891
10900.000000 -76.430069
10950.000000 -76.844894
11000.000000 -77.465652
11050.000000 -77.547211
11100.000000 -77.177460
11150.000000 -77.767838
11200.000000 -77.623489
11250.000000 -77.529243
11300.000000 -77.873016
11350.000000 -77.798637
11400.000000 -78.083038
11450.000000 -78.298256
11500.000000 -78.249367
11550.000000 -78.679115
11600.000000 -78.278664
11650.000000 -77.951180
11700.000000 -77.734070
11750.000000 -77.138283
11800.000000 -77.165016
11850.000000 -77.904198
11900.000000 -77.581253
11950.000000 -77.385834
12000.000000 -77.139236
12050.000000 -77.146866
12100.000000 -77.417274
12150.000000 -77.116386
12200.000000 -76.629158
12250.000000 -76.867973
12300.000000 -77.056679
12350.000000 -76.602234
12400.000000 -76.877213
12450.000000 -77.136375
12500.000000 -77.280533
12550.000000 -77.351570
12600.000000 -76.677849
12650.000000 -77.187996
12700.000000 -77.615425
12750.000000 -77.873016
12800.000000 -77.282471
12850.000000 -77.733055
12900.000000 -78.312431
12950.000000 -78.136345
13000.000000 -78.457695
13050.000000 -77.824394
13100.000000 -78.066048
13150.000000 -78.735069
13200.000000 -77.765785
13250.000000 -77.506332
13300.000000 -77.737137
13350.000000 -77.717751
13400.000000 -76.740456
13450.000000 -77.294113
13500.000000 -76.959946
13550.000000 -76.770561
13600.000000 -76.824646
13650.000000 -76.564667
13700.000000 -76.885544
13750.000000 -76.700478
13800.000000 -76.658882
13850.000000 -76.856888
13900.000000 -77.194710
13950.000000 -77.427124
14000.000000 -77.078430
14050.000000 -77.974243
14100.000000 -76.988007
14150.000000 -77.571228
14200.000000 -77.557205
14250.000000 -77.167885
14300.000000 -77.237999
14350.000000 -77.954323
14400.000000 -78.150253
14450.000000 -77.793495
14500.000000 -78.153473
14550.000000 -77.922958
14600.000000 -77.080322
14650.000000 -77.667961
14700.000000 -78.724770
14750.000000 -78.753426
14800.000000 -79.023972
14850.000000 -78.697342
14900.000000 -78.964943
14950.000000 -79.239838
15000.000000 -78.364975
15050.000000 -78.352905
15100.000000 -78.338661
15150.000000 -77.563210
15200.000000 -77.721832
15250.000000 -77.469612
15300.000000 -77.168846
15350.000000 -76.978645
15400.000000 -76.846741
15450.000000 -76.871666
15500.000000 -76.809944
15550.000000 -76.325264
15600.000000 -76.798935
15650.000000 -77.361343
15700.000000 -76.952477
15750.000000 -77.877167
15800.000000 -78.467690
15850.000000 -78.086227
15900.000000 -78.563766
15950.000000 -78.344139
16000.000000 -78.729347
16050.000000 -78.169556
16100.000000 -78.220161
16150.000000 -78.015274
16200.000000 -78.221245
16250.000000 -76.477646
16300.000000 -76.621078
16350.000000 -77.347664
16400.000000 -76.784279
16450.000000 -77.358406
16500.000000 -76.798019
16550.000000 -77.249580
16600.000000 -77.257309
16650.000000 -77.216812
16700.000000 -77.217773
16750.000000 -76.749565
16800.000000 -76.834763
16850.000000 -77.135422
16900.000000 -77.156418
16950.000000 -76.868889
17000.000000 -77.094597
17050.000000 -76.676941
17100.000000 -77.321335
17150.000000 -77.301880
17200.000000 -76.977707
17250.000000 -77.901077
17300.000000 -76.998322
17350.000000 -77.531235
17400.000000 -77.494408
17450.000000 -77.929222
17500.000000 -77.297997
17550.000000 -77.892754
17600.000000 -78.454369
17650.000000 -77.854362
17700.000000 -77.328148
17750.000000 -77.926094
17800.000000 -77.578239
17850.000000 -77.507332
17900.000000 -77.798637
17950.000000 -77.401543
18000.000000 -78.068169
18050.000000 -77.290230
18100.000000 -77.787331
18150.000000 -77.701462
18200.000000 -77.376030
18250.000000 -77.929222
18300.000000 -77.386810
18350.000000 -78.060745
18400.000000 -77.034042
18450.000000 -77.830589
18500.000000 -77.873016
18550.000000 -77.815109
18600.000000 -77.454765
18650.000000 -78.060745
18700.000000 -78.218002
18750.000000 -78.088356
18800.000000 -78.779877
18850.000000 -78.497742
18900.000000 -77.920876
18950.000000 -78.578384
19000.000000 -78.766068
19050.000000 -78.488823
19100.000000 -78.207214
19150.000000 -78.126724
19200.000000 -77.797661
19250.000000 -77.723869
19300.000000 -78.317886
19350.000000 -77.529243
19400.000000 -77.263107
19450.000000 -76.587898
19500.000000 -76.700478
19550.000000 -77.115433
19600.000000 -76.953407
19650.000000 -76.779701
19700.000000 -77.391716
19750.000000 -77.164063
19800.000000 -77.151642
19850.000000 -78.207214
19900.000000 -78.125656
19950.000000 -78.187828
20000.000000 -77.313545
20050.000000 -78.106453
20100.000000 -78.687088
20150.000000 -78.554787
20200.000000 -78.402382
20250.000000 -78.875992
20300.000000 -79.254417
20350.000000 -79.325256
20400.000000 -79.295876
20450.000000 -79.793861
20500.000000 -80.623009
20550.000000 -80.651535
20600.000000 -80.808662
20650.000000 -80.942055
20700.000000 -79.908508
20750.000000 -79.891479
20800.000000 -80.705986
20850.000000 -81.026665
20900.000000 -82.566551
20950.000000 -80.924347
21000.000000 -81.612839
21050.000000 -81.991180
21100.000000 -82.803055
21150.000000 -83.931053
21200.000000 -84.932770
21250.000000 -83.922722
21300.000000 -83.209557
21350.000000 -82.677681
21400.000000 -84.731651
21450.000000 -85.117134
21500.000000 -85.702583
21550.000000 -85.753845
21600.000000 -86.051949
21650.000000 -84.977318
21700.000000 -86.281067
21750.000000 -86.871559
21800.000000 -85.239822
21850.000000 -86.738106
21900.000000 -86.466026
21950.000000 -86.393784
22000.000000 -86.660721
22050.000000 -87.699120
22100.000000 -86.449303
22150.000000 -87.641426
22200.000000 -88.525070
22250.000000 -88.006790
22300.000000 -89.449646
22350.000000 -89.604424
22400.000000 -89.762024
22450.000000 -88.219269
22500.000000 -94.891991
22550.000000 -89.386917
22600.000000 -93.102264
22650.000000 -86.927284
22700.000000 -89.363518
22750.000000 -90.348190
22800.000000 -92.895096
22850.000000 -92.214706
22900.000000 -89.136696
22950.000000 -94.280952
23000.000000 -94.943665
23050.000000 -91.503670
23100.000000 -93.120255
23150.000000 -91.730865
23200.000000 -90.564629
23250.000000 -97.895912
23300.000000 -91.787315
23350.000000 -90.892784
23400.000000 -91.833778
23450.000000 -91.766747
23500.000000 -91.056892
23550.000000 -94.906723
23600.000000 -90.846458
23650.000000 -88.444084
23700.000000 -89.038589
23750.000000 -90.107262
23800.000000 -90.520020
23850.000000 -91.277412
23900.000000 -94.899353
23950.000000 -87.970215
24000.000000 -90.604980
24050.000000 -91.974678
24100.000000 -89.705116
24150.000000 -88.043518
24200.000000 -88.667671
24250.000000 -91.056892
24300.000000 -91.849319
24350.000000 -91.166451
24400.000000 -91.751350
24450.000000 -94.475212
24500.000000 -92.551048
24550.000000 -95.782639
24600.000000 -91.985207
24650.000000 -90.400703
24700.000000 -90.846458
24750.000000 -90.699860
24800.000000 -89.660667
24850.000000 -86.410400
24900.000000 -86.715103
24950.000000 -88.363869
25000.000000 -87.689476
25050.000000 -88.581818
25100.000000 -87.138741
25150.000000 -86.769829
25200.000000 -93.090286
25250.000000 -94.973335
25300.000000 -90.995575
25350.000000 -91.807938
25400.000000 -89.536606
25450.000000 -91.756477
25500.000000 -90.786606
25550.000000 -93.990829
25600.000000 -92.406097
25650.000000 -92.790443
25700.000000 -92.384010
25750.000000 -93.891861
25800.000000 -95.839920
25850.000000 -93.302223
25900.000000 -94.117828
25950.000000 -94.468201
26000.000000 -91.854507
26050.000000 -89.749802
26100.000000 -92.813591
26150.000000 -92.053955
26200.000000 -91.741119
26250.000000 -90.986183
26300.000000 -92.428238
26350.000000 -95.314301
26400.000000 -91.394722
26450.000000 -91.414429
26500.000000 -89.336296
26550.000000 -90.944031
26600.000000 -90.800377
26650.000000 -90.851082
26700.000000 -93.787529
26750.000000 -90.502235
26800.000000 -90.591507
26850.000000 -89.297554
26900.000000 -90.145531
26950.000000 -90.261375
27000.000000 -91.654472
27050.000000 -90.304672
27100.000000 -90.542297
27150.000000 -90.542297
27200.000000 -89.170914
27250.000000 -89.528671
27300.000000 -89.980888
27350.000000 -89.676804
27400.000000 -91.927460
27450.000000 -90.569107
27500.000000 -88.934166
27550.000000 -87.667023
27600.000000 -89.993439
27650.000000 -89.616447
27700.000000 -91.444077
27750.000000 -91.598877
27800.000000 -89.672768
27850.000000 -90.600487
27900.000000 -92.378494
27950.000000 -91.782173
28000.000000 -93.532043
28050.000000 -93.852592
28100.000000 -90.137009
28150.000000 -88.103958
28200.000000 -90.681709
28250.000000 -91.340759
28300.000000 -87.577766
28350.000000 -88.503853
28400.000000 -90.010208
28450.000000 -89.815193
28500.000000 -91.953659
28550.000000 -90.014404
28600.000000 -90.356918
28650.000000 -89.098831
28700.000000 -90.600487
28750.000000 -93.138275
28800.000000 -91.644333
28850.000000 -89.564468
28900.000000 -91.885696
28950.000000 -90.218292
29000.000000 -89.564468
29050.000000 -87.269363
29100.000000 -90.686241
29150.000000 -91.444077
29200.000000 -95.717636
29250.000000 -90.166870
29300.000000 -92.539818
29350.000000 -90.137009
29400.000000 -89.753868
29450.000000 -91.948410
29500.000000 -90.304672
29550.000000 -91.311462
29600.000000 -89.282104
29650.000000 -91.953659
29700.000000 -92.618774
29750.000000 -92.836800
29800.000000 -93.755180
29850.000000 -93.247231
29900.000000 -95.493881
29950.000000 -94.623817
30000.000000 -92.889244
30050.000000 -91.493713
30100.000000 -93.326782
30150.000000 -94.199005
30200.000000 -92.727104
30250.000000 -92.545433
30300.000000 -91.080597
30350.000000 -91.927460
30400.000000 -94.884628
30450.000000 -87.654213
30500.000000 -89.725395
30550.000000 -90.869591
30600.000000 -89.815193
30650.000000 -89.189987
30700.000000 -89.255135
30750.000000 -89.375214
30800.000000 -88.703697
30850.000000 -86.544510
30900.000000 -88.560486
30950.000000 -87.060707
31000.000000 -87.383347
31050.000000 -85.751274
31100.000000 -85.846878
31150.000000 -90.708946
31200.000000 -89.406471
31250.000000 -90.304672
31300.000000 -91.019112
31350.000000 -89.972527
31400.000000 -89.852203
31450.000000 -90.179695
31500.000000 -89.717285
31550.000000 -89.762024
31600.000000 -90.967422
31650.000000 -90.506683
31700.000000 -90.339470
31750.000000 -90.578056
31800.000000 -89.733521
31850.000000 -92.860069
31900.000000 -87.900826
31950.000000 -90.444702
32000.000000 -91.033264
32050.000000 -92.461563
32100.000000 -90.754547
32150.000000 -88.613914
32200.000000 -94.702682
32250.000000 -94.077522
32300.000000 -92.011581
32350.000000 -91.885696
32400.000000 -90.235497
32450.000000 -89.943329
32500.000000 -87.492569
32550.000000 -87.894241
32600.000000 -92.830986
32650.000000 -92.171547
32700.000000 -90.934692
32750.000000 -90.930023
32800.000000 -89.512802
32850.000000 -93.820000
32900.000000 -93.878754
32950.000000 -92.027451
33000.000000 -94.104378
33050.000000 -88.311951
33100.000000 -87.593643
33150.000000 -92.630119
33200.000000 -91.090096
33250.000000 -90.453529
33300.000000 -90.800377
33350.000000 -88.750763
33400.000000 -87.495705
33450.000000 -89.540588
33500.000000 -89.636520
33550.000000 -90.791191
33600.000000 -88.975044
33650.000000 -92.658531
33700.000000 -88.823662
33750.000000 -91.746223
33800.000000 -91.890907
33850.000000 -92.590492
33900.000000 -90.618469
33950.000000 -91.330986
34000.000000 -89.386917
34050.000000 -90.077606
34100.000000 -92.889244
34150.000000 -94.124565
34200.000000 -92.590492
34250.000000 -92.230949
34300.000000 -93.513176
34350.000000 -91.710426
34400.000000 -93.544640
34450.000000 -92.848427
34500.000000 -89.125320
34550.000000 -89.757957
34600.000000 -91.958908
34650.000000 -90.488930
34700.000000 -93.944504
34750.000000 -90.542297
34800.000000 -90.497803
34850.000000 -90.192543
34900.000000 -90.995575
34950.000000 -91.695129
35000.000000 -92.027451
35050.000000 -90.520020
35100.000000 -92.918518
35150.000000 -91.463898
35200.000000 -92.214706
35250.000000 -93.204697
35300.000000 -91.634216
35350.000000 -92.182320
35400.000000 -92.456001
35450.000000 -90.520020
35500.000000 -91.488731
35550.000000 -90.855705
35600.000000 -91.751350
35650.000000 -91.468857
35700.000000 -93.898430
35750.000000 -91.478790
35800.000000 -91.797623
35850.000000 -93.198639
35900.000000 -93.755180
35950.000000 -94.315323
36000.000000 -92.750084
36050.000000 -91.870087
36100.000000 -92.784668
36150.000000 -91.654472
36200.000000 -93.639709
36250.000000 -93.302223
36300.000000 -91.493713
36350.000000 -93.885307
36400.000000 -91.787315
36450.000000 -91.598877
36500.000000 -90.090302
36550.000000 -93.241142
36600.000000 -95.275749
36650.000000 -93.066391
36700.000000 -93.001022
36750.000000 -92.860069
36800.000000 -96.191757
36850.000000 -94.496284
36900.000000 -90.462364
36950.000000 -92.001022
37000.000000 -92.461563
37050.000000 -92.193100
37100.000000 -90.171143
37150.000000 -92.080544
37200.000000 -89.876961
37250.000000 -92.778893
37300.000000 -92.635796
37350.000000 -90.542297
37400.000000 -92.750084
37450.000000 -94.517410
37500.000000 -94.538589
37550.000000 -91.766747
37600.000000 -90.081833
37650.000000 -94.356750
37700.000000 -91.037979
37750.000000 -92.613113
37800.000000 -93.964333
37850.000000 -92.059265
37900.000000 -90.659065
37950.000000 -89.901794
38000.000000 -86.335869
38050.000000 -93.557251
38100.000000 -92.198502
38150.000000 -90.846458
38200.000000 -93.626968
38250.000000 -92.133957
38300.000000 -91.766747
38350.000000 -90.902077
38400.000000 -91.379974
38450.000000 -92.635796
38500.000000 -90.162598
38550.000000 -95.573135
38600.000000 -93.345238
38650.000000 -90.506683
38700.000000 -94.070824
38750.000000 -92.522987
38800.000000 -93.363739
38850.000000 -93.363739
38900.000000 -89.076195
38950.000000 -92.750084
39000.000000 -89.935005
39050.000000 -91.399643
39100.000000 -89.608429
39150.000000 -91.679863
39200.000000 -91.439125
39250.000000 -90.488930
39300.000000 -92.075218
39350.000000 -88.867691
39400.000000 -88.830978
39450.000000 -89.344063
39500.000000 -89.305290
39550.000000 -91.543625
39600.000000 -92.584846
39650.000000 -92.709908
39700.000000 -89.379112
39750.000000 -93.494362
39800.000000 -91.715530
39850.000000 -93.703667
39900.000000 -93.519463
39950.000000 -91.080597
40000.000000 -89.745728
