0.000000 -70.979599
50.000000 -70.776497
100.000000 -70.779709
150.000000 -70.927673
200.000000 -71.010147
250.000000 -71.077255
300.000000 -71.409485
350.000000 -71.256538
400.000000 -71.105293
450.000000 -71.050255
500.000000 -71.407509
550.000000 -71.400124
600.000000 -71.413918
650.000000 -71.742630
700.000000 -71.537605
750.000000 -71.226563
800.000000 -71.607422
850.000000 -71.350525
900.000000 -71.270599
950.000000 -71.118156
1000.000000 -71.111961
1050.000000 -70.969284
1100.000000 -71.051674
1150.000000 -70.501335
1200.000000 -70.530693
1250.000000 -70.534256
1300.000000 -70.923012
1350.000000 -71.080582
1400.000000 -71.154457
1450.000000 -71.077728
1500.000000 -71.007317
1550.000000 -71.098633
1600.000000 -71.492195
1650.000000 -71.007317
1700.000000 -71.086273
1750.000000 -71.199577
1800.000000 -71.165001
1850.000000 -71.328522
1900.000000 -71.286140
1950.000000 -71.576210
2000.000000 -71.600868
2050.000000 -71.792961
2100.000000 -71.741592
2150.000000 -71.819283
2200.000000 -72.370766
2250.000000 -71.699188
2300.000000 -71.949966
2350.000000 -71.840492
2400.000000 -71.940002
2450.000000 -70.932808
2500.000000 -71.345634
2550.000000 -71.162605
2600.000000 -71.217400
2650.000000 -71.071564
2700.000000 -70.901131
2750.000000 -71.181786
2800.000000 -71.214508
2850.000000 -70.879311
2900.000000 -70.822914
2950.000000 -71.115776
3000.000000 -70.814621
3050.000000 -71.116730
3100.000000 -71.005440
3150.000000 -71.002617
3200.000000 -71.066353
3250.000000 -71.071564
3300.000000 -70.723045
3350.000000 -70.820610
3400.000000 -71.305603
3450.000000 -71.068718
3500.000000 -71.569183
3550.000000 -71.021919
3600.000000 -70.469421
3650.000000 -71.041748
3700.000000 -70.806343
3750.000000 -70.566406
3800.000000 -70.756355
3850.000000 -70.859390
3900.000000 -70.617104
3950.000000 -70.591942
4000.000000 -70.907181
4050.000000 -70.823837
4100.000000 -70.647308
4150.000000 -70.700752
4200.000000 -71.057350
4250.000000 -71.267204
4300.000000 -71.042221
4350.000000 -70.923012
4400.000000 -71.372101
4450.000000 -71.235252
4500.000000 -71.141068
4550.000000 -71.353470
4600.000000 -71.431198
4650.000000 -71.576210
4700.000000 -71.366211
4750.000000 -71.432686
4800.000000 -71.229942
4850.000000 -71.360817
4900.000000 -71.076309
4950.000000 -71.376518
5000.000000 -71.479271
5050.000000 -71.453964
5100.000000 -71.884117
5150.000000 -71.305115
5200.000000 -71.428238
5250.000000 -71.190918
5300.000000 -70.969749
5350.000000 -70.969749
5400.000000 -71.455948
5450.000000 -70.979126
5500.000000 -71.202942
5550.000000 -71.371117
5600.000000 -70.915092
5650.000000 -70.927673
5700.000000 -70.901596
5750.000000 -70.359962
5800.000000 -70.640984
5850.000000 -70.669006
5900.000000 -70.688950
5950.000000 -70.625656
6000.000000 -70.493790
6050.000000 -70.438515
6100.000000 -70.500893
6150.000000 -70.895088
6200.000000 -70.492020
6250.000000 -70.662216
6300.000000 -70.836746
6350.000000 -71.013443
6400.000000 -71.016281
6450.000000 -70.982414
6500.000000 -70.692123
6550.000000 -70.315086
6600.000000 -70.406395
6650.000000 -70.845978
6700.000000 -70.577148
6750.000000 -70.485367
6800.000000 -70.434105
6850.000000 -70.298149
6900.000000 -70.559700
6950.000000 -70.640984
7000.000000 -70.405952
7050.000000 -70.621605
7100.000000 -71.162125
7150.000000 -70.658600
7200.000000 -70.405952
7250.000000 -70.332481
7300.000000 -70.335968
7350.000000 -70.342506
7400.000000 -70.411667
7450.000000 -70.429260
7500.000000 -70.325951
7550.000000 -70.350792
7600.000000 -70.625206
7650.000000 -70.827057
7700.000000 -71.127693
7750.000000 -71.106720
7800.000000 -71.056877
7850.000000 -71.627617
7900.000000 -71.098160
7950.000000 -71.166435
8000.000000 -71.537102
8050.000000 -71.435150
8100.000000 -71.369644
8150.000000 -71.095779
8200.000000 -71.318764
8250.000000 -71.526604
8300.000000 -71.283218
8350.000000 -71.216431
8400.000000 -71.415894
8450.000000 -71.011086
8500.000000 -70.985695
8550.000000 -70.586563
8600.000000 -70.547188
8650.000000 -70.498672
8700.000000 -70.166000
8750.000000 -70.259628
8800.000000 -70.425735
8850.000000 -70.136993
8900.000000 -70.211403
8950.000000 -69.763237
9000.000000 -70.148071
9050.000000 -69.794281
9100.000000 -70.252296
9150.000000 -70.241943
9200.000000 -70.468536
9250.000000 -70.248413
9300.000000 -70.749954
9350.000000 -70.671722
9400.000000 -70.695297
9450.000000 -70.968346
9500.000000 -70.703026
9550.000000 -70.858467
9600.000000 -70.787506
9650.000000 -70.849678
9700.000000 -70.812325
9750.000000 -71.007790
9800.000000 -70.937477
9850.000000 -70.802200
9900.000000 -70.416061
9950.000000 -70.429703
10000.000000 -70.429703
10050.000000 -70.700752
10100.000000 -70.789345
10150.000000 -70.525787
10200.000000 -70.932808
10250.000000 -70.556122
10300.000000 -71.094833
10350.000000 -70.779709
10400.000000 -70.763680
10450.000000 -71.346123
10500.000000 -71.336830
10550.000000 -71.094833
10600.000000 -71.084854
10650.000000 -71.600365
10700.000000 -71.160210
10750.000000 -71.448517
10800.000000 -71.560150
10850.000000 -71.295860
10900.000000 -71.345146
10950.000000 -70.934204
11000.000000 -70.742195
11050.000000 -70.722130
11100.000000 -70.446892
11150.000000 -70.420456
11200.000000 -70.536484
11250.000000 -70.226440
11300.000000 -70.906250
11350.000000 -70.506218
11400.000000 -70.354286
11450.000000 -70.721222
11500.000000 -70.710297
11550.000000 -70.248413
11600.000000 -70.177116
11650.000000 -70.175827
11700.000000 -70.174545
11750.000000 -70.126358
11800.000000 -70.182678
11850.000000 -70.091560
11900.000000 -70.350357
11950.000000 -70.095367
12000.000000 -70.296417
12050.000000 -70.147224
12100.000000 -70.136574
12150.000000 -69.821754
12200.000000 -70.221283
12250.000000 -70.315948
12300.000000 -70.153191
12350.000000 -70.171555
12400.000000 -70.116158
12450.000000 -69.753044
12500.000000 -69.960823
12550.000000 -70.231178
12600.000000 -70.132317
12650.000000 -70.452629
12700.000000 -70.239792
12750.000000 -70.415176
12800.000000 -70.571327
12850.000000 -70.883484
12900.000000 -70.799446
12950.000000 -70.847832
13000.000000 -70.782455
13050.000000 -70.880699
13100.000000 -71.296349
13150.000000 -71.298782
13200.000000 -71.444061
13250.000000 -71.406029
13300.000000 -71.460907
13350.000000 -71.337318
13400.000000 -71.526108
13450.000000 -70.883018
13500.000000 -71.166435
13550.000000 -71.013443
13600.000000 -71.072037
13650.000000 -71.111488
13700.000000 -70.579834
13750.000000 -70.913231
13800.000000 -70.518227
13850.000000 -70.782455
13900.000000 -70.708023
13950.000000 -70.564613
14000.000000 -70.619804
14050.000000 -70.406830
14100.000000 -70.540947
14150.000000 -71.024277
14200.000000 -70.614853
14250.000000 -70.494675
14300.000000 -70.657700
14350.000000 -70.640984
14400.000000 -70.568192
14450.000000 -70.843208
14500.000000 -70.958511
14550.000000 -70.959915
14600.000000 -70.705750
14650.000000 -70.964592
14700.000000 -71.154938
14750.000000 -70.871429
14800.000000 -71.097206
14850.000000 -70.858467
14900.000000 -70.939812
14950.000000 -71.445045
15000.000000 -71.229942
15050.000000 -71.232841
15100.000000 -71.326569
15150.000000 -70.878845
15200.000000 -71.075356
15250.000000 -70.576256
15300.000000 -70.584770
15350.000000 -70.502670
15400.000000 -70.450867
15450.000000 -70.592392
15500.000000 -70.200241
15550.000000 -69.990074
15600.000000 -70.149353
15650.000000 -70.085205
15700.000000 -70.109787
15750.000000 -70.216553
15800.000000 -70.506668
15850.000000 -71.404060
15900.000000 -71.544113
15950.000000 -72.588783
16000.000000 -72.936111
16050.000000 -73.577454
16100.000000 -73.519440
16150.000000 -74.016724
16200.000000 -73.975563
16250.000000 -74.079514
16300.000000 -75.025482
16350.000000 -74.956238
16400.000000 -74.823776
16450.000000 -74.438782
16500.000000 -75.459999
16550.000000 -75.992279
16600.000000 -75.807930
16650.000000 -76.196861
16700.000000 -76.654373
16750.000000 -76.854149
16800.000000 -76.753212
16850.000000 -77.356453
16900.000000 -77.024628
16950.000000 -76.909653
17000.000000 -78.165268
17050.000000 -78.236374
17100.000000 -77.672012
17150.000000 -77.571228
17200.000000 -78.878319
17250.000000 -78.933243
17300.000000 -79.131233
17350.000000 -79.244698
17400.000000 -80.495789
17450.000000 -81.189278
17500.000000 -80.614471
17550.000000 -80.717514
17600.000000 -80.931725
17650.000000 -80.529533
17700.000000 -81.643211
17750.000000 -81.341064
17800.000000 -81.857224
17850.000000 -83.879112
17900.000000 -81.699440
17950.000000 -84.770630
18000.000000 -82.984283
18050.000000 -82.078293
18100.000000 -82.291344
18150.000000 -83.198059
18200.000000 -84.159088
18250.000000 -82.795731
18300.000000 -84.384483
18350.000000 -83.553833
18400.000000 -83.970741
18450.000000 -87.066689
18500.000000 -86.660721
18550.000000 -88.147865
18600.000000 -87.426872
18650.000000 -86.761169
18700.000000 -87.464355
18750.000000 -90.878860
18800.000000 -88.714539
18850.000000 -89.046097
18900.000000 -88.384720
18950.000000 -88.993904
19000.000000 -88.564034
19050.000000 -88.454597
19100.000000 -91.316338
19150.000000 -92.871727
19200.000000 -91.166451
19250.000000 -92.085869
19300.000000 -93.042564
19350.000000 -93.513176
19400.000000 -92.709908
19450.000000 -90.502235
19500.000000 -92.422699
19550.000000 -90.636490
19600.000000 -91.463898
19650.000000 -88.997421
19700.000000 -88.336136
19750.000000 -86.766937
19800.000000 -91.906555
19850.000000 -92.727104
19900.000000 -96.756897
19950.000000 -90.488930
20000.000000 -91.875290
20050.000000 -90.064926
20100.000000 -90.560158
20150.000000 -90.560158
20200.000000 -92.483849
20250.000000 -92.506195
20300.000000 -91.644333
20350.000000 -91.296852
20400.000000 -91.306587
20450.000000 -91.782173
20500.000000 -90.348190
20550.000000 -90.339470
20600.000000 -90.515572
20650.000000 -93.425743
20700.000000 -93.944504
20750.000000 -92.630119
20800.000000 -91.311462
20850.000000 -91.644333
20900.000000 -89.422134
20950.000000 -88.517975
21000.000000 -88.103958
21050.000000 -89.285965
21100.000000 -88.398651
21150.000000 -86.218468
21200.000000 -87.039818
21250.000000 -87.318466
21300.000000 -87.914001
21350.000000 -89.632500
21400.000000 -89.170914
21450.000000 -88.653305
21500.000000 -86.391014
21550.000000 -87.647820
21600.000000 -88.631798
21650.000000 -89.798798
21700.000000 -90.681709
21750.000000 -88.692879
21800.000000 -91.109123
21850.000000 -91.439125
21900.000000 -96.243202
21950.000000 -94.433220
22000.000000 -90.361290
22050.000000 -94.899353
22100.000000 -92.080544
22150.000000 -89.881096
22200.000000 -87.552437
22250.000000 -87.558762
22300.000000 -88.000130
22350.000000 -90.201118
22400.000000 -90.435883
22450.000000 -88.542747
22500.000000 -90.582542
22550.000000 -91.326096
22600.000000 -90.587021
22650.000000 -93.120255
22700.000000 -89.852203
22750.000000 -90.731720
22800.000000 -91.553650
22850.000000 -92.123253
22900.000000 -93.042564
22950.000000 -91.316338
23000.000000 -92.624443
23050.000000 -91.771881
23100.000000 -90.663589
23150.000000 -89.584427
23200.000000 -91.249123
23250.000000 -91.204887
23300.000000 -90.618469
23350.000000 -90.090302
23400.000000 -90.650032
23450.000000 -93.519463
23500.000000 -90.695320
23550.000000 -87.196220
23600.000000 -89.193817
23650.000000 -89.258980
23700.000000 -89.721344
23750.000000 -87.398865
23800.000000 -90.322052
23850.000000 -87.072670
23900.000000 -87.389549
23950.000000 -89.717285
24000.000000 -89.398643
24050.000000 -89.375214
24100.000000 -90.827995
24150.000000 -88.087128
24200.000000 -89.034843
24250.000000 -89.414299
24300.000000 -86.927284
24350.000000 -88.549835
24400.000000 -88.374290
24450.000000 -87.102638
24500.000000 -92.053955
24550.000000 -90.934692
24600.000000 -90.502235
24650.000000 -91.684952
24700.000000 -90.239807
24750.000000 -91.483757
24800.000000 -91.538628
24850.000000 -89.182350
24900.000000 -88.114067
24950.000000 -92.738586
25000.000000 -88.117439
25050.000000 -87.229668
25100.000000 -88.267204
25150.000000 -88.181793
25200.000000 -89.701118
25250.000000 -87.266304
25300.000000 -86.499573
25350.000000 -88.212440
25400.000000 -90.010208
25450.000000 -88.188599
25500.000000 -87.383347
25550.000000 -87.615906
25600.000000 -88.915649
25650.000000 -87.641426
25700.000000 -87.728111
25750.000000 -90.995575
25800.000000 -90.962738
25850.000000 -90.506683
25900.000000 -88.141098
25950.000000 -89.725395
26000.000000 -88.798073
26050.000000 -86.790077
26100.000000 -85.268951
26150.000000 -86.550140
26200.000000 -86.600998
26250.000000 -86.474403
26300.000000 -85.050499
26350.000000 -85.922562
26400.000000 -85.371651
26450.000000 -88.437080
26500.000000 -85.959328
26550.000000 -86.322136
26600.000000 -85.725616
26650.000000 -86.432610
26700.000000 -85.828712
26750.000000 -85.083748
26800.000000 -85.052872
26850.000000 -86.059929
26900.000000 -86.695023
26950.000000 -84.777473
27000.000000 -87.096642
27050.000000 -86.578362
27100.000000 -87.724884
27150.000000 -87.631851
27200.000000 -87.211403
27250.000000 -90.086067
27300.000000 -87.414413
27350.000000 -90.851082
27400.000000 -89.741653
27450.000000 -92.091194
27500.000000 -90.604980
27550.000000 -92.807793
27600.000000 -92.641472
27650.000000 -91.282265
27700.000000 -88.860336
27750.000000 -89.922539
27800.000000 -87.683052
27850.000000 -90.777435
27900.000000 -89.355728
27950.000000 -95.206779
28000.000000 -93.582542
28050.000000 -91.990479
28100.000000 -92.101868
28150.000000 -92.006302
28200.000000 -89.031097
28250.000000 -89.806999
28300.000000 -87.542953
28350.000000 -88.437080
28400.000000 -90.708946
28450.000000 -91.123421
28500.000000 -89.608429
28550.000000 -91.870087
28600.000000 -90.704399
28650.000000 -90.222588
28700.000000 -90.587021
28750.000000 -92.198502
28800.000000 -91.233902
28850.000000 -91.004982
28900.000000 -88.718155
28950.000000 -89.110176
29000.000000 -88.198807
29050.000000 -89.266678
29100.000000 -90.578056
29150.000000 -89.016113
29200.000000 -84.122795
29250.000000 -86.775612
29300.000000 -85.769279
29350.000000 -85.580780
29400.000000 -87.568260
29450.000000 -86.418724
29500.000000 -86.253799
29550.000000 -87.760437
29600.000000 -86.598167
29650.000000 -86.544510
29700.000000 -88.301605
29750.000000 -86.355133
29800.000000 -84.654297
29850.000000 -87.584114
29900.000000 -86.956757
29950.000000 -87.263245
30000.000000 -88.603203
30050.000000 -92.936134
30100.000000 -89.239761
30150.000000 -91.598877
30200.000000 -89.612434
30250.000000 -90.274338
30300.000000 -90.056488
30350.000000 -91.370155
30400.000000 -88.493271
30450.000000 -92.203896
30500.000000 -90.326408
30550.000000 -89.819305
30600.000000 -91.859703
30650.000000 -87.483154
30700.000000 -88.919350
30750.000000 -90.818787
30800.000000 -90.990883
30850.000000 -89.178543
30900.000000 -90.209694
30950.000000 -89.823410
31000.000000 -90.162598
31050.000000 -93.407059
31100.000000 -88.033485
31150.000000 -88.243202
31200.000000 -90.897430
31250.000000 -88.621063
31300.000000 -89.212921
31350.000000 -91.639275
31400.000000 -88.374290
31450.000000 -86.758278
31500.000000 -88.852989
31550.000000 -87.530334
31600.000000 -89.049858
31650.000000 -88.535660
31700.000000 -89.839851
31750.000000 -88.291267
31800.000000 -93.012871
31850.000000 -91.128189
31900.000000 -87.549278
31950.000000 -88.426582
32000.000000 -89.485107
32050.000000 -88.794426
32100.000000 -89.540588
32150.000000 -87.647820
32200.000000 -87.558762
32250.000000 -88.539200
32300.000000 -87.815666
32350.000000 -88.215858
32400.000000 -90.897430
32450.000000 -90.595993
32500.000000 -89.216751
32550.000000 -89.193848
32600.000000 -88.685669
32650.000000 -87.897530
32700.000000 -88.284386
32750.000000 -86.755394
32800.000000 -88.592499
32850.000000 -88.260338
32900.000000 -90.520020
32950.000000 -90.383163
33000.000000 -87.884384
33050.000000 -88.280945
33100.000000 -90.925362
33150.000000 -88.398651
33200.000000 -86.942009
33250.000000 -88.243202
33300.000000 -87.486290
33350.000000 -85.646545
33400.000000 -85.813171
33450.000000 -84.701996
33500.000000 -84.923424
33550.000000 -87.346214
33600.000000 -88.374290
33650.000000 -87.741028
33700.000000 -89.445702
33750.000000 -86.640762
33800.000000 -87.051750
33850.000000 -88.097221
33900.000000 -87.841782
33950.000000 -86.035995
34000.000000 -89.806999
34050.000000 -89.939163
34100.000000 -90.239807
34150.000000 -91.360344
34200.000000 -90.295998
34250.000000 -88.164810
34300.000000 -89.320778
34350.000000 -89.980888
34400.000000 -88.222687
34450.000000 -87.887665
34500.000000 -90.925362
34550.000000 -91.995750
34600.000000 -90.261375
34650.000000 -94.329109
34700.000000 -93.247231
34750.000000 -91.958908
34800.000000 -91.864891
34850.000000 -91.518631
34900.000000 -91.483757
34950.000000 -93.247231
35000.000000 -91.985207
35050.000000 -91.588806
35100.000000 -89.125320
35150.000000 -91.296852
35200.000000 -88.838310
35250.000000 -88.117439
35300.000000 -89.004890
35350.000000 -93.576210
35400.000000 -91.639275
35450.000000 -90.014404
35500.000000 -93.108253
35550.000000 -92.006302
35600.000000 -91.948410
35650.000000 -92.096535
35700.000000 -91.725754
35750.000000 -92.016869
35800.000000 -84.740807
35850.000000 -79.338760
35900.000000 -77.229324
35950.000000 -74.811363
36000.000000 -74.172516
36050.000000 -72.791000
36100.000000 -71.364250
36150.000000 -70.777878
36200.000000 -70.211830
36250.000000 -69.853012
36300.000000 -69.515961
36350.000000 -69.378319
36400.000000 -68.629997
36450.000000 -68.540962
36500.000000 -68.523972
36550.000000 -68.495026
36600.000000 -68.430061
36650.000000 -68.736603
36700.000000 -68.431816
36750.000000 -68.822182
36800.000000 -68.852974
36850.000000 -69.131752
36900.000000 -69.671143
36950.000000 -69.809029
37000.000000 -69.846008
37050.000000 -70.213982
37100.000000 -70.367828
37150.000000 -71.012024
37200.000000 -71.020508
37250.000000 -72.195778
37300.000000 -73.001587
37350.000000 -73.014038
37400.000000 -73.592018
37450.000000 -73.825180
37500.000000 -73.592651
37550.000000 -74.034050
37600.000000 -73.711349
37650.000000 -73.387825
37700.000000 -74.316681
37750.000000 -73.505623
37800.000000 -73.000404
37850.000000 -72.562843
37900.000000 -72.481598
37950.000000 -71.774948
38000.000000 -71.459908
38050.000000 -71.146805
38100.000000 -70.903458
38150.000000 -70.932808
38200.000000 -70.366081
38250.000000 -70.274757
38300.000000 -70.085205
38350.000000 -69.926254
38400.000000 -70.204964
38450.000000 -69.824623
38500.000000 -70.168991
38550.000000 -70.201103
38600.000000 -70.059425
38650.000000 -70.164719
38700.000000 -70.270004
38750.000000 -70.622055
38800.000000 -70.678062
38850.000000 -71.067299
38900.000000 -71.474800
38950.000000 -71.815147
39000.000000 -71.400612
39050.000000 -71.596840
39100.000000 -71.457428
39150.000000 -71.733406
39200.000000 -71.739037
39250.000000 -71.820313
39300.000000 -71.631157
39350.000000 -72.001534
39400.000000 -72.111465
39450.000000 -71.551125
39500.000000 -71.008263
39550.000000 -71.096733
39600.000000 -71.515121
39650.000000 -72.270035
39700.000000 -71.773407
39750.000000 -71.785240
39800.000000 -71.457428
39850.000000 -71.404060
39900.000000 -71.172188
39950.000000 -71.123878
40000.000000 -71.136292
