0.000000 -75.254974
50.000000 -74.515274
100.000000 -73.480568
150.000000 -73.144272
200.000000 -73.237473
250.000000 -73.345222
300.000000 -73.149094
350.000000 -73.582520
400.000000 -73.561653
450.000000 -73.129837
500.000000 -73.020561
550.000000 -73.623131
600.000000 -73.824532
650.000000 -73.893814
700.000000 -74.474487
750.000000 -74.932541
800.000000 -74.822311
850.000000 -75.216682
900.000000 -75.657104
950.000000 -75.181602
1000.000000 -75.581871
1050.000000 -75.201416
1100.000000 -74.825966
1150.000000 -74.310478
1200.000000 -74.540680
1250.000000 -74.041382
1300.000000 -73.683769
1350.000000 -73.701721
1400.000000 -73.771317
1450.000000 -73.415115
1500.000000 -73.310173
1550.000000 -73.300362
1600.000000 -73.263687
1650.000000 -73.052071
1700.000000 -72.896828
1750.000000 -73.059814
1800.000000 -73.529503
1850.000000 -73.528244
1900.000000 -73.775200
1950.000000 -74.392097
2000.000000 -74.122520
2050.000000 -74.232353
2100.000000 -74.835464
2150.000000 -75.023987
2200.000000 -75.092270
2250.000000 -75.016518
2300.000000 -75.666756
2350.000000 -75.715179
2400.000000 -75.427055
2450.000000 -75.713562
2500.000000 -74.730064
2550.000000 -74.209183
2600.000000 -73.925362
2650.000000 -73.115433
2700.000000 -72.669899
2750.000000 -72.972038
2800.000000 -72.828644
2850.000000 -72.368561
2900.000000 -72.732826
2950.000000 -73.086678
3000.000000 -73.545876
3050.000000 -73.024124
3100.000000 -73.313248
3150.000000 -73.463684
3200.000000 -73.526360
3250.000000 -74.045387
3300.000000 -73.976219
3350.000000 -74.496262
3400.000000 -74.676048
3450.000000 -75.906647
3500.000000 -75.751671
3550.000000 -76.156746
3600.000000 -75.794853
3650.000000 -75.471008
3700.000000 -74.506821
3750.000000 -74.412270
3800.000000 -73.837563
3850.000000 -73.788803
3900.000000 -73.247208
3950.000000 -73.307106
4000.000000 -72.667625
4050.000000 -72.652252
4100.000000 -72.667053
4150.000000 -72.601212
4200.000000 -72.463211
4250.000000 -73.031250
4300.000000 -73.147888
4350.000000 -73.273445
4400.000000 -73.678642
4450.000000 -73.989479
4500.000000 -73.313248
4550.000000 -74.353264
4600.000000 -74.306351
4650.000000 -74.650955
4700.000000 -74.851570
4750.000000 -74.235764
4800.000000 -74.764091
4850.000000 -74.706978
4900.000000 -74.518089
4950.000000 -74.785149
5000.000000 -74.509636
5050.000000 -74.456268
5100.000000 -74.282303
5150.000000 -74.335991
5200.000000 -73.859756
5250.000000 -74.090912
5300.000000 -73.656906
5350.000000 -74.183365
5400.000000 -74.114441
5450.000000 -73.803726
5500.000000 -74.179298
5550.000000 -74.161003
5600.000000 -74.240540
5650.000000 -74.154243
5700.000000 -73.821274
5750.000000 -73.494339
5800.000000 -73.703644
5850.000000 -72.905609
5900.000000 -73.633316
5950.000000 -73.516296
6000.000000 -73.175026
6050.000000 -73.672249
6100.000000 -73.409523
6150.000000 -73.578087
6200.000000 -72.909706
6250.000000 -73.405800
6300.000000 -73.581886
6350.000000 -74.171165
6400.000000 -74.678917
6450.000000 -74.887543
6500.000000 -74.939941
6550.000000 -74.209869
6600.000000 -74.274757
6650.000000 -74.710579
6700.000000 -74.124542
6750.000000 -75.095276
6800.000000 -75.130768
6850.000000 -74.993393
6900.000000 -74.928108
6950.000000 -74.726456
7000.000000 -74.288475
7050.000000 -73.656906
7100.000000 -73.860413
7150.000000 -73.513161
7200.000000 -73.003960
7250.000000 -73.201042
7300.000000 -73.211349
7350.000000 -73.186508
7400.000000 -73.011070
7450.000000 -73.325531
7500.000000 -73.755798
7550.000000 -73.905632
7600.000000 -74.040718
7650.000000 -74.383759
7700.000000 -73.846695
7750.000000 -74.182686
7800.000000 -73.775848
7850.000000 -73.201645
7900.000000 -74.103004
7950.000000 -73.625671
8000.000000 -73.956375
8050.000000 -74.175903
8100.000000 -73.959679
8150.000000 -74.212593
8200.000000 -74.140053
8250.000000 -74.660980
8300.000000 -73.972908
8350.000000 -74.049400
8400.000000 -74.169128
8450.000000 -73.817375
8500.000000 -73.345215
8550.000000 -73.228958
8600.000000 -73.658821
8650.000000 -73.848648
8700.000000 -73.802429
8750.000000 -73.542725
8800.000000 -73.665215
8850.000000 -74.141403
8900.000000 -73.901688
8950.000000 -74.254211
9000.000000 -73.760323
9050.000000 -73.586952
9100.000000 -73.831047
9150.000000 -73.381638
9200.000000 -73.385971
9250.000000 -72.900337
9300.000000 -73.218025
9350.000000 -73.185303
9400.000000 -73.736450
9450.000000 -74.221443
9500.000000 -74.148834
9550.000000 -74.668152
9600.000000 -74.936981
9650.000000 -74.841316
9700.000000 -75.093773
9750.000000 -75.199890
9800.000000 -74.485718
9850.000000 -74.700493
9900.000000 -74.056747
9950.000000 -74.336014
10000.000000 -74.146805
10050.000000 -74.465370
10100.000000 -73.639687
10150.000000 -73.925362
10200.000000 -73.381020
10250.000000 -73.498100
10300.000000 -73.311401
10350.000000 -73.368042
10400.000000 -72.989754
10450.000000 -73.736450
10500.000000 -74.119827
10550.000000 -74.442276
10600.000000 -75.179321
10650.000000 -75.628212
10700.000000 -75.583466
10750.000000 -75.654694
10800.000000 -75.858795
10850.000000 -75.652283
10900.000000 -75.403603
10950.000000 -74.656685
11000.000000 -74.156273
11050.000000 -73.990143
11100.000000 -73.086082
11150.000000 -73.077118
11200.000000 -72.976761
11250.000000 -72.960243
11300.000000 -73.096855
11350.000000 -72.895653
11400.000000 -72.919083
11450.000000 -73.385971
11500.000000 -73.024124
11550.000000 -72.854225
11600.000000 -72.667625
11650.000000 -73.221664
11700.000000 -73.531387
11750.000000 -73.645424
11800.000000 -73.968941
11850.000000 -74.154922
11900.000000 -75.005318
11950.000000 -74.531502
12000.000000 -74.365036
12050.000000 -74.556961
12100.000000 -74.847908
12150.000000 -74.695457
12200.000000 -75.132309
12250.000000 -75.478882
12300.000000 -74.825966
12350.000000 -74.897850
12400.000000 -74.392097
12450.000000 -74.789513
12500.000000 -74.657402
12550.000000 -73.800476
12600.000000 -73.535797
12650.000000 -73.433762
12700.000000 -73.040756
12750.000000 -73.121429
12800.000000 -72.795624
12850.000000 -72.333946
12900.000000 -72.500580
12950.000000 -72.682449
13000.000000 -72.704163
13050.000000 -72.849571
13100.000000 -72.823425
13150.000000 -73.068161
13200.000000 -73.554710
13250.000000 -73.707497
13300.000000 -73.893150
13350.000000 -74.092934
13400.000000 -74.899323
13450.000000 -74.914070
13500.000000 -75.473442
13550.000000 -75.214394
13600.000000 -74.560501
13650.000000 -74.643799
13700.000000 -74.775703
13750.000000 -74.640221
13800.000000 -74.357422
13850.000000 -74.358803
13900.000000 -74.977768
13950.000000 -74.663132
14000.000000 -73.522583
14050.000000 -74.353958
14100.000000 -74.889015
14150.000000 -74.674614
14200.000000 -74.965881
14250.000000 -74.671738
14300.000000 -74.009407
14350.000000 -73.732582
14400.000000 -73.970924
14450.000000 -73.034813
14500.000000 -73.539574
14550.000000 -73.334137
14600.000000 -73.638412
14650.000000 -73.566078
14700.000000 -73.274666
14750.000000 -73.277107
14800.000000 -73.614868
14850.000000 -74.171165
14900.000000 -74.380287
14950.000000 -75.012032
15000.000000 -74.858902
15050.000000 -74.917763
15100.000000 -74.750320
15150.000000 -75.614609
15200.000000 -76.044235
15250.000000 -75.977249
15300.000000 -75.589844
15350.000000 -75.453712
15400.000000 -75.227386
15450.000000 -74.470276
15500.000000 -74.127914
15550.000000 -73.908257
15600.000000 -73.141869
15650.000000 -73.470558
15700.000000 -73.521324
15750.000000 -72.964958
15800.000000 -72.921432
15850.000000 -73.264893
15900.000000 -73.369278
15950.000000 -73.269775
16000.000000 -73.766785
16050.000000 -73.485565
16100.000000 -74.777161
16150.000000 -75.108093
16200.000000 -75.707092
16250.000000 -75.099800
16300.000000 -75.038940
16350.000000 -76.352219
16400.000000 -76.040031
16450.000000 -76.085518
16500.000000 -76.206276
16550.000000 -77.521263
16600.000000 -77.116386
16650.000000 -77.473579
16700.000000 -77.421219
16750.000000 -78.147041
16800.000000 -78.724770
16850.000000 -78.679115
16900.000000 -78.339760
16950.000000 -78.952011
17000.000000 -79.637375
17050.000000 -78.497742
17100.000000 -79.337532
17150.000000 -79.986435
17200.000000 -79.758980
17250.000000 -80.760788
17300.000000 -80.623009
17350.000000 -80.298782
17400.000000 -81.387589
17450.000000 -81.713959
17500.000000 -81.878571
17550.000000 -81.037117
17600.000000 -81.334877
17650.000000 -81.531830
17700.000000 -81.936348
17750.000000 -82.196953
17800.000000 -83.034889
17850.000000 -80.952408
17900.000000 -81.032639
17950.000000 -81.790176
18000.000000 -82.186722
18050.000000 -81.118141
18100.000000 -81.628807
18150.000000 -81.230415
18200.000000 -80.986488
18250.000000 -81.956253
18300.000000 -82.021240
18350.000000 -82.643471
18400.000000 -82.954437
18450.000000 -82.845245
18500.000000 -83.346802
18550.000000 -84.380089
18600.000000 -83.879112
18650.000000 -85.295731
18700.000000 -84.195534
18750.000000 -83.817184
18800.000000 -86.278336
18850.000000 -86.105316
18900.000000 -85.480568
18950.000000 -85.930428
19000.000000 -85.735870
19050.000000 -85.800262
19100.000000 -87.244911
19150.000000 -90.124268
19200.000000 -87.990150
19250.000000 -87.084648
19300.000000 -90.248428
19350.000000 -91.439125
19400.000000 -90.035423
19450.000000 -91.875290
19500.000000 -87.724884
19550.000000 -87.168945
19600.000000 -87.990150
19650.000000 -87.408188
19700.000000 -87.741028
19750.000000 -86.612343
19800.000000 -89.262833
19850.000000 -89.178543
19900.000000 -89.106392
19950.000000 -91.147301
20000.000000 -87.346214
20050.000000 -88.305046
20100.000000 -87.657417
20150.000000 -87.763672
20200.000000 -89.972527
20250.000000 -90.027008
20300.000000 -90.533379
20350.000000 -89.692978
20400.000000 -87.956955
20450.000000 -87.851593
20500.000000 -87.476883
20550.000000 -90.604980
20600.000000 -90.537834
20650.000000 -89.516769
20700.000000 -90.939362
20750.000000 -93.761642
20800.000000 -95.431000
20850.000000 -91.463898
20900.000000 -90.374405
20950.000000 -87.805893
21000.000000 -88.083763
21050.000000 -86.099960
21100.000000 -86.992256
21150.000000 -85.196320
21200.000000 -87.470612
21250.000000 -83.177017
21300.000000 -87.405083
21350.000000 -87.048767
21400.000000 -85.525520
21450.000000 -85.644012
21500.000000 -85.784744
21550.000000 -85.967232
21600.000000 -87.211403
21650.000000 -87.986824
21700.000000 -86.886185
21750.000000 -87.838516
21800.000000 -87.950333
21850.000000 -86.677856
21900.000000 -85.548088
21950.000000 -86.880333
22000.000000 -84.490517
22050.000000 -84.916412
22100.000000 -87.018982
22150.000000 -86.778503
22200.000000 -87.699135
22250.000000 -87.486290
22300.000000 -88.585381
22350.000000 -87.135735
22400.000000 -85.568192
22450.000000 -87.408203
22500.000000 -86.418724
22550.000000 -86.839455
22600.000000 -85.633858
22650.000000 -87.799385
22700.000000 -86.903778
22750.000000 -88.294708
22800.000000 -85.756416
22850.000000 -85.523018
22900.000000 -86.635071
22950.000000 -86.223900
23000.000000 -86.075920
23050.000000 -85.342186
23100.000000 -87.042870
23150.000000 -85.988350
23200.000000 -85.455696
23250.000000 -86.530441
23300.000000 -86.989296
23350.000000 -86.720848
23400.000000 -88.963875
23450.000000 -87.625473
23500.000000 -89.113960
23550.000000 -90.235497
23600.000000 -88.274071
23650.000000 -88.250053
23700.000000 -86.726593
23750.000000 -89.528671
23800.000000 -88.889793
23850.000000 -89.489059
23900.000000 -90.759117
23950.000000 -91.901352
24000.000000 -91.528641
24050.000000 -90.546761
24100.000000 -96.047623
24150.000000 -92.669922
24200.000000 -93.277740
24250.000000 -90.855705
24300.000000 -91.424301
24350.000000 -90.972107
24400.000000 -91.156868
24450.000000 -90.119995
24500.000000 -88.564034
24550.000000 -91.463898
24600.000000 -91.922226
24650.000000 -88.287827
24700.000000 -89.910080
24750.000000 -89.038589
24800.000000 -90.018608
24850.000000 -90.001823
24900.000000 -90.043922
24950.000000 -90.179695
25000.000000 -93.931313
25050.000000 -91.014397
25100.000000 -90.990883
25150.000000 -88.934166
25200.000000 -89.386917
25250.000000 -89.163300
25300.000000 -91.113884
25350.000000 -92.182320
25400.000000 -91.365250
25450.000000 -94.559814
25500.000000 -93.937912
25550.000000 -90.953377
25600.000000 -89.232086
25650.000000 -90.749977
25700.000000 -91.766747
25750.000000 -88.703697
25800.000000 -86.672142
25850.000000 -87.480019
25900.000000 -89.297554
25950.000000 -89.640541
26000.000000 -91.684952
26050.000000 -88.732628
26100.000000 -88.725388
26150.000000 -95.130791
26200.000000 -87.075661
26250.000000 -89.592415
26300.000000 -90.786621
26350.000000 -90.569107
26400.000000 -87.744255
26450.000000 -89.189987
26500.000000 -89.552521
26550.000000 -91.735985
26600.000000 -89.552521
26650.000000 -93.755180
26700.000000 -89.189987
26750.000000 -86.159012
26800.000000 -86.912582
26850.000000 -85.961960
26900.000000 -85.416046
26950.000000 -85.761559
27000.000000 -87.923897
27050.000000 -86.915520
27100.000000 -87.555603
27150.000000 -87.660614
27200.000000 -85.165039
27250.000000 -85.854683
27300.000000 -89.580429
27350.000000 -88.772575
27400.000000 -88.556931
27450.000000 -87.970215
27500.000000 -86.738106
27550.000000 -88.606773
27600.000000 -88.349991
27650.000000 -87.454964
27700.000000 -89.548538
27750.000000 -88.134331
27800.000000 -86.674995
27850.000000 -87.986824
27900.000000 -88.900871
27950.000000 -89.247444
28000.000000 -87.220528
28050.000000 -89.414314
28100.000000 -88.952721
28150.000000 -88.405624
28200.000000 -88.087128
28250.000000 -87.254074
28300.000000 -86.333122
28350.000000 -89.713226
28400.000000 -89.297554
28450.000000 -90.179695
28500.000000 -87.153831
28550.000000 -89.560486
28600.000000 -89.600418
28650.000000 -87.336960
28700.000000 -88.232933
28750.000000 -91.375061
28800.000000 -88.510910
28850.000000 -89.297554
28900.000000 -86.474403
28950.000000 -90.218292
29000.000000 -90.192543
29050.000000 -89.461441
29100.000000 -90.659065
29150.000000 -90.672646
29200.000000 -91.684952
29250.000000 -91.802795
29300.000000 -90.990883
29350.000000 -89.532639
29400.000000 -89.872833
29450.000000 -91.583771
29500.000000 -87.877815
29550.000000 -87.470612
29600.000000 -90.883499
29650.000000 -88.960159
29700.000000 -88.202217
29750.000000 -90.022804
29800.000000 -89.243607
29850.000000 -86.499573
29900.000000 -87.278549
29950.000000 -86.148247
30000.000000 -87.861412
30050.000000 -90.056488
30100.000000 -89.881096
30150.000000 -89.749802
30200.000000 -88.212440
30250.000000 -88.388199
30300.000000 -89.324654
30350.000000 -90.874222
30400.000000 -90.162598
30450.000000 -89.106392
30500.000000 -90.672646
30550.000000 -92.378494
30600.000000 -89.517075
30650.000000 -89.189987
30700.000000 -90.145531
30750.000000 -90.878860
30800.000000 -90.239807
30850.000000 -89.359619
30900.000000 -88.377762
30950.000000 -88.318848
31000.000000 -86.289261
31050.000000 -86.723717
31100.000000 -87.825447
31150.000000 -87.196220
31200.000000 -89.572449
31250.000000 -87.753960
31300.000000 -88.732628
31350.000000 -92.117897
31400.000000 -88.945297
31450.000000 -91.679863
31500.000000 -89.132965
31550.000000 -87.689476
31600.000000 -92.995102
31650.000000 -93.060432
31700.000000 -90.925362
31750.000000 -91.948410
31800.000000 -91.649399
31850.000000 -93.247231
31900.000000 -91.649399
31950.000000 -91.262856
32000.000000 -93.931313
32050.000000 -94.510368
32100.000000 -89.429985
32150.000000 -93.431915
32200.000000 -90.916039
32250.000000 -91.818268
32300.000000 -91.854507
32350.000000 -94.178642
32400.000000 -91.823433
32450.000000 -92.704185
32500.000000 -92.296219
32550.000000 -90.039627
32600.000000 -91.870087
32650.000000 -92.461563
32700.000000 -90.686241
32750.000000 -92.450439
32800.000000 -94.510368
32850.000000 -91.483757
32900.000000 -90.209694
32950.000000 -93.018799
33000.000000 -90.413879
33050.000000 -94.405334
33100.000000 -91.118652
33150.000000 -92.128601
33200.000000 -89.375214
33250.000000 -93.924728
33300.000000 -94.070824
33350.000000 -88.638962
33400.000000 -92.596146
33450.000000 -90.270020
33500.000000 -90.663589
33550.000000 -92.112549
33600.000000 -92.312607
33650.000000 -91.859703
33700.000000 -93.787529
33750.000000 -91.147301
33800.000000 -90.542297
33850.000000 -93.168404
33900.000000 -92.080544
33950.000000 -91.330986
34000.000000 -92.562302
34050.000000 -88.900925
34100.000000 -87.910706
34150.000000 -89.656639
34200.000000 -91.807938
34250.000000 -92.187706
34300.000000 -88.617485
34350.000000 -86.421501
34400.000000 -89.544563
34450.000000 -89.564514
34500.000000 -89.500923
34550.000000 -90.497803
34600.000000 -86.871559
34650.000000 -88.729004
34700.000000 -90.528923
34750.000000 -88.889793
34800.000000 -86.983368
34850.000000 -89.313026
34900.000000 -86.695023
34950.000000 -86.836548
35000.000000 -88.398651
35050.000000 -89.061134
35100.000000 -86.856949
35150.000000 -86.697891
35200.000000 -86.804573
35250.000000 -86.986328
35300.000000 -88.860336
35350.000000 -89.876961
35400.000000 -90.235497
35450.000000 -88.174995
35500.000000 -90.370033
35550.000000 -89.560486
35600.000000 -86.346870
35650.000000 -86.410400
35700.000000 -88.402138
35750.000000 -87.318466
35800.000000 -86.234756
35850.000000 -87.467484
35900.000000 -82.122185
35950.000000 -79.869255
36000.000000 -77.616432
36050.000000 -74.593864
36100.000000 -73.751282
36150.000000 -72.897995
36200.000000 -71.581253
36250.000000 -71.276421
36300.000000 -71.014381
36350.000000 -70.295547
36400.000000 -70.377892
36450.000000 -71.056404
36500.000000 -70.861244
36550.000000 -71.048363
36600.000000 -70.852455
36650.000000 -71.555130
36700.000000 -71.650902
36750.000000 -72.701874
36800.000000 -72.798515
36850.000000 -73.291176
36900.000000 -73.901688
36950.000000 -74.376129
37000.000000 -74.480103
37050.000000 -75.745995
37100.000000 -76.718628
37150.000000 -77.227394
37200.000000 -77.879250
37250.000000 -76.911514
37300.000000 -75.953094
37350.000000 -75.862907
37400.000000 -75.228920
37450.000000 -74.559082
37500.000000 -73.266113
37550.000000 -72.584831
37600.000000 -72.620461
37650.000000 -72.025841
37700.000000 -71.982552
37750.000000 -72.358109
37800.000000 -72.148422
37850.000000 -72.443199
37900.000000 -72.974983
37950.000000 -72.926125
38000.000000 -72.811249
38050.000000 -72.808357
38100.000000 -73.831047
38150.000000 -73.876778
38200.000000 -75.230446
38250.000000 -75.106583
38300.000000 -75.839066
38350.000000 -75.769569
38400.000000 -75.093018
38450.000000 -74.808449
38500.000000 -74.688980
38550.000000 -74.287788
38600.000000 -74.312546
38650.000000 -74.248055
38700.000000 -74.226212
38750.000000 -73.911545
38800.000000 -74.003426
38850.000000 -73.988815
38900.000000 -73.946465
38950.000000 -73.545876
39000.000000 -74.187439
39050.000000 -74.087563
39100.000000 -73.876770
39150.000000 -73.893814
39200.000000 -73.582520
39250.000000 -73.503113
39300.000000 -73.275887
39350.000000 -73.720352
39400.000000 -73.589485
39450.000000 -73.611053
39500.000000 -74.191513
39550.000000 -74.358803
39600.000000 -74.332535
39650.000000 -74.661697
39700.000000 -74.999359
39750.000000 -74.688263
39800.000000 -75.324326
39850.000000 -74.737297
39900.000000 -75.449791
39950.000000 -75.750862
40000.000000 -75.168678
