0.000000 -71.879951
50.000000 -71.805336
100.000000 -72.711609
150.000000 -72.732246
200.000000 -72.671608
250.000000 -72.641449
300.000000 -72.850746
350.000000 -72.780022
400.000000 -72.787529
450.000000 -72.752365
500.000000 -72.505051
550.000000 -72.411606
600.000000 -72.575806
650.000000 -72.465996
700.000000 -72.584831
750.000000 -72.540359
800.000000 -72.696159
850.000000 -72.993896
900.000000 -72.915565
950.000000 -72.671043
1000.000000 -72.983849
1050.000000 -72.804878
1100.000000 -73.217415
1150.000000 -72.910881
1200.000000 -73.052071
1250.000000 -73.185905
1300.000000 -73.274055
1350.000000 -73.458687
1400.000000 -73.207100
1450.000000 -72.911461
1500.000000 -72.794464
1550.000000 -72.701309
1600.000000 -72.188232
1650.000000 -72.286377
1700.000000 -71.806374
1750.000000 -71.659019
1800.000000 -71.661552
1850.000000 -71.710922
1900.000000 -71.920639
1950.000000 -71.832207
2000.000000 -71.788841
2050.000000 -72.089577
2100.000000 -71.999947
2150.000000 -72.125908
2200.000000 -72.156471
2250.000000 -72.457092
2300.000000 -72.536430
2350.000000 -72.380127
2400.000000 -72.967903
2450.000000 -73.043732
2500.000000 -72.767914
2550.000000 -72.574677
2600.000000 -72.474350
2650.000000 -72.327919
2700.000000 -72.403313
2750.000000 -72.576370
2800.000000 -72.397232
2850.000000 -73.202255
2900.000000 -73.015816
2950.000000 -72.721924
3000.000000 -73.377930
3050.000000 -73.053261
3100.000000 -72.836777
3150.000000 -73.069359
3200.000000 -72.664207
3250.000000 -73.288727
3300.000000 -73.579987
3350.000000 -72.687592
3400.000000 -72.271118
3450.000000 -72.009979
3500.000000 -72.440979
3550.000000 -72.360306
3600.000000 -72.400551
3650.000000 -72.257523
3700.000000 -72.279289
3750.000000 -72.629532
3800.000000 -72.618195
3850.000000 -72.399994
3900.000000 -72.264046
3950.000000 -72.307671
4000.000000 -72.067215
4050.000000 -72.297836
4100.000000 -72.173141
4150.000000 -72.657944
4200.000000 -72.618759
4250.000000 -72.686447
4300.000000 -72.629532
4350.000000 -73.074135
4400.000000 -73.116028
4450.000000 -73.184090
4500.000000 -73.801125
4550.000000 -72.996857
4600.000000 -73.585686
4650.000000 -73.333519
4700.000000 -73.513161
4750.000000 -73.238686
4800.000000 -73.325531
4850.000000 -73.084290
4900.000000 -72.074669
4950.000000 -72.239601
5000.000000 -72.970856
5050.000000 -72.419914
5100.000000 -72.248833
5150.000000 -71.632172
5200.000000 -71.567169
5250.000000 -71.625092
5300.000000 -71.474800
5350.000000 -71.285164
5400.000000 -71.980446
5450.000000 -71.594826
5500.000000 -71.343185
5550.000000 -71.751846
5600.000000 -71.884117
5650.000000 -71.925346
5700.000000 -71.910713
5750.000000 -72.201180
5800.000000 -72.075195
5850.000000 -72.274933
5900.000000 -72.669334
5950.000000 -72.305481
6000.000000 -72.203880
6050.000000 -72.163460
6100.000000 -72.847824
6150.000000 -72.651680
6200.000000 -72.846657
6250.000000 -72.693298
6300.000000 -73.086082
6350.000000 -73.423187
6400.000000 -73.414490
6450.000000 -73.400215
6500.000000 -73.253914
6550.000000 -73.882004
6600.000000 -73.786858
6650.000000 -73.256355
6700.000000 -73.372368
6750.000000 -72.952583
6800.000000 -72.995674
6850.000000 -72.492203
6900.000000 -72.699593
6950.000000 -72.440979
7000.000000 -72.528015
7050.000000 -72.494438
7100.000000 -71.955215
7150.000000 -72.626129
7200.000000 -72.071472
7250.000000 -72.144127
7300.000000 -72.133408
7350.000000 -72.069878
7400.000000 -71.707352
7450.000000 -72.297836
7500.000000 -71.672729
7550.000000 -72.169380
7600.000000 -71.655464
7650.000000 -71.903923
7700.000000 -71.816696
7750.000000 -71.903923
7800.000000 -71.931099
7850.000000 -72.216309
7900.000000 -72.252090
7950.000000 -72.083717
8000.000000 -72.406075
8050.000000 -72.950813
8100.000000 -73.122635
8150.000000 -73.336601
8200.000000 -73.083694
8250.000000 -73.436874
8300.000000 -72.336693
8350.000000 -72.426559
8400.000000 -73.233818
8450.000000 -73.326759
8500.000000 -73.140663
8550.000000 -72.972038
8600.000000 -72.916740
8650.000000 -72.723640
8700.000000 -72.391159
8750.000000 -72.402206
8800.000000 -72.372971
8850.000000 -72.611961
8900.000000 -72.125908
8950.000000 -72.861794
9000.000000 -72.434875
9050.000000 -72.443756
9100.000000 -72.437096
9150.000000 -72.188232
9200.000000 -72.097580
9250.000000 -72.972626
9300.000000 -72.580879
9350.000000 -72.273300
9400.000000 -72.389503
9450.000000 -72.886299
9500.000000 -73.122635
9550.000000 -73.310173
9600.000000 -73.015816
9650.000000 -73.190140
9700.000000 -72.819366
9750.000000 -72.934349
9800.000000 -73.013443
9850.000000 -72.989166
9900.000000 -72.408844
9950.000000 -72.618195
10000.000000 -72.340530
10050.000000 -72.110397
10100.000000 -72.128052
10150.000000 -71.899231
10200.000000 -71.813599
10250.000000 -71.995728
10300.000000 -71.708878
10350.000000 -71.918549
10400.000000 -71.648369
10450.000000 -71.923256
10500.000000 -71.570183
10550.000000 -71.861244
10600.000000 -71.855011
10650.000000 -72.243401
10700.000000 -72.392265
10750.000000 -72.668762
10800.000000 -72.743736
10850.000000 -72.917915
10900.000000 -72.562279
10950.000000 -72.633499
11000.000000 -72.656235
11050.000000 -72.589912
11100.000000 -72.196320
11150.000000 -71.891411
11200.000000 -71.871628
11250.000000 -71.726753
11300.000000 -72.106125
11350.000000 -71.397659
11400.000000 -71.821350
11450.000000 -71.876831
11500.000000 -71.734940
11550.000000 -71.753899
11600.000000 -71.439606
11650.000000 -72.316971
11700.000000 -71.820313
11750.000000 -72.246117
11800.000000 -72.243942
11850.000000 -71.895576
11900.000000 -72.088516
11950.000000 -71.799667
12000.000000 -71.693077
12050.000000 -71.963615
12100.000000 -71.800697
12150.000000 -71.494186
12200.000000 -71.428238
12250.000000 -71.652931
12300.000000 -71.768272
12350.000000 -72.073067
12400.000000 -72.514008
12450.000000 -73.065178
12500.000000 -73.081894
12550.000000 -73.221062
12600.000000 -73.328606
12650.000000 -73.494965
12700.000000 -72.796204
12750.000000 -72.939636
12800.000000 -73.125633
12850.000000 -72.558342
12900.000000 -72.365807
12950.000000 -72.479370
13000.000000 -72.124298
13050.000000 -71.885681
13100.000000 -71.680862
13150.000000 -71.655975
13200.000000 -72.220100
13250.000000 -71.869034
13300.000000 -72.276566
13350.000000 -72.140907
13400.000000 -72.064560
13450.000000 -71.595833
13500.000000 -71.494690
13550.000000 -71.721130
13600.000000 -72.250999
13650.000000 -72.254807
13700.000000 -72.194160
13750.000000 -72.359207
13800.000000 -72.783493
13850.000000 -72.563408
13900.000000 -72.471565
13950.000000 -72.486626
14000.000000 -72.719055
14050.000000 -72.842590
14100.000000 -73.068764
14150.000000 -73.235641
14200.000000 -73.019966
14250.000000 -72.818787
14300.000000 -72.810089
14350.000000 -72.505615
14400.000000 -72.137154
14450.000000 -72.502258
14500.000000 -72.248833
14550.000000 -71.953117
14600.000000 -71.347099
14650.000000 -71.760056
14700.000000 -71.635712
14750.000000 -71.648880
14800.000000 -71.530106
14850.000000 -71.941582
14900.000000 -72.386749
14950.000000 -72.341629
15000.000000 -72.229301
15050.000000 -72.864128
15100.000000 -72.736839
15150.000000 -72.333946
15200.000000 -72.532501
15250.000000 -72.295654
15300.000000 -72.645432
15350.000000 -72.512886
15400.000000 -72.523529
15450.000000 -72.306030
15500.000000 -72.354813
15550.000000 -71.832207
15600.000000 -72.179604
15650.000000 -72.298927
15700.000000 -72.220100
15750.000000 -72.218475
15800.000000 -72.261871
15850.000000 -72.754662
15900.000000 -73.012253
15950.000000 -73.473053
16000.000000 -73.624405
16050.000000 -73.943161
16100.000000 -74.347733
16150.000000 -74.630219
16200.000000 -74.916290
16250.000000 -75.552429
16300.000000 -75.977249
16350.000000 -75.826759
16400.000000 -76.179771
16450.000000 -76.455589
16500.000000 -76.873512
16550.000000 -77.640648
16600.000000 -77.927277
16650.000000 -77.166931
16700.000000 -78.098991
16750.000000 -78.149185
16800.000000 -78.759163
16850.000000 -78.308067
16900.000000 -78.442177
16950.000000 -78.838806
17000.000000 -79.351051
17050.000000 -80.322136
17100.000000 -80.559166
17150.000000 -81.160454
17200.000000 -81.122665
17250.000000 -81.149857
17300.000000 -80.615891
17350.000000 -82.421722
17400.000000 -83.159843
17450.000000 -83.114197
17500.000000 -82.543427
17550.000000 -81.348801
17600.000000 -83.527931
17650.000000 -86.073257
17700.000000 -84.923424
17750.000000 -85.538048
17800.000000 -87.284676
17850.000000 -88.689270
17900.000000 -88.649719
17950.000000 -86.795876
18000.000000 -90.537834
18050.000000 -89.516769
18100.000000 -87.223572
18150.000000 -87.825447
18200.000000 -89.313026
18250.000000 -88.696480
18300.000000 -90.722603
18350.000000 -94.090942
18400.000000 -87.747490
18450.000000 -89.843964
18500.000000 -87.963585
18550.000000 -89.414299
18600.000000 -92.155418
18650.000000 -92.225533
18700.000000 -89.644562
18750.000000 -89.823410
18800.000000 -90.145531
18850.000000 -90.878860
18900.000000 -91.014397
18950.000000 -88.823662
19000.000000 -88.367340
19050.000000 -86.755394
19100.000000 -88.346527
19150.000000 -86.842369
19200.000000 -84.193382
19250.000000 -86.341370
19300.000000 -88.154678
19350.000000 -87.511429
19400.000000 -87.721657
19450.000000 -91.080597
19500.000000 -87.549278
19550.000000 -86.740982
19600.000000 -84.989082
19650.000000 -87.753998
19700.000000 -88.798073
19750.000000 -89.336296
19800.000000 -86.883263
19850.000000 -89.247444
19900.000000 -89.794708
19950.000000 -89.174728
20000.000000 -90.708946
20050.000000 -89.540588
20100.000000 -91.838959
20150.000000 -91.483757
20200.000000 -91.099602
20250.000000 -90.860329
20300.000000 -92.182320
20350.000000 -94.623817
20400.000000 -93.326782
20450.000000 -89.745728
20500.000000 -91.644333
20550.000000 -90.466789
20600.000000 -86.595337
20650.000000 -89.959999
20700.000000 -88.287827
20750.000000 -89.383057
20800.000000 -87.436226
20850.000000 -88.107323
20900.000000 -87.818924
20950.000000 -87.524025
21000.000000 -89.239761
21050.000000 -88.856667
21100.000000 -91.553650
21150.000000 -88.930466
21200.000000 -90.282997
21250.000000 -93.431915
21300.000000 -90.103020
21350.000000 -89.197624
21400.000000 -92.091194
21450.000000 -92.467125
21500.000000 -94.024071
21550.000000 -88.754387
21600.000000 -90.098778
21650.000000 -90.681709
21700.000000 -94.363678
21750.000000 -95.384132
21800.000000 -92.318085
21850.000000 -91.262856
21900.000000 -90.958061
21950.000000 -86.311165
22000.000000 -86.319389
22050.000000 -89.121536
22100.000000 -89.636520
22150.000000 -88.542747
22200.000000 -89.926689
22250.000000 -91.094864
22300.000000 -86.880333
22350.000000 -92.830986
22400.000000 -93.852592
22450.000000 -92.871727
22500.000000 -89.794708
22550.000000 -93.102264
22600.000000 -91.538628
22650.000000 -90.098778
22700.000000 -91.518631
22750.000000 -94.928871
22800.000000 -89.644562
22850.000000 -90.313362
22900.000000 -87.358574
22950.000000 -89.091278
23000.000000 -87.539795
23050.000000 -88.653305
23100.000000 -89.766098
23150.000000 -89.091278
23200.000000 -89.798798
23250.000000 -87.986839
23300.000000 -87.799385
23350.000000 -91.725754
23400.000000 -92.022156
23450.000000 -92.252647
23500.000000 -91.171249
23550.000000 -90.524467
23600.000000 -89.402557
23650.000000 -91.634216
23700.000000 -92.630119
23750.000000 -89.737587
23800.000000 -87.309242
23850.000000 -88.875053
23900.000000 -87.779892
23950.000000 -86.474403
24000.000000 -91.142517
24050.000000 -90.171677
24100.000000 -88.761650
24150.000000 -88.549835
24200.000000 -95.557228
24250.000000 -95.093040
24300.000000 -91.890907
24350.000000 -94.928871
24400.000000 -92.372986
24450.000000 -90.309013
24500.000000 -89.656639
24550.000000 -93.652458
24600.000000 -89.935005
24650.000000 -89.680847
24700.000000 -88.845650
24750.000000 -93.846062
24800.000000 -93.138275
24850.000000 -94.151566
24900.000000 -94.426239
24950.000000 -87.013031
25000.000000 -94.329109
25050.000000 -91.513641
25100.000000 -91.099602
25150.000000 -92.522987
25200.000000 -89.504883
25250.000000 -88.664078
25300.000000 -94.496284
25350.000000 -90.613968
25400.000000 -90.749977
25450.000000 -92.389526
25500.000000 -91.548637
25550.000000 -92.203896
25600.000000 -92.080544
25650.000000 -90.094536
25700.000000 -89.270531
25750.000000 -90.791191
25800.000000 -89.132919
25850.000000 -87.724884
25900.000000 -89.197624
25950.000000 -85.283546
26000.000000 -85.545578
26050.000000 -88.287827
26100.000000 -89.864571
26150.000000 -86.848198
26200.000000 -89.532639
26250.000000 -90.209694
26300.000000 -88.631798
26350.000000 -88.535660
26400.000000 -92.428238
26450.000000 -92.075218
26500.000000 -91.548637
26550.000000 -94.609550
26600.000000 -95.018036
26650.000000 -90.837227
26700.000000 -89.697021
26750.000000 -90.154060
26800.000000 -91.253166
26850.000000 -87.881096
26900.000000 -89.258980
26950.000000 -89.616447
27000.000000 -90.627480
27050.000000 -87.327934
27100.000000 -85.988335
27150.000000 -89.881096
27200.000000 -90.551224
27250.000000 -93.186531
27300.000000 -90.497803
27350.000000 -94.342918
27400.000000 -92.274429
27450.000000 -90.387543
27500.000000 -92.225533
27550.000000 -91.277412
27600.000000 -94.717094
27650.000000 -92.059265
27700.000000 -92.389526
27750.000000 -94.391426
27800.000000 -90.804977
27850.000000 -90.837227
27900.000000 -94.782272
27950.000000 -90.869591
28000.000000 -86.522011
28050.000000 -88.010124
28100.000000 -88.692879
28150.000000 -88.458107
28200.000000 -88.178391
28250.000000 -87.651016
28300.000000 -85.777008
28350.000000 -87.235764
28400.000000 -88.588936
28450.000000 -88.486229
28500.000000 -89.117744
28550.000000 -89.121536
28600.000000 -87.854866
28650.000000 -89.656639
28700.000000 -89.053612
28750.000000 -88.236359
28800.000000 -89.864571
28850.000000 -91.365250
28900.000000 -92.395042
28950.000000 -92.198502
29000.000000 -94.782272
29050.000000 -92.450439
29100.000000 -92.664223
29150.000000 -90.627480
29200.000000 -90.484497
29250.000000 -91.528625
29300.000000 -89.628487
29350.000000 -91.156868
29400.000000 -90.488930
29450.000000 -90.488930
29500.000000 -93.937912
29550.000000 -89.516769
29600.000000 -91.578743
29650.000000 -92.301682
29700.000000 -93.241142
29750.000000 -91.483757
29800.000000 -87.220528
29850.000000 -91.444077
29900.000000 -88.638962
29950.000000 -87.927193
30000.000000 -87.296951
30050.000000 -86.202217
30100.000000 -87.747490
30150.000000 -87.120674
30200.000000 -91.243492
30250.000000 -88.871376
30300.000000 -90.056488
30350.000000 -90.235497
30400.000000 -89.282104
30450.000000 -87.705551
30500.000000 -89.897644
30550.000000 -89.437843
30600.000000 -90.313362
30650.000000 -89.749802
30700.000000 -88.934166
30750.000000 -88.127571
30800.000000 -92.027451
30850.000000 -88.882423
30900.000000 -88.997421
30950.000000 -88.714539
31000.000000 -89.102615
31050.000000 -93.444366
31100.000000 -89.576431
31150.000000 -86.689301
31200.000000 -88.465126
31250.000000 -86.874481
31300.000000 -88.493271
31350.000000 -88.667671
31400.000000 -88.080399
31450.000000 -87.414413
31500.000000 -87.072670
31550.000000 -86.856949
31600.000000 -85.145844
31650.000000 -88.949005
31700.000000 -89.258980
31750.000000 -91.316338
31800.000000 -90.365662
31850.000000 -94.775002
31900.000000 -92.802010
31950.000000 -90.832611
32000.000000 -92.579208
32050.000000 -92.854248
32100.000000 -91.953865
32150.000000 -91.258011
32200.000000 -88.370811
32250.000000 -91.583771
32300.000000 -91.200073
32350.000000 -91.771881
32400.000000 -87.721657
32450.000000 -88.624641
32500.000000 -87.831978
32550.000000 -86.116028
32600.000000 -88.284386
32650.000000 -89.508842
32700.000000 -88.549835
32750.000000 -87.741028
32800.000000 -88.360397
32850.000000 -87.426872
32900.000000 -89.540588
32950.000000 -89.697021
33000.000000 -87.667023
33050.000000 -92.166168
33100.000000 -91.409500
33150.000000 -91.766747
33200.000000 -92.356476
33250.000000 -90.537834
33300.000000 -88.900871
33350.000000 -90.094536
33400.000000 -91.619049
33450.000000 -88.975044
33500.000000 -91.985207
33550.000000 -93.186531
33600.000000 -96.115158
33650.000000 -92.813591
33700.000000 -92.323555
33750.000000 -91.598877
33800.000000 -90.754547
33850.000000 -91.047432
33900.000000 -92.681328
33950.000000 -88.514442
34000.000000 -90.506683
34050.000000 -88.787132
34100.000000 -91.771881
34150.000000 -91.695129
34200.000000 -91.458939
34250.000000 -91.330986
34300.000000 -90.282997
34350.000000 -90.179695
34400.000000 -88.066971
34450.000000 -87.514580
34500.000000 -86.073257
34550.000000 -88.332680
34600.000000 -88.882439
34650.000000 -90.244118
34700.000000 -91.833778
34750.000000 -92.652840
34800.000000 -92.323555
34850.000000 -91.849319
34900.000000 -92.467125
34950.000000 -90.361290
35000.000000 -88.581818
35050.000000 -88.447586
35100.000000 -88.960159
35150.000000 -91.523628
35200.000000 -92.133957
35250.000000 -91.384888
35300.000000 -91.449028
35350.000000 -93.582542
35400.000000 -89.831627
35450.000000 -92.155418
35500.000000 -90.888138
35550.000000 -91.751350
35600.000000 -92.241791
35650.000000 -91.608955
35700.000000 -92.133957
35750.000000 -88.941582
35800.000000 -87.867973
35850.000000 -82.132339
35900.000000 -80.124954
35950.000000 -76.898521
36000.000000 -76.132088
36050.000000 -74.329773
36100.000000 -72.548782
36150.000000 -72.404968
36200.000000 -71.623070
36250.000000 -71.072037
36300.000000 -70.624306
36350.000000 -70.048882
36400.000000 -70.251427
36450.000000 -70.232040
36500.000000 -70.040039
36550.000000 -70.518227
36600.000000 -70.184387
36650.000000 -70.282547
36700.000000 -70.264816
36750.000000 -70.413422
36800.000000 -70.642342
36850.000000 -70.774666
36900.000000 -71.727264
36950.000000 -71.916466
37000.000000 -72.363060
37050.000000 -72.649979
37100.000000 -73.085487
37150.000000 -74.004753
37200.000000 -74.447868
37250.000000 -75.185410
37300.000000 -75.098289
37350.000000 -74.723564
37400.000000 -74.859634
37450.000000 -75.757362
37500.000000 -74.923668
37550.000000 -75.677223
37600.000000 -74.514565
37650.000000 -74.968857
37700.000000 -74.581779
37750.000000 -74.551292
37800.000000 -74.130608
37850.000000 -73.242950
37900.000000 -73.571762
37950.000000 -73.288116
38000.000000 -72.859467
38050.000000 -72.883965
38100.000000 -72.659653
38150.000000 -72.548782
38200.000000 -71.980446
38250.000000 -72.184998
38300.000000 -71.866432
38350.000000 -71.956787
38400.000000 -71.685440
38450.000000 -72.042793
38500.000000 -72.248833
38550.000000 -72.397232
38600.000000 -72.183914
38650.000000 -72.152176
38700.000000 -72.806618
38750.000000 -72.992119
38800.000000 -73.027687
38850.000000 -73.468681
38900.000000 -73.241119
38950.000000 -73.244164
39000.000000 -73.755798
39050.000000 -73.704285
39100.000000 -73.364952
39150.000000 -73.990143
39200.000000 -73.245384
39250.000000 -73.600899
39300.000000 -73.315697
39350.000000 -73.179253
39400.000000 -73.175026
39450.000000 -73.191956
39500.000000 -73.167786
39550.000000 -72.621025
39600.000000 -72.044380
39650.000000 -72.125908
39700.000000 -72.471008
39750.000000 -72.024780
39800.000000 -71.613983
39850.000000 -71.690018
39900.000000 -71.616005
39950.000000 -71.622063
40000.000000 -71.842049
