0.000000 -75.254974
50.000000 -74.515274
100.000000 -73.480568
150.000000 -73.144272
200.000000 -73.237473
250.000000 -73.345222
300.000000 -73.149094
350.000000 -73.582520
400.000000 -73.561653
450.000000 -73.129837
500.000000 -73.020561
550.000000 -73.623131
600.000000 -73.824532
650.000000 -73.893814
700.000000 -74.474487
750.000000 -74.932541
800.000000 -74.822311
850.000000 -75.216682
900.000000 -75.657104
950.000000 -75.181602
1000.000000 -75.581871
1050.000000 -75.201416
1100.000000 -74.825966
1150.000000 -74.310478
1200.000000 -74.540680
1250.000000 -74.041382
1300.000000 -73.683769
1350.000000 -73.701721
1400.000000 -73.771317
1450.000000 -73.415115
1500.000000 -73.310173
1550.000000 -73.300362
1600.000000 -73.263687
1650.000000 -73.052071
1700.000000 -72.896828
1750.000000 -73.059814
1800.000000 -73.529503
1850.000000 -73.528244
1900.000000 -73.775200
1950.000000 -74.392097
2000.000000 -74.122520
2050.000000 -74.232353
2100.000000 -74.835464
2150.000000 -75.023987
2200.000000 -75.092270
2250.000000 -75.016518
2300.000000 -75.666756
2350.000000 -75.715179
2400.000000 -75.427055
2450.000000 -75.713562
2500.000000 -74.730064
2550.000000 -74.209183
2600.000000 -73.925362
2650.000000 -73.115433
2700.000000 -72.669899
2750.000000 -72.972038
2800.000000 -72.828644
2850.000000 -72.368561
2900.000000 -72.732826
2950.000000 -73.086678
3000.000000 -73.545876
3050.000000 -73.024124
3100.000000 -73.313248
3150.000000 -73.463684
3200.000000 -73.526360
3250.000000 -74.045387
3300.000000 -73.976219
3350.000000 -74.496262
3400.000000 -74.676048
3450.000000 -75.906647
3500.000000 -75.751671
3550.000000 -76.156746
3600.000000 -75.794853
3650.000000 -75.471008
3700.000000 -74.506821
3750.000000 -74.412270
3800.000000 -73.837563
3850.000000 -73.788803
3900.000000 -73.247208
3950.000000 -73.307106
4000.000000 -72.667625
4050.000000 -72.652252
4100.000000 -72.667053
4150.000000 -72.601212
4200.000000 -72.463211
4250.000000 -73.031250
4300.000000 -73.147888
4350.000000 -73.273445
4400.000000 -73.678642
4450.000000 -73.989479
4500.000000 -73.313248
4550.000000 -74.353264
4600.000000 -74.306351
4650.000000 -74.650955
4700.000000 -74.851570
4750.000000 -74.235764
4800.000000 -74.764091
4850.000000 -74.706978
4900.000000 -74.518089
4950.000000 -74.785149
5000.000000 -74.509636
5050.000000 -74.456268
5100.000000 -74.282303
5150.000000 -74.335991
5200.000000 -73.859756
5250.000000 -74.090912
5300.000000 -73.676086
5350.000000 -73.683128
5400.000000 -73.734512
5450.000000 -73.834305
5500.000000 -74.052742
5550.000000 -73.744827
5600.000000 -73.718422
5650.000000 -74.429008
5700.000000 -74.040718
5750.000000 -74.098305
5800.000000 -74.967369
5850.000000 -75.331291
5900.000000 -74.911858
5950.000000 -75.184654
6000.000000 -75.334389
6050.000000 -74.994141
6100.000000 -74.954758
6150.000000 -74.680359
6200.000000 -74.226891
6250.000000 -74.078171
6300.000000 -73.948448
6350.000000 -73.701080
6400.000000 -73.489326
6450.000000 -73.559128
6500.000000 -73.160545
6550.000000 -73.679924
6600.000000 -74.091591
6650.000000 -74.186081
6700.000000 -74.669586
6750.000000 -74.961433
6800.000000 -75.479668
6850.000000 -74.842049
6900.000000 -74.396965
6950.000000 -74.413666
7000.000000 -74.235077
7050.000000 -74.524437
7100.000000 -73.335365
7150.000000 -73.553444
7200.000000 -73.449333
7250.000000 -73.426918
7300.000000 -74.110405
7350.000000 -74.165070
7400.000000 -73.136452
7450.000000 -73.105835
7500.000000 -73.428162
7550.000000 -73.166573
7600.000000 -73.372986
7650.000000 -73.569870
7700.000000 -73.207100
7750.000000 -73.139458
7800.000000 -73.412628
7850.000000 -73.894463
7900.000000 -74.158974
7950.000000 -74.160332
8000.000000 -74.435989
8050.000000 -74.665283
8100.000000 -74.929581
8150.000000 -74.885338
8200.000000 -75.071198
8250.000000 -74.831078
8300.000000 -74.965141
8350.000000 -74.866234
8400.000000 -74.735123
8450.000000 -74.937721
8500.000000 -74.572556
8550.000000 -74.196945
8600.000000 -74.209183
8650.000000 -74.080849
8700.000000 -74.031380
8750.000000 -73.733871
8800.000000 -73.924049
8850.000000 -73.158730
8900.000000 -72.885132
8950.000000 -73.449333
9000.000000 -73.123833
9050.000000 -73.505653
9100.000000 -74.029381
9150.000000 -73.673523
9200.000000 -74.203743
9250.000000 -73.461807
9300.000000 -73.508759
9350.000000 -73.711998
9400.000000 -73.670326
9450.000000 -73.585052
9500.000000 -73.307724
9550.000000 -73.523842
9600.000000 -73.552185
9650.000000 -74.161018
9700.000000 -74.429703
9750.000000 -74.961433
9800.000000 -74.332535
9850.000000 -74.332535
9900.000000 -74.473785
9950.000000 -74.063438
10000.000000 -73.403320
10050.000000 -74.086220
10100.000000 -74.201027
10150.000000 -73.823227
10200.000000 -73.975563
10250.000000 -74.254898
10300.000000 -74.129265
10350.000000 -73.479309
10400.000000 -73.420700
10450.000000 -73.497467
10500.000000 -73.194984
10550.000000 -73.407661
10600.000000 -73.420700
10650.000000 -73.461182
10700.000000 -73.665848
10750.000000 -74.259682
10800.000000 -74.064774
10850.000000 -74.449966
10900.000000 -74.297409
10950.000000 -73.534538
11000.000000 -73.859100
11050.000000 -74.248741
11100.000000 -74.592445
11150.000000 -74.435287
11200.000000 -73.893150
11250.000000 -74.741631
11300.000000 -74.098976
11350.000000 -73.935249
11400.000000 -73.571762
11450.000000 -73.486191
11500.000000 -73.128036
11550.000000 -73.420700
11600.000000 -73.378548
11650.000000 -73.381638
11700.000000 -73.323067
11750.000000 -73.549026
11800.000000 -73.633949
11850.000000 -74.130608
11900.000000 -73.949104
11950.000000 -74.427612
12000.000000 -74.235764
12050.000000 -74.646660
12100.000000 -73.826485
12150.000000 -74.379593
12200.000000 -74.538567
12250.000000 -74.081520
12300.000000 -73.733223
12350.000000 -74.613808
12400.000000 -74.326324
12450.000000 -74.218033
12500.000000 -73.916145
12550.000000 -74.629501
12600.000000 -74.219398
12650.000000 -74.587463
12700.000000 -74.618797
12750.000000 -73.797882
12800.000000 -73.513161
12850.000000 -73.440605
12900.000000 -74.012733
12950.000000 -73.476181
13000.000000 -73.690819
13050.000000 -73.356316
13100.000000 -73.223488
13150.000000 -72.694443
13200.000000 -72.927299
13250.000000 -73.148491
13300.000000 -73.458061
13350.000000 -73.718422
13400.000000 -73.461182
13450.000000 -74.007416
13500.000000 -73.711998
13550.000000 -74.207825
13600.000000 -73.814774
13650.000000 -74.518089
13700.000000 -74.109734
13750.000000 -74.258316
13800.000000 -74.413666
13850.000000 -74.339439
13900.000000 -74.032043
13950.000000 -74.320816
14000.000000 -74.006081
14050.000000 -74.167099
14100.000000 -74.476593
14150.000000 -74.525146
14200.000000 -74.022720
14250.000000 -74.263794
14300.000000 -74.157623
14350.000000 -74.200340
14400.000000 -74.321503
14450.000000 -74.678200
14500.000000 -74.508934
14550.000000 -74.542809
14600.000000 -74.443672
14650.000000 -73.848648
14700.000000 -74.839127
14750.000000 -74.466774
14800.000000 -75.177803
14850.000000 -74.355347
14900.000000 -73.908913
14950.000000 -73.469933
15000.000000 -74.084206
15050.000000 -73.897095
15100.000000 -73.364334
15150.000000 -72.951996
15200.000000 -72.816467
15250.000000 -73.118431
15300.000000 -72.923782
15350.000000 -72.885132
15400.000000 -72.960831
15450.000000 -72.830391
15500.000000 -73.520065
15550.000000 -73.633949
15600.000000 -73.972252
15650.000000 -74.396263
15700.000000 -73.685051
15750.000000 -74.485718
15800.000000 -74.495560
15850.000000 -74.982979
15900.000000 -75.327423
15950.000000 -75.553230
16000.000000 -75.816116
16050.000000 -76.138031
16100.000000 -75.993950
16150.000000 -75.755737
16200.000000 -76.438858
16250.000000 -77.834717
16300.000000 -77.290230
16350.000000 -78.216919
16400.000000 -78.505547
16450.000000 -78.620117
16500.000000 -79.383087
16550.000000 -79.844482
16600.000000 -80.377327
16650.000000 -80.802849
16700.000000 -80.836342
16750.000000 -81.971214
16800.000000 -80.282341
16850.000000 -81.890099
16900.000000 -81.633606
16950.000000 -83.577812
17000.000000 -82.808540
17050.000000 -82.499138
17100.000000 -83.305984
17150.000000 -83.329285
17200.000000 -84.466103
17250.000000 -84.461670
17300.000000 -84.939804
17350.000000 -85.121910
17400.000000 -86.355133
17450.000000 -82.063156
17500.000000 -84.656563
17550.000000 -83.843964
17600.000000 -84.204132
17650.000000 -85.448265
17700.000000 -86.567055
17750.000000 -88.631798
17800.000000 -87.619095
17850.000000 -88.827324
17900.000000 -86.363396
17950.000000 -90.396309
18000.000000 -85.748703
18050.000000 -89.815193
18100.000000 -88.212440
18150.000000 -87.498848
18200.000000 -86.311165
18250.000000 -90.736275
18300.000000 -86.281387
18350.000000 -85.588348
18400.000000 -89.741653
18450.000000 -89.520729
18500.000000 -88.617485
18550.000000 -90.400703
18600.000000 -92.334518
18650.000000 -90.613968
18700.000000 -90.240189
18750.000000 -89.588417
18800.000000 -90.409485
18850.000000 -91.705322
18900.000000 -91.543625
18950.000000 -93.204697
19000.000000 -91.014397
19050.000000 -91.964165
19100.000000 -89.355728
19150.000000 -96.226021
19200.000000 -92.601799
19250.000000 -90.699860
19300.000000 -90.304672
19350.000000 -93.678024
19400.000000 -92.329033
19450.000000 -92.220116
19500.000000 -90.897430
19550.000000 -90.600487
19600.000000 -87.953644
19650.000000 -89.528671
19700.000000 -86.322136
19750.000000 -89.955826
19800.000000 -90.048058
19850.000000 -88.743500
19900.000000 -88.621063
19950.000000 -90.352570
20000.000000 -88.026802
20050.000000 -87.389549
20100.000000 -87.917297
20150.000000 -87.631851
20200.000000 -88.549835
20250.000000 -87.024933
20300.000000 -92.307228
20350.000000 -89.351837
20400.000000 -90.265694
20450.000000 -88.768929
20500.000000 -90.740837
20550.000000 -88.911949
20600.000000 -89.328529
20650.000000 -89.016113
20700.000000 -88.020126
20750.000000 -87.789635
20800.000000 -88.500328
20850.000000 -89.282104
20900.000000 -88.703697
20950.000000 -88.426582
21000.000000 -88.489754
21050.000000 -88.489754
21100.000000 -89.197624
21150.000000 -89.001152
21200.000000 -90.591507
21250.000000 -87.673431
21300.000000 -86.578362
21350.000000 -91.777023
21400.000000 -90.677177
21450.000000 -90.006012
21500.000000 -89.159492
21550.000000 -93.138275
21600.000000 -87.606354
21650.000000 -88.239777
21700.000000 -88.110695
21750.000000 -89.922539
21800.000000 -88.134331
21850.000000 -90.400703
21900.000000 -88.871376
21950.000000 -87.539795
22000.000000 -86.006836
22050.000000 -86.116028
22100.000000 -87.867973
22150.000000 -87.792885
22200.000000 -86.488380
22250.000000 -88.147865
22300.000000 -88.721771
22350.000000 -86.466026
22400.000000 -85.789909
22450.000000 -86.424271
22500.000000 -87.251022
22550.000000 -88.343063
22600.000000 -87.874535
22650.000000 -87.527184
22700.000000 -87.552437
22750.000000 -89.163300
22800.000000 -88.703697
22850.000000 -87.638237
22900.000000 -88.787132
22950.000000 -91.185646
23000.000000 -90.400703
23050.000000 -89.943329
23100.000000 -87.105667
23150.000000 -86.415947
23200.000000 -87.383347
23250.000000 -84.122795
23300.000000 -87.976852
23350.000000 -88.016792
23400.000000 -87.568260
23450.000000 -88.986221
23500.000000 -88.472160
23550.000000 -87.750725
23600.000000 -87.389549
23650.000000 -88.253479
23700.000000 -87.923897
23750.000000 -88.621078
23800.000000 -87.150810
23850.000000 -88.787132
23900.000000 -90.524467
23950.000000 -92.225533
24000.000000 -90.925362
24050.000000 -90.925362
24100.000000 -89.500923
24150.000000 -90.326408
24200.000000 -89.684883
24250.000000 -94.638351
24300.000000 -91.028542
24350.000000 -89.672768
24400.000000 -88.243202
24450.000000 -89.955826
24500.000000 -88.889793
24550.000000 -88.975044
24600.000000 -88.660484
24650.000000 -88.656898
24700.000000 -88.841980
24750.000000 -91.896118
24800.000000 -88.426582
24850.000000 -91.513641
24900.000000 -90.103020
24950.000000 -91.389801
25000.000000 -88.381241
25050.000000 -91.335869
25100.000000 -91.608955
25150.000000 -93.419479
25200.000000 -90.591507
25250.000000 -89.019852
25300.000000 -89.477211
25350.000000 -89.493011
25400.000000 -87.953644
25450.000000 -91.094849
25500.000000 -90.027008
25550.000000 -89.939163
25600.000000 -90.916039
25650.000000 -92.417160
25700.000000 -92.483849
25750.000000 -90.604980
25800.000000 -90.444702
25850.000000 -92.658531
25900.000000 -91.473824
25950.000000 -91.890907
26000.000000 -91.523682
26050.000000 -90.860329
26100.000000 -91.498688
26150.000000 -89.453568
26200.000000 -90.740837
26250.000000 -89.997627
26300.000000 -89.770180
26350.000000 -89.083733
26400.000000 -88.963875
26450.000000 -87.718437
26500.000000 -88.437157
26550.000000 -87.266304
26600.000000 -87.383347
26650.000000 -86.894974
26700.000000 -89.705116
26750.000000 -90.064926
26800.000000 -90.309036
26850.000000 -90.209694
26900.000000 -91.995750
26950.000000 -91.478790
27000.000000 -91.953659
27050.000000 -91.813103
27100.000000 -94.461189
27150.000000 -94.205811
27200.000000 -95.597054
27250.000000 -93.388466
27300.000000 -93.806999
27350.000000 -91.964165
27400.000000 -92.865898
27450.000000 -92.006302
27500.000000 -91.990479
27550.000000 -92.738586
27600.000000 -91.291992
27650.000000 -91.664619
27700.000000 -91.042709
27750.000000 -93.582542
27800.000000 -93.114250
27850.000000 -94.151566
27900.000000 -91.833778
27950.000000 -94.825989
28000.000000 -93.469330
28050.000000 -95.493881
28100.000000 -94.131310
28150.000000 -94.419266
28200.000000 -93.525749
28250.000000 -93.481834
28300.000000 -92.001022
28350.000000 -90.990883
28400.000000 -90.094536
28450.000000 -91.563675
28500.000000 -91.503670
28550.000000 -91.171249
28600.000000 -93.332932
28650.000000 -89.390823
28700.000000 -87.809151
28750.000000 -87.072670
28800.000000 -87.084648
28850.000000 -90.841911
28900.000000 -90.422676
28950.000000 -91.771881
29000.000000 -93.678024
29050.000000 -89.741653
29100.000000 -90.326408
29150.000000 -92.075218
29200.000000 -94.239883
29250.000000 -91.777023
29300.000000 -92.043343
29350.000000 -92.422699
29400.000000 -89.110176
29450.000000 -91.180847
29500.000000 -88.787132
29550.000000 -87.897530
29600.000000 -89.881241
29650.000000 -86.680710
29700.000000 -87.072670
29750.000000 -86.603836
29800.000000 -90.244118
29850.000000 -89.972557
29900.000000 -89.064896
29950.000000 -87.420639
30000.000000 -90.506683
30050.000000 -91.180847
30100.000000 -92.166168
30150.000000 -86.666428
30200.000000 -86.488380
30250.000000 -87.220528
30300.000000 -89.564468
30350.000000 -88.860336
30400.000000 -88.510910
30450.000000 -92.203896
30500.000000 -90.578056
30550.000000 -92.290756
30600.000000 -90.786606
30650.000000 -90.888138
30700.000000 -92.573570
30750.000000 -90.573578
30800.000000 -91.838959
30850.000000 -91.679863
30900.000000 -91.204887
30950.000000 -90.056488
31000.000000 -88.841980
31050.000000 -89.876961
31100.000000 -87.593643
31150.000000 -88.667671
31200.000000 -88.564034
31250.000000 -86.567055
31300.000000 -90.081833
31350.000000 -87.940407
31400.000000 -89.282104
31450.000000 -88.073685
31500.000000 -88.798073
31550.000000 -90.244118
31600.000000 -89.680847
31650.000000 -88.696480
31700.000000 -87.251022
31750.000000 -87.327713
31800.000000 -88.363869
31850.000000 -87.835243
31900.000000 -88.596069
31950.000000 -87.644623
32000.000000 -88.195404
32050.000000 -91.052162
32100.000000 -92.584846
32150.000000 -89.117744
32200.000000 -85.463150
32250.000000 -89.745728
32300.000000 -87.193184
32350.000000 -88.367340
32400.000000 -86.889114
32450.000000 -88.486229
32500.000000 -87.211403
32550.000000 -87.993469
32600.000000 -86.267418
32650.000000 -86.094795
32700.000000 -85.728180
32750.000000 -85.666885
32800.000000 -87.555603
32850.000000 -91.009689
32900.000000 -89.031097
32950.000000 -87.673431
33000.000000 -90.018608
33050.000000 -89.668732
33100.000000 -89.422134
33150.000000 -90.855705
33200.000000 -96.784309
33250.000000 -92.356476
33300.000000 -91.700226
33350.000000 -91.823471
33400.000000 -93.481834
33450.000000 -92.889267
33500.000000 -88.692879
33550.000000 -91.171249
33600.000000 -91.498688
33650.000000 -90.022804
33700.000000 -94.267242
33750.000000 -90.064926
33800.000000 -88.606773
33850.000000 -87.692688
33900.000000 -88.621063
33950.000000 -88.339600
34000.000000 -90.149864
34050.000000 -89.453568
34100.000000 -89.205269
34150.000000 -89.379143
34200.000000 -91.023827
34250.000000 -92.345490
34300.000000 -88.617485
34350.000000 -86.421501
34400.000000 -89.544563
34450.000000 -89.564514
34500.000000 -89.500923
34550.000000 -90.497803
34600.000000 -86.871559
34650.000000 -88.729004
34700.000000 -90.528923
34750.000000 -88.889793
34800.000000 -86.983368
34850.000000 -89.313026
34900.000000 -86.695023
34950.000000 -86.836548
35000.000000 -88.398651
35050.000000 -89.061134
35100.000000 -86.856949
35150.000000 -86.697891
35200.000000 -86.804573
35250.000000 -86.986328
35300.000000 -88.860336
35350.000000 -89.876961
35400.000000 -90.235497
35450.000000 -88.174995
35500.000000 -90.370033
35550.000000 -89.560486
35600.000000 -86.346870
35650.000000 -86.410400
35700.000000 -88.402138
35750.000000 -87.318466
35800.000000 -86.234756
35850.000000 -87.467484
35900.000000 -82.122185
35950.000000 -79.869255
36000.000000 -77.616432
36050.000000 -74.593864
36100.000000 -73.751282
36150.000000 -72.897995
36200.000000 -71.581253
36250.000000 -71.276421
36300.000000 -71.014381
36350.000000 -70.295547
36400.000000 -70.377892
36450.000000 -71.056404
36500.000000 -70.861244
36550.000000 -71.048363
36600.000000 -70.852455
36650.000000 -71.555130
36700.000000 -71.650902
36750.000000 -72.701874
36800.000000 -72.798515
36850.000000 -73.291176
36900.000000 -73.901688
36950.000000 -74.376129
37000.000000 -74.480103
37050.000000 -75.745995
37100.000000 -76.718628
37150.000000 -77.227394
37200.000000 -77.879250
37250.000000 -76.911514
37300.000000 -75.953094
37350.000000 -75.862907
37400.000000 -75.228920
37450.000000 -74.559082
37500.000000 -73.266113
37550.000000 -72.584831
37600.000000 -72.620461
37650.000000 -72.025841
37700.000000 -71.982552
37750.000000 -72.358109
37800.000000 -72.148422
37850.000000 -72.443199
37900.000000 -72.974983
37950.000000 -72.926125
38000.000000 -72.811249
38050.000000 -72.808357
38100.000000 -73.831047
38150.000000 -73.876778
38200.000000 -75.230446
38250.000000 -75.106583
38300.000000 -75.839066
38350.000000 -75.769569
38400.000000 -75.093018
38450.000000 -74.808449
38500.000000 -74.688980
38550.000000 -74.287788
38600.000000 -74.312546
38650.000000 -74.248055
38700.000000 -74.226212
38750.000000 -73.911545
38800.000000 -74.003426
38850.000000 -73.988815
38900.000000 -73.946465
38950.000000 -73.545876
39000.000000 -74.187439
39050.000000 -74.087563
39100.000000 -73.876770
39150.000000 -73.893814
39200.000000 -73.582520
39250.000000 -73.503113
39300.000000 -73.275887
39350.000000 -73.720352
39400.000000 -73.589485
39450.000000 -73.611053
39500.000000 -74.191513
39550.000000 -74.358803
39600.000000 -74.332535
39650.000000 -74.661697
39700.000000 -74.999359
39750.000000 -74.688263
39800.000000 -75.324326
39850.000000 -74.737297
39900.000000 -75.449791
39950.000000 -75.750862
40000.000000 -75.168678
