0.000000 -75.007561
50.000000 -75.550049
100.000000 -75.518349
150.000000 -75.041191
200.000000 -74.691856
250.000000 -74.567589
300.000000 -74.392097
350.000000 -74.709137
400.000000 -74.615944
450.000000 -74.230988
500.000000 -73.172615
550.000000 -73.082497
600.000000 -73.354462
650.000000 -72.962601
700.000000 -72.978531
750.000000 -72.825745
800.000000 -72.688728
850.000000 -72.944344
900.000000 -72.500023
950.000000 -72.755241
1000.000000 -72.590477
1050.000000 -72.217934
1100.000000 -73.108833
1150.000000 -73.125633
1200.000000 -73.332291
1250.000000 -73.699150
1300.000000 -73.772606
1350.000000 -74.190834
1400.000000 -74.587463
1450.000000 -74.626648
1500.000000 -74.974052
1550.000000 -74.928108
1600.000000 -75.071945
1650.000000 -74.538567
1700.000000 -74.640221
1750.000000 -74.699059
1800.000000 -74.498375
1850.000000 -74.004089
1900.000000 -73.812820
1950.000000 -73.469933
2000.000000 -73.834305
2050.000000 -73.495590
2100.000000 -73.317543
2150.000000 -72.884552
2200.000000 -72.849571
2250.000000 -72.858299
2300.000000 -72.816467
2350.000000 -72.989754
2400.000000 -73.087280
2450.000000 -73.225922
2500.000000 -73.337212
2550.000000 -73.230171
2600.000000 -73.594559
2650.000000 -73.467430
2700.000000 -73.140060
2750.000000 -73.029465
2800.000000 -73.331673
2850.000000 -73.227135
2900.000000 -73.219238
2950.000000 -73.530769
3000.000000 -73.555336
3050.000000 -74.383064
3100.000000 -74.451370
3150.000000 -74.210548
3200.000000 -73.879387
3250.000000 -74.157623
3300.000000 -74.051399
3350.000000 -73.988152
3400.000000 -73.904312
3450.000000 -73.880043
3500.000000 -73.689529
3550.000000 -73.677361
3600.000000 -72.837936
3650.000000 -73.104637
3700.000000 -73.145477
3750.000000 -73.140060
3800.000000 -72.908539
3850.000000 -73.564812
3900.000000 -73.157524
3950.000000 -73.157524
4000.000000 -73.167175
4050.000000 -73.164764
4100.000000 -73.858444
4150.000000 -73.648613
4200.000000 -73.903656
4250.000000 -73.903656
4300.000000 -73.453697
4350.000000 -73.538315
4400.000000 -73.998108
4450.000000 -73.869568
4500.000000 -73.968277
4550.000000 -74.059425
4600.000000 -74.548462
4650.000000 -73.853874
4700.000000 -73.658180
4750.000000 -73.280167
4800.000000 -73.300980
4850.000000 -73.264893
4900.000000 -72.967903
4950.000000 -72.521286
5000.000000 -72.871704
5050.000000 -72.717339
5100.000000 -72.719055
5150.000000 -72.398895
5200.000000 -72.591042
5250.000000 -73.023529
5300.000000 -72.349312
5350.000000 -72.703018
5400.000000 -73.048492
5450.000000 -72.885132
5500.000000 -72.906189
5550.000000 -73.221664
5600.000000 -73.720993
5650.000000 -73.294243
5700.000000 -73.366806
5750.000000 -73.942505
5800.000000 -74.323578
5850.000000 -74.007416
5900.000000 -74.345657
5950.000000 -74.679642
6000.000000 -74.653816
6050.000000 -75.311188
6100.000000 -75.438019
6150.000000 -74.554123
6200.000000 -75.478882
6250.000000 -75.278801
6300.000000 -75.145912
6350.000000 -74.313232
6400.000000 -74.283669
6450.000000 -73.941185
6500.000000 -73.315086
6550.000000 -73.312630
6600.000000 -73.233818
6650.000000 -72.490524
6700.000000 -72.914978
6750.000000 -73.140060
6800.000000 -72.434319
6850.000000 -72.446533
6900.000000 -72.369110
6950.000000 -72.616493
7000.000000 -72.636909
7050.000000 -72.688156
7100.000000 -73.340904
7150.000000 -73.372986
7200.000000 -73.250259
7250.000000 -73.957031
7300.000000 -73.998772
7350.000000 -74.127235
7400.000000 -74.179298
7450.000000 -73.940521
7500.000000 -74.103676
7550.000000 -73.511902
7600.000000 -73.441231
7650.000000 -73.202255
7700.000000 -73.604706
7750.000000 -72.875206
7800.000000 -72.528015
7850.000000 -72.426559
7900.000000 -72.302208
7950.000000 -72.598389
8000.000000 -72.510651
8050.000000 -72.432098
8100.000000 -72.752365
8150.000000 -72.260780
8200.000000 -72.543167
8250.000000 -72.806618
8300.000000 -73.137657
8350.000000 -73.113632
8400.000000 -73.203468
8450.000000 -73.696587
8500.000000 -73.699791
8550.000000 -73.897095
8600.000000 -74.024048
8650.000000 -74.281616
8700.000000 -74.017387
8750.000000 -74.422028
8800.000000 -73.887253
8850.000000 -74.179298
8900.000000 -73.485565
8950.000000 -73.962326
9000.000000 -73.947784
9050.000000 -73.687607
9100.000000 -74.055412
9150.000000 -73.905632
9200.000000 -73.415108
9250.000000 -73.836258
9300.000000 -73.380402
9350.000000 -72.984436
9400.000000 -72.903267
9450.000000 -73.020561
9500.000000 -72.856552
9550.000000 -72.403313
9600.000000 -73.072342
9650.000000 -73.267334
9700.000000 -72.734543
9750.000000 -73.021744
9800.000000 -72.814148
9850.000000 -72.859467
9900.000000 -72.636337
9950.000000 -73.012253
10000.000000 -73.414490
10050.000000 -73.214394
10100.000000 -73.190140
10150.000000 -73.692741
10200.000000 -73.683769
10250.000000 -74.061432
10300.000000 -74.196266
10350.000000 -73.461807
10400.000000 -74.278183
10450.000000 -73.946465
10500.000000 -74.393486
10550.000000 -73.713921
10600.000000 -73.806320
10650.000000 -74.776428
10700.000000 -74.059425
10750.000000 -74.204422
10800.000000 -74.422729
10850.000000 -74.273384
10900.000000 -73.838867
10950.000000 -73.230171
11000.000000 -73.801781
11050.000000 -72.674461
11100.000000 -73.110031
11150.000000 -72.954353
11200.000000 -72.995674
11250.000000 -72.803726
11300.000000 -72.847244
11350.000000 -72.500580
11400.000000 -72.542038
11450.000000 -72.493874
11500.000000 -71.885681
11550.000000 -72.122162
11600.000000 -72.220100
11650.000000 -72.330109
11700.000000 -72.774834
11750.000000 -72.968498
11800.000000 -72.861794
11850.000000 -73.081894
11900.000000 -72.962006
11950.000000 -73.281998
12000.000000 -73.307106
12050.000000 -73.834305
12100.000000 -73.407661
12150.000000 -73.797882
12200.000000 -73.916145
12250.000000 -73.908913
12300.000000 -73.821930
12350.000000 -74.196266
12400.000000 -74.023384
12450.000000 -73.796585
12500.000000 -73.767433
12550.000000 -73.472427
12600.000000 -73.218636
12650.000000 -72.642586
12700.000000 -72.698448
12750.000000 -72.978531
12800.000000 -72.811249
12850.000000 -72.644295
12900.000000 -72.285828
12950.000000 -72.347672
13000.000000 -72.778870
13050.000000 -72.987389
13100.000000 -73.189537
13150.000000 -72.992714
13200.000000 -73.221062
13250.000000 -73.706856
13300.000000 -73.808922
13350.000000 -73.677361
13400.000000 -73.768082
13450.000000 -73.663292
13500.000000 -73.446838
13550.000000 -73.018776
13600.000000 -73.394020
13650.000000 -73.523209
13700.000000 -73.437492
13750.000000 -73.600899
13800.000000 -73.140663
13850.000000 -72.680740
13900.000000 -72.850151
13950.000000 -73.124435
14000.000000 -73.228348
14050.000000 -72.636909
14100.000000 -72.731102
14150.000000 -72.978531
14200.000000 -73.070549
14250.000000 -73.011070
14300.000000 -73.106438
14350.000000 -73.071747
14400.000000 -72.989754
14450.000000 -73.625671
14500.000000 -73.635864
14550.000000 -73.074135
14600.000000 -73.221062
14650.000000 -73.493713
14700.000000 -72.707024
14750.000000 -73.192566
14800.000000 -72.961418
14850.000000 -73.355080
14900.000000 -72.782333
14950.000000 -73.469933
15000.000000 -73.199226
15050.000000 -73.153305
15100.000000 -73.055641
15150.000000 -73.438744
15200.000000 -73.114830
15250.000000 -72.876373
15300.000000 -73.063988
15350.000000 -73.371750
15400.000000 -72.995674
15450.000000 -73.176239
15500.000000 -72.797356
15550.000000 -72.884575
15600.000000 -73.247818
15650.000000 -73.012253
15700.000000 -72.898582
15750.000000 -73.376701
15800.000000 -73.122635
15850.000000 -73.356316
15900.000000 -73.153305
15950.000000 -74.104347
16000.000000 -74.264481
16050.000000 -74.647377
16100.000000 -74.996376
16150.000000 -75.022491
16200.000000 -74.845711
16250.000000 -75.120934
16300.000000 -75.960587
16350.000000 -75.926521
16400.000000 -76.066116
16450.000000 -76.143135
16500.000000 -76.152489
16550.000000 -76.335686
16600.000000 -77.104980
16650.000000 -76.975838
16700.000000 -77.741226
16750.000000 -77.850227
16800.000000 -78.196442
16850.000000 -78.629166
16900.000000 -79.166084
16950.000000 -79.494904
17000.000000 -80.106148
17050.000000 -81.372177
17100.000000 -79.379387
17150.000000 -79.783508
17200.000000 -79.637375
17250.000000 -79.625938
17300.000000 -79.729385
17350.000000 -80.556343
17400.000000 -80.176201
17450.000000 -81.257942
17500.000000 -80.644394
17550.000000 -80.768028
17600.000000 -81.247231
17650.000000 -81.611244
17700.000000 -80.987968
17750.000000 -81.401588
17800.000000 -81.133224
17850.000000 -81.007301
17900.000000 -81.409386
17950.000000 -82.095146
18000.000000 -81.297867
18050.000000 -81.640007
18100.000000 -82.238014
18150.000000 -81.473534
18200.000000 -81.593712
18250.000000 -82.446281
18300.000000 -83.267288
18350.000000 -83.169380
18400.000000 -83.904007
18450.000000 -83.652161
18500.000000 -83.985405
18550.000000 -83.958183
18600.000000 -85.872902
18650.000000 -85.885941
18700.000000 -86.657867
18750.000000 -85.933052
18800.000000 -86.635071
18850.000000 -88.006790
18900.000000 -86.210342
18950.000000 -86.006836
19000.000000 -86.075920
19050.000000 -89.774261
19100.000000 -89.344063
19150.000000 -87.546120
19200.000000 -89.660667
19250.000000 -89.612434
19300.000000 -90.837227
19350.000000 -94.329109
19400.000000 -91.424301
19450.000000 -91.807938
19500.000000 -92.334518
19550.000000 -95.199158
19600.000000 -92.517387
19650.000000 -93.944504
19700.000000 -88.332787
19750.000000 -87.445595
19800.000000 -90.582542
19850.000000 -90.722603
19900.000000 -89.656639
19950.000000 -86.868637
20000.000000 -87.542953
20050.000000 -88.493271
20100.000000 -87.530334
20150.000000 -91.142517
20200.000000 -86.956757
20250.000000 -89.802895
20300.000000 -88.151253
20350.000000 -87.498848
20400.000000 -86.950851
20450.000000 -85.136261
20500.000000 -86.446518
20550.000000 -86.998184
20600.000000 -86.094612
20650.000000 -91.047432
20700.000000 -89.477211
20750.000000 -89.426064
20800.000000 -91.953659
20850.000000 -91.885696
20900.000000 -91.619049
20950.000000 -92.681328
21000.000000 -87.747490
21050.000000 -88.080399
21100.000000 -90.976799
21150.000000 -91.705322
21200.000000 -89.019852
21250.000000 -91.200073
21300.000000 -89.516769
21350.000000 -89.993439
21400.000000 -89.132904
21450.000000 -90.749977
21500.000000 -92.016869
21550.000000 -91.267708
21600.000000 -93.469330
21650.000000 -95.093040
21700.000000 -91.777023
21750.000000 -90.027008
21800.000000 -92.318085
21850.000000 -90.749977
21900.000000 -92.579208
21950.000000 -91.890907
22000.000000 -90.282997
22050.000000 -89.778351
22100.000000 -91.384964
22150.000000 -89.132904
22200.000000 -90.668114
22250.000000 -91.756477
22300.000000 -90.175415
22350.000000 -90.631981
22400.000000 -92.511787
22450.000000 -93.722946
22500.000000 -92.918518
22550.000000 -93.363739
22600.000000 -90.287331
22650.000000 -89.500923
22700.000000 -91.766747
22750.000000 -88.270638
22800.000000 -89.644562
22850.000000 -90.313362
22900.000000 -87.358574
22950.000000 -89.091278
23000.000000 -87.539795
23050.000000 -88.653305
23100.000000 -89.766098
23150.000000 -89.091278
23200.000000 -89.798798
23250.000000 -87.986839
23300.000000 -87.799385
23350.000000 -91.725754
23400.000000 -92.022156
23450.000000 -92.252647
23500.000000 -88.472160
23550.000000 -87.750725
23600.000000 -87.389549
23650.000000 -88.253479
23700.000000 -87.923897
23750.000000 -88.621078
23800.000000 -87.150810
23850.000000 -88.787132
23900.000000 -90.524467
23950.000000 -92.225533
24000.000000 -90.925362
24050.000000 -90.925362
24100.000000 -89.500923
24150.000000 -90.326408
24200.000000 -89.684883
24250.000000 -94.638351
24300.000000 -91.028542
24350.000000 -89.672768
24400.000000 -88.243202
24450.000000 -89.955826
24500.000000 -88.889793
24550.000000 -88.975044
24600.000000 -88.660484
24650.000000 -88.656898
24700.000000 -88.841980
24750.000000 -91.896118
24800.000000 -88.426582
24850.000000 -91.513641
24900.000000 -90.103020
24950.000000 -91.389801
25000.000000 -88.381241
25050.000000 -91.335869
25100.000000 -91.608955
25150.000000 -93.419479
25200.000000 -90.591507
25250.000000 -89.019852
25300.000000 -89.477211
25350.000000 -89.493011
25400.000000 -87.953644
25450.000000 -91.094849
25500.000000 -90.027008
25550.000000 -89.939163
25600.000000 -90.916039
25650.000000 -92.417160
25700.000000 -92.483849
25750.000000 -90.604980
25800.000000 -90.444702
25850.000000 -92.658531
25900.000000 -91.473824
25950.000000 -91.890907
26000.000000 -91.523682
26050.000000 -90.860329
26100.000000 -91.498688
26150.000000 -89.453568
26200.000000 -90.740837
26250.000000 -89.997627
26300.000000 -89.770180
26350.000000 -89.083733
26400.000000 -88.963875
26450.000000 -87.718437
26500.000000 -88.437157
26550.000000 -87.266304
26600.000000 -87.383347
26650.000000 -86.894974
26700.000000 -89.705116
26750.000000 -90.064926
26800.000000 -90.309036
26850.000000 -90.209694
26900.000000 -91.995750
26950.000000 -91.478790
27000.000000 -91.953659
27050.000000 -91.813103
27100.000000 -94.461189
27150.000000 -94.205811
27200.000000 -95.597054
27250.000000 -93.388466
27300.000000 -93.806999
27350.000000 -91.964165
27400.000000 -92.865898
27450.000000 -92.006302
27500.000000 -91.990479
27550.000000 -92.738586
27600.000000 -91.291992
27650.000000 -91.664619
27700.000000 -91.042709
27750.000000 -93.582542
27800.000000 -93.114250
27850.000000 -94.151566
27900.000000 -91.833778
27950.000000 -94.825989
28000.000000 -93.469330
28050.000000 -95.493881
28100.000000 -94.131310
28150.000000 -94.419266
28200.000000 -93.525749
28250.000000 -93.481834
28300.000000 -92.001022
28350.000000 -90.990883
28400.000000 -90.094536
28450.000000 -91.563675
28500.000000 -91.503670
28550.000000 -91.171249
28600.000000 -93.332932
28650.000000 -89.390823
28700.000000 -87.809151
28750.000000 -87.072670
28800.000000 -87.084648
28850.000000 -90.841911
28900.000000 -90.422676
28950.000000 -91.771881
29000.000000 -93.678024
29050.000000 -89.741653
29100.000000 -90.326408
29150.000000 -92.075218
29200.000000 -94.239883
29250.000000 -91.777023
29300.000000 -92.043343
29350.000000 -92.422699
29400.000000 -89.110176
29450.000000 -91.180847
29500.000000 -88.787132
29550.000000 -87.897530
29600.000000 -89.881241
29650.000000 -86.680710
29700.000000 -87.072670
29750.000000 -86.603836
29800.000000 -90.244118
29850.000000 -89.972557
29900.000000 -89.064896
29950.000000 -87.420639
30000.000000 -90.506683
30050.000000 -91.180847
30100.000000 -92.166168
30150.000000 -86.666428
30200.000000 -86.488380
30250.000000 -87.220528
30300.000000 -89.564468
30350.000000 -88.860336
30400.000000 -88.510910
30450.000000 -92.203896
30500.000000 -90.578056
30550.000000 -92.290756
30600.000000 -90.786606
30650.000000 -90.888138
30700.000000 -92.573570
30750.000000 -90.573578
30800.000000 -91.838959
30850.000000 -91.679863
30900.000000 -91.204887
30950.000000 -90.056488
31000.000000 -88.841980
31050.000000 -89.876961
31100.000000 -87.593643
31150.000000 -88.667671
31200.000000 -88.564034
31250.000000 -86.567055
31300.000000 -90.081833
31350.000000 -87.940407
31400.000000 -89.282104
31450.000000 -88.073685
31500.000000 -88.798073
31550.000000 -90.244118
31600.000000 -89.680847
31650.000000 -88.696480
31700.000000 -87.251022
31750.000000 -87.327713
31800.000000 -88.363869
31850.000000 -87.835243
31900.000000 -88.596069
31950.000000 -87.644623
32000.000000 -88.195404
32050.000000 -91.052162
32100.000000 -92.584846
32150.000000 -89.117744
32200.000000 -85.463150
32250.000000 -89.745728
32300.000000 -87.193184
32350.000000 -88.367340
32400.000000 -86.889114
32450.000000 -88.486229
32500.000000 -87.211403
32550.000000 -87.993469
32600.000000 -86.267418
32650.000000 -86.094795
32700.000000 -85.728180
32750.000000 -85.666885
32800.000000 -87.555603
32850.000000 -91.009689
32900.000000 -89.031097
32950.000000 -87.673431
33000.000000 -90.018608
33050.000000 -89.668732
33100.000000 -89.422134
33150.000000 -90.855705
33200.000000 -96.784309
33250.000000 -92.356476
33300.000000 -91.700226
33350.000000 -91.823471
33400.000000 -93.481834
33450.000000 -92.889267
33500.000000 -88.692879
33550.000000 -91.171249
33600.000000 -91.498688
33650.000000 -90.022804
33700.000000 -94.267242
33750.000000 -90.064926
33800.000000 -88.606773
33850.000000 -87.692688
33900.000000 -88.621063
33950.000000 -88.339600
34000.000000 -90.149864
34050.000000 -89.453568
34100.000000 -89.205269
34150.000000 -89.379143
34200.000000 -91.023827
34250.000000 -92.345490
34300.000000 -93.332932
34350.000000 -94.124565
34400.000000 -88.772568
34450.000000 -88.215858
34500.000000 -88.239777
34550.000000 -88.232933
34600.000000 -87.156853
34650.000000 -89.782433
34700.000000 -89.193802
34750.000000 -89.209099
34800.000000 -89.733521
34850.000000 -87.254074
34900.000000 -88.525047
34950.000000 -86.294731
35000.000000 -86.821999
35050.000000 -88.546295
35100.000000 -87.711990
35150.000000 -86.784286
35200.000000 -87.153831
35250.000000 -86.897911
35300.000000 -88.479187
35350.000000 -90.604980
35400.000000 -88.809029
35450.000000 -90.010208
35500.000000 -94.084229
35550.000000 -90.064926
35600.000000 -88.787186
35650.000000 -87.750725
35700.000000 -88.270638
35750.000000 -90.031212
35800.000000 -90.827995
35850.000000 -90.374405
35900.000000 -80.831970
35950.000000 -78.125656
36000.000000 -75.531013
36050.000000 -73.731293
36100.000000 -72.852478
36150.000000 -71.427246
36200.000000 -71.029938
36250.000000 -70.557014
36300.000000 -70.477394
36350.000000 -70.209251
36400.000000 -69.728226
36450.000000 -69.931244
36500.000000 -69.932907
36550.000000 -70.021950
36600.000000 -70.420456
36650.000000 -70.787506
36700.000000 -70.921616
36750.000000 -71.147285
36800.000000 -71.736473
36850.000000 -72.391716
36900.000000 -72.407738
36950.000000 -74.227577
37000.000000 -74.920715
37050.000000 -76.231140
37100.000000 -76.191727
37150.000000 -77.254410
37200.000000 -77.706551
37250.000000 -77.822327
37300.000000 -77.046295
37350.000000 -76.034149
37400.000000 -75.264191
37450.000000 -75.051682
37500.000000 -74.589600
37550.000000 -73.693382
37600.000000 -73.120827
37650.000000 -72.273842
37700.000000 -72.145203
37750.000000 -72.575241
37800.000000 -72.542603
37850.000000 -72.048630
37900.000000 -71.952065
37950.000000 -72.255890
38000.000000 -72.370216
38050.000000 -73.021156
38100.000000 -73.064583
38150.000000 -73.567970
38200.000000 -73.236862
38250.000000 -73.550293
38300.000000 -74.135330
38350.000000 -74.412270
38400.000000 -74.304283
38450.000000 -75.228157
38500.000000 -75.711136
38550.000000 -76.132088
38600.000000 -75.703857
38650.000000 -76.413391
38700.000000 -75.593033
38750.000000 -75.130005
38800.000000 -74.442276
38850.000000 -74.920715
38900.000000 -74.586044
38950.000000 -74.214630
39000.000000 -74.010071
39050.000000 -73.536423
39100.000000 -73.634041
39150.000000 -73.544617
39200.000000 -73.170197
39250.000000 -73.199226
39300.000000 -73.306496
39350.000000 -73.003960
39400.000000 -72.902679
39450.000000 -72.649979
39500.000000 -73.037193
39550.000000 -73.325531
39600.000000 -72.923195
39650.000000 -73.245384
39700.000000 -73.074135
39750.000000 -73.781029
39800.000000 -73.681847
39850.000000 -74.107712
39900.000000 -74.801888
39950.000000 -75.160324
40000.000000 -75.017265
