0.000000 -60.306740
50.000000 -60.345959
100.000000 -60.512077
150.000000 -60.200706
200.000000 -60.599964
250.000000 -60.892265
300.000000 -60.740555
350.000000 -60.669403
400.000000 -60.711449
450.000000 -60.586628
500.000000 -60.784252
550.000000 -60.876858
600.000000 -60.699516
650.000000 -60.887569
700.000000 -60.914768
750.000000 -60.703972
800.000000 -60.872608
850.000000 -60.794559
900.000000 -60.890503
950.000000 -60.678570
1000.000000 -60.593292
1050.000000 -60.696789
1100.000000 -60.712456
1150.000000 -60.723541
1200.000000 -60.861622
1250.000000 -60.804150
1300.000000 -60.815353
1350.000000 -60.634399
1400.000000 -60.838966
1450.000000 -60.687172
1500.000000 -60.844078
1550.000000 -60.489613
1600.000000 -60.916092
1650.000000 -61.037262
1700.000000 -60.466087
1750.000000 -60.621719
1800.000000 -60.614037
1850.000000 -60.457561
1900.000000 -60.422428
1950.000000 -60.875099
2000.000000 -60.633972
2050.000000 -60.431061
2100.000000 -60.755146
2150.000000 -60.563545
2200.000000 -60.699516
2250.000000 -60.904465
2300.000000 -60.496910
2350.000000 -60.814625
2400.000000 -60.402416
2450.000000 -60.135174
2500.000000 -60.215233
2550.000000 -60.343338
2600.000000 -60.446114
2650.000000 -60.408943
2700.000000 -60.064117
2750.000000 -60.343201
2800.000000 -59.654678
2850.000000 -60.375111
2900.000000 -60.251450
2950.000000 -59.727581
3000.000000 -60.187832
3050.000000 -59.988083
3100.000000 -60.353687
3150.000000 -59.853336
3200.000000 -60.279057
3250.000000 -60.394505
3300.000000 -60.124950
3350.000000 -60.297684
3400.000000 -60.035194
3450.000000 -60.504349
3500.000000 -60.464970
3550.000000 -60.109634
3600.000000 -60.101719
3650.000000 -60.633263
3700.000000 -60.639107
3750.000000 -60.296310
3800.000000 -60.287815
3850.000000 -60.397141
3900.000000 -60.358795
3950.000000 -60.169567
4000.000000 -60.432175
4050.000000 -60.394230
4100.000000 -60.084572
4150.000000 -60.128445
4200.000000 -60.134365
4250.000000 -60.369438
4300.000000 -60.545319
4350.000000 -60.546024
4400.000000 -60.425907
4450.000000 -60.232777
4500.000000 -60.152962
4550.000000 -60.236862
4600.000000 -60.317730
4650.000000 -60.068394
4700.000000 -59.621750
4750.000000 -59.901558
4800.000000 -60.174164
4850.000000 -60.117825
4900.000000 -60.040520
4950.000000 -60.361420
5000.000000 -59.857117
5050.000000 -59.740692
5100.000000 -60.138676
5150.000000 -60.003448
5200.000000 -60.273167
5250.000000 -60.083500
5300.000000 -60.087517
5350.000000 -60.299740
5400.000000 -60.097427
5450.000000 -60.140694
5500.000000 -60.149048
5550.000000 -60.055710
5600.000000 -60.021233
5650.000000 -59.472298
5700.000000 -59.622513
5750.000000 -59.721546
5800.000000 -59.757435
5850.000000 -59.920444
5900.000000 -59.943722
5950.000000 -60.077480
6000.000000 -60.156200
6050.000000 -60.135174
6100.000000 -60.439976
6150.000000 -60.391731
6200.000000 -60.046913
6250.000000 -60.417839
6300.000000 -60.263462
6350.000000 -60.753990
6400.000000 -60.520660
6450.000000 -60.619160
6500.000000 -61.000153
6550.000000 -60.793541
6600.000000 -60.837509
6650.000000 -61.009972
6700.000000 -60.856064
6750.000000 -60.885807
6800.000000 -60.672554
6850.000000 -60.986038
6900.000000 -60.785271
6950.000000 -60.807350
7000.000000 -60.738823
7050.000000 -60.821178
7100.000000 -60.691910
7150.000000 -60.793980
7200.000000 -60.716053
7250.000000 -60.375111
7300.000000 -60.307152
7350.000000 -60.586201
7400.000000 -60.886101
7450.000000 -60.557606
7500.000000 -60.508003
7550.000000 -60.444160
7600.000000 -60.672554
7650.000000 -60.570900
7700.000000 -60.131538
7750.000000 -60.432453
7800.000000 -60.535446
7850.000000 -60.281513
7900.000000 -60.113525
7950.000000 -60.570194
8000.000000 -60.141502
8050.000000 -60.170784
8100.000000 -60.195148
8150.000000 -60.086712
8200.000000 -60.147026
8250.000000 -60.239586
8300.000000 -60.526569
8350.000000 -60.154041
8400.000000 -60.613323
8450.000000 -60.666847
8500.000000 -60.284252
8550.000000 -60.274536
8600.000000 -60.325436
8650.000000 -60.531643
8700.000000 -60.094212
8750.000000 -60.388683
8800.000000 -60.719219
8850.000000 -60.603374
8900.000000 -60.734783
8950.000000 -61.245689
9000.000000 -61.355453
9050.000000 -61.546383
9100.000000 -62.018559
9150.000000 -62.007530
9200.000000 -62.098347
9250.000000 -62.767246
9300.000000 -63.048988
9350.000000 -63.065006
9400.000000 -63.648319
9450.000000 -63.830559
9500.000000 -63.681263
9550.000000 -64.226303
9600.000000 -64.240974
9650.000000 -64.268448
9700.000000 -64.779533
9750.000000 -64.989777
9800.000000 -65.703598
9850.000000 -65.660263
9900.000000 -65.930939
9950.000000 -66.358704
10000.000000 -66.529587
10050.000000 -66.643036
10100.000000 -67.043091
10150.000000 -66.993431
10200.000000 -67.150810
10250.000000 -67.797745
10300.000000 -68.143112
10350.000000 -68.419930
10400.000000 -68.351715
10450.000000 -68.893837
10500.000000 -68.594986
10550.000000 -68.635727
10600.000000 -69.058113
10650.000000 -69.275917
10700.000000 -70.270432
10750.000000 -70.262222
10800.000000 -70.175827
10850.000000 -70.571327
10900.000000 -70.846443
10950.000000 -70.759560
11000.000000 -71.311447
11050.000000 -71.572197
11100.000000 -71.271568
11150.000000 -71.522110
11200.000000 -71.822380
11250.000000 -71.710411
11300.000000 -72.208740
11350.000000 -72.035370
11400.000000 -72.196861
11450.000000 -72.261330
11500.000000 -72.438759
11550.000000 -72.749489
11600.000000 -73.453072
11650.000000 -73.149094
11700.000000 -74.079514
11750.000000 -73.737091
11800.000000 -73.862373
11850.000000 -74.609528
11900.000000 -74.109062
11950.000000 -74.796791
12000.000000 -74.965881
12050.000000 -74.978516
12100.000000 -75.445084
12150.000000 -75.857971
12200.000000 -76.307915
12250.000000 -76.583427
12300.000000 -76.521049
12350.000000 -77.131607
12400.000000 -77.488449
12450.000000 -78.014221
12500.000000 -77.379951
12550.000000 -77.364281
12600.000000 -77.307709
12650.000000 -78.535728
12700.000000 -78.706474
12750.000000 -78.676834
12800.000000 -78.652969
12850.000000 -79.396675
12900.000000 -79.531250
12950.000000 -79.692207
13000.000000 -79.865334
13050.000000 -80.220947
13100.000000 -79.590469
13150.000000 -80.387024
13200.000000 -81.040100
13250.000000 -80.485977
13300.000000 -81.313271
13350.000000 -81.046082
13400.000000 -81.160454
13450.000000 -81.632011
13500.000000 -82.675880
13550.000000 -81.896690
13600.000000 -82.692123
13650.000000 -82.871033
13700.000000 -84.916412
13750.000000 -84.839737
13800.000000 -83.379990
13850.000000 -84.609123
13900.000000 -85.121910
13950.000000 -85.305489
14000.000000 -83.125580
14050.000000 -86.132126
14100.000000 -84.552971
14150.000000 -85.891167
14200.000000 -85.141052
14250.000000 -85.196320
14300.000000 -85.256798
14350.000000 -85.196320
14400.000000 -86.399323
14450.000000 -84.530617
14500.000000 -87.260185
14550.000000 -86.795876
14600.000000 -87.953644
14650.000000 -85.218048
14700.000000 -85.366737
14750.000000 -85.565689
14800.000000 -85.598442
14850.000000 -88.053558
14900.000000 -86.081261
14950.000000 -88.367340
15000.000000 -87.552437
15050.000000 -87.773399
15100.000000 -90.663589
15150.000000 -90.897430
15200.000000 -88.660484
15250.000000 -90.081833
15300.000000 -88.053558
15350.000000 -89.359619
15400.000000 -89.220581
15450.000000 -88.758018
15500.000000 -87.072670
15550.000000 -87.096642
15600.000000 -89.182350
15650.000000 -87.596817
15700.000000 -88.853004
15750.000000 -88.535660
15800.000000 -87.796135
15850.000000 -86.020081
15900.000000 -87.542953
15950.000000 -91.061630
16000.000000 -88.621063
16050.000000 -88.080399
16100.000000 -89.266678
16150.000000 -89.159492
16200.000000 -89.324654
16250.000000 -89.174728
16300.000000 -92.139320
16350.000000 -88.982498
16400.000000 -90.650032
16450.000000 -90.837227
16500.000000 -93.228981
16550.000000 -90.158325
16600.000000 -91.384888
16650.000000 -91.875389
16700.000000 -91.277412
16750.000000 -91.061630
16800.000000 -96.303612
16850.000000 -94.666740
16900.000000 -94.199005
16950.000000 -91.659546
17000.000000 -93.846062
17050.000000 -94.681099
17100.000000 -89.652611
17150.000000 -91.128189
17200.000000 -91.818268
17250.000000 -91.741104
17300.000000 -96.513977
17350.000000 -96.711395
17400.000000 -91.613998
17450.000000 -89.839851
17500.000000 -90.645515
17550.000000 -91.695129
17600.000000 -90.897430
17650.000000 -91.238655
17700.000000 -93.376190
17750.000000 -86.283798
17800.000000 -90.663589
17850.000000 -88.388199
17900.000000 -89.255135
17950.000000 -87.792885
18000.000000 -89.027344
18050.000000 -91.439125
18100.000000 -89.232086
18150.000000 -89.684883
18200.000000 -89.831627
18250.000000 -88.493271
18300.000000 -87.087646
18350.000000 -90.107262
18400.000000 -87.779892
18450.000000 -92.053955
18500.000000 -92.630119
18550.000000 -91.730865
18600.000000 -89.612434
18650.000000 -89.612434
18700.000000 -95.653114
18750.000000 -91.880493
18800.000000 -95.214417
18850.000000 -91.964165
18900.000000 -91.690041
18950.000000 -94.280952
19000.000000 -94.724312
19050.000000 -93.475578
19100.000000 -93.506950
19150.000000 -90.378784
19200.000000 -92.263519
19250.000000 -89.016113
19300.000000 -91.746223
19350.000000 -93.376099
19400.000000 -90.462364
19450.000000 -88.070328
19500.000000 -90.837227
19550.000000 -89.042343
19600.000000 -88.703697
19650.000000 -88.696480
19700.000000 -95.669205
19750.000000 -94.199005
19800.000000 -91.258011
19850.000000 -89.512802
19900.000000 -89.371307
19950.000000 -91.969421
20000.000000 -90.782021
20050.000000 -90.431480
20100.000000 -90.418274
20150.000000 -90.560158
20200.000000 -91.854507
20250.000000 -89.823410
20300.000000 -91.424301
20350.000000 -93.036621
20400.000000 -91.705406
20450.000000 -87.114662
20500.000000 -89.819305
20550.000000 -93.475578
20600.000000 -90.958061
20650.000000 -92.709908
20700.000000 -92.329033
20750.000000 -86.930229
20800.000000 -92.860069
20850.000000 -94.084229
20900.000000 -91.282265
20950.000000 -92.080544
21000.000000 -94.104378
21050.000000 -90.248428
21100.000000 -92.511787
21150.000000 -93.357567
21200.000000 -94.753242
21250.000000 -93.813492
21300.000000 -93.722946
21350.000000 -91.316338
21400.000000 -91.389801
21450.000000 -95.191528
21500.000000 -91.375061
21550.000000 -90.944031
21600.000000 -94.951073
21650.000000 -93.614250
21700.000000 -93.132263
21750.000000 -90.772850
21800.000000 -92.912659
21850.000000 -90.841843
21900.000000 -89.757942
21950.000000 -90.209694
22000.000000 -92.865898
22050.000000 -93.658844
22100.000000 -97.264145
22150.000000 -92.773125
22200.000000 -93.652458
22250.000000 -93.937912
22300.000000 -95.010567
22350.000000 -91.715530
22400.000000 -92.573570
22450.000000 -92.268959
22500.000000 -93.180489
22550.000000 -93.314491
22600.000000 -92.433784
22650.000000 -92.641472
22700.000000 -92.155418
22750.000000 -91.301720
22800.000000 -91.180847
22850.000000 -88.978767
22900.000000 -91.394722
22950.000000 -91.543625
23000.000000 -89.216751
23050.000000 -93.072365
23100.000000 -90.431480
23150.000000 -92.489426
23200.000000 -90.995575
23250.000000 -90.218292
23300.000000 -92.372986
23350.000000 -93.216827
23400.000000 -92.912659
23450.000000 -95.003105
23500.000000 -96.269180
23550.000000 -93.419479
23600.000000 -93.247231
23650.000000 -92.312607
23700.000000 -92.361977
23750.000000 -93.833023
23800.000000 -91.634216
23850.000000 -91.434181
23900.000000 -92.048645
23950.000000 -91.335869
24000.000000 -92.350983
24050.000000 -94.645279
24100.000000 -93.710091
24150.000000 -91.282265
24200.000000 -89.402557
24250.000000 -90.906731
24300.000000 -88.437080
24350.000000 -90.925362
24400.000000 -92.971466
24450.000000 -92.906799
24500.000000 -91.885696
24550.000000 -92.895096
24600.000000 -92.579208
24650.000000 -91.568695
24700.000000 -91.593834
24750.000000 -90.252739
24800.000000 -93.120255
24850.000000 -89.344063
24900.000000 -91.911774
24950.000000 -94.301559
25000.000000 -91.488731
25050.000000 -90.704399
25100.000000 -97.091728
25150.000000 -91.171249
25200.000000 -93.977570
25250.000000 -94.342918
25300.000000 -92.930260
25350.000000 -92.400566
25400.000000 -95.314301
25450.000000 -93.826508
25500.000000 -93.222900
25550.000000 -91.042709
25600.000000 -91.330986
25650.000000 -91.568695
25700.000000 -88.100586
25750.000000 -92.307144
25800.000000 -92.813591
25850.000000 -95.322037
25900.000000 -95.153519
25950.000000 -92.193100
26000.000000 -90.600487
26050.000000 -88.900871
26100.000000 -91.142517
26150.000000 -89.580429
26200.000000 -89.802895
26250.000000 -93.072365
26300.000000 -94.921478
26350.000000 -90.718048
26400.000000 -90.564629
26450.000000 -90.686241
26500.000000 -91.000282
26550.000000 -90.944031
26600.000000 -91.147301
26650.000000 -90.749977
26700.000000 -89.042465
26750.000000 -88.904564
26800.000000 -90.786606
26850.000000 -93.768105
26900.000000 -90.587021
26950.000000 -91.326096
27000.000000 -92.112549
27050.000000 -91.453979
27100.000000 -91.932693
27150.000000 -92.692749
27200.000000 -91.453979
27250.000000 -90.618469
27300.000000 -95.260376
27350.000000 -91.296852
27400.000000 -91.787315
27450.000000 -91.603912
27500.000000 -94.070824
27550.000000 -93.456841
27600.000000 -92.356499
27650.000000 -91.573715
27700.000000 -91.350548
27750.000000 -90.270020
27800.000000 -95.541344
27850.000000 -90.506683
27900.000000 -92.906799
27950.000000 -92.664223
28000.000000 -95.501778
28050.000000 -94.482231
28100.000000 -94.921478
28150.000000 -94.391426
28200.000000 -91.958908
28250.000000 -91.033264
28300.000000 -91.152084
28350.000000 -92.977371
28400.000000 -92.601799
28450.000000 -91.224167
28500.000000 -90.103020
28550.000000 -92.285301
28600.000000 -93.156342
28650.000000 -93.918144
28700.000000 -91.166451
28750.000000 -92.830986
28800.000000 -79.547630
28850.000000 -75.368538
28900.000000 -71.906013
28950.000000 -70.063644
29000.000000 -68.376015
29050.000000 -66.953499
29100.000000 -65.872437
29150.000000 -64.401619
29200.000000 -63.630589
29250.000000 -62.609753
29300.000000 -61.837200
29350.000000 -61.576046
29400.000000 -60.743443
29450.000000 -60.225563
29500.000000 -60.368748
29550.000000 -59.735420
29600.000000 -59.231945
29650.000000 -59.261963
29700.000000 -59.053749
29750.000000 -58.651489
29800.000000 -58.542671
29850.000000 -57.992416
29900.000000 -58.281818
29950.000000 -58.169773
30000.000000 -57.933086
30050.000000 -57.943226
30100.000000 -57.728863
30150.000000 -57.673531
30200.000000 -57.398785
30250.000000 -57.857883
30300.000000 -57.389851
30350.000000 -57.753288
30400.000000 -57.246197
30450.000000 -57.258755
30500.000000 -57.354301
30550.000000 -57.353127
30600.000000 -57.296246
30650.000000 -57.565311
30700.000000 -57.803574
30750.000000 -57.845566
30800.000000 -57.958717
30850.000000 -57.891190
30900.000000 -58.232151
30950.000000 -58.376507
31000.000000 -58.644569
31050.000000 -58.649563
31100.000000 -58.863651
31150.000000 -58.637657
31200.000000 -58.890087
31250.000000 -59.090313
31300.000000 -59.139629
31350.000000 -59.268295
31400.000000 -59.621243
31450.000000 -59.652386
31500.000000 -59.695789
31550.000000 -59.856853
31600.000000 -59.976707
31650.000000 -60.561707
31700.000000 -60.438442
31750.000000 -60.718212
31800.000000 -60.841595
31850.000000 -60.529812
31900.000000 -60.653526
31950.000000 -60.416866
32000.000000 -61.468033
32050.000000 -60.886833
32100.000000 -60.815353
32150.000000 -61.013100
32200.000000 -61.492233
32250.000000 -61.067329
32300.000000 -60.906082
32350.000000 -61.176365
32400.000000 -61.087887
32450.000000 -60.968536
32500.000000 -60.829048
32550.000000 -61.218830
32600.000000 -60.679573
32650.000000 -60.954914
32700.000000 -61.089993
32750.000000 -61.007145
32800.000000 -61.020996
32850.000000 -60.852409
32900.000000 -60.642960
32950.000000 -60.881256
33000.000000 -60.885658
33050.000000 -60.602097
33100.000000 -60.534462
33150.000000 -60.825111
33200.000000 -60.801968
33250.000000 -60.764404
33300.000000 -60.554356
33350.000000 -60.353962
33400.000000 -60.388821
33450.000000 -60.078033
33500.000000 -59.926884
33550.000000 -59.545444
33600.000000 -60.070263
33650.000000 -60.211159
33700.000000 -59.844219
33750.000000 -59.853989
33800.000000 -59.958485
33850.000000 -59.666275
33900.000000 -59.544563
33950.000000 -59.608437
34000.000000 -59.394451
34050.000000 -60.019905
34100.000000 -59.781307
34150.000000 -59.707439
34200.000000 -60.067192
34250.000000 -59.977234
34300.000000 -60.062515
34350.000000 -59.808750
34400.000000 -59.565090
34450.000000 -59.537273
34500.000000 -59.966534
34550.000000 -59.864811
34600.000000 -59.633560
34650.000000 -59.556393
34700.000000 -59.494530
34750.000000 -60.072266
34800.000000 -59.893303
34850.000000 -59.606411
34900.000000 -59.727455
34950.000000 -59.782475
35000.000000 -60.369854
35050.000000 -60.429943
35100.000000 -59.911652
35150.000000 -60.390347
35200.000000 -59.920448
35250.000000 -59.888332
35300.000000 -60.029739
35350.000000 -60.211567
35400.000000 -60.477844
35450.000000 -60.050510
35500.000000 -60.346649
35550.000000 -60.277683
35600.000000 -60.244629
35650.000000 -60.477703
35700.000000 -60.643246
35750.000000 -60.602665
35800.000000 -60.574158
35850.000000 -60.669834
35900.000000 -60.833569
35950.000000 -60.764404
36000.000000 -60.812878
36050.000000 -60.478123
36100.000000 -60.851677
36150.000000 -60.533051
36200.000000 -60.890209
36250.000000 -60.503788
36300.000000 -60.773960
36350.000000 -60.694206
36400.000000 -60.910946
36450.000000 -60.861916
36500.000000 -60.662392
36550.000000 -60.741566
36600.000000 -60.968681
36650.000000 -60.361835
36700.000000 -60.629982
36750.000000 -61.053555
36800.000000 -60.664822
36850.000000 -60.930244
36900.000000 -60.414639
36950.000000 -60.664822
37000.000000 -60.581097
37050.000000 -60.790497
37100.000000 -60.723972
37150.000000 -60.880672
37200.000000 -60.446953
37250.000000 -60.451000
37300.000000 -60.631264
37350.000000 -60.192169
37400.000000 -60.229919
37450.000000 -60.161869
37500.000000 -60.169029
37550.000000 -59.798126
37600.000000 -59.798256
37650.000000 -60.640820
37700.000000 -60.422844
37750.000000 -60.466087
37800.000000 -60.413944
37850.000000 -60.535305
37900.000000 -60.309212
37950.000000 -60.338791
38000.000000 -60.463993
38050.000000 -60.308525
38100.000000 -60.027744
38150.000000 -60.281651
38200.000000 -59.980541
38250.000000 -60.424793
38300.000000 -60.513908
38350.000000 -60.624569
38400.000000 -60.265648
38450.000000 -60.381340
38500.000000 -60.486809
38550.000000 -60.480366
38600.000000 -60.205864
38650.000000 -60.254864
38700.000000 -60.485828
38750.000000 -60.459240
38800.000000 -60.565525
38850.000000 -60.107754
38900.000000 -59.967461
38950.000000 -59.855827
39000.000000 -59.776268
39050.000000 -60.039986
39100.000000 -60.162815
39150.000000 -60.112453
39200.000000 -60.592442
39250.000000 -60.502384
39300.000000 -60.373035
39350.000000 -60.393257
39400.000000 -60.463993
39450.000000 -60.422428
39500.000000 -60.245583
39550.000000 -60.087650
39600.000000 -59.975517
39650.000000 -59.925045
39700.000000 -60.306602
39750.000000 -59.948334
39800.000000 -59.963501
39850.000000 -60.173355
39900.000000 -60.209530
39950.000000 -60.011143
40000.000000 -60.235771
