0.000000 -59.898281
50.000000 -59.862595
100.000000 -59.872120
150.000000 -59.769688
200.000000 -59.810436
250.000000 -59.963894
300.000000 -59.326481
350.000000 -59.753052
400.000000 -59.591606
450.000000 -59.320351
500.000000 -59.419083
550.000000 -59.813034
600.000000 -59.857246
650.000000 -59.462452
700.000000 -59.405209
750.000000 -59.680187
800.000000 -59.487278
850.000000 -59.804348
900.000000 -59.965080
950.000000 -59.850212
1000.000000 -59.574043
1050.000000 -59.985168
1100.000000 -59.696682
1150.000000 -59.504665
1200.000000 -58.987324
1250.000000 -59.214737
1300.000000 -59.574799
1350.000000 -59.676483
1400.000000 -59.435829
1450.000000 -59.634193
1500.000000 -59.560177
1550.000000 -59.726170
1600.000000 -59.887939
1650.000000 -59.372967
1700.000000 -59.722576
1750.000000 -59.536396
1800.000000 -59.268661
1850.000000 -59.599445
1900.000000 -59.569504
1950.000000 -59.464943
2000.000000 -59.164513
2050.000000 -59.472923
2100.000000 -59.401993
2150.000000 -59.271709
2200.000000 -59.499283
2250.000000 -59.750347
2300.000000 -59.856594
2350.000000 -59.470802
2400.000000 -59.483784
2450.000000 -59.674568
2500.000000 -59.232430
2550.000000 -59.722706
2600.000000 -59.535389
2650.000000 -59.296608
2700.000000 -59.796055
2750.000000 -59.749962
2800.000000 -60.185802
2850.000000 -60.169704
2900.000000 -60.307701
2950.000000 -60.314159
3000.000000 -59.801235
3050.000000 -60.065586
3100.000000 -60.250900
3150.000000 -60.148647
3200.000000 -59.882835
3250.000000 -59.895924
3300.000000 -60.017246
3350.000000 -59.841225
3400.000000 -59.611988
3450.000000 -60.053177
3500.000000 -60.193523
3550.000000 -59.904179
3600.000000 -59.736191
3650.000000 -59.853859
3700.000000 -60.011539
3750.000000 -59.555260
3800.000000 -59.554634
3850.000000 -59.494152
3900.000000 -59.456348
3950.000000 -59.661301
4000.000000 -59.694633
4050.000000 -59.785576
4100.000000 -59.926228
4150.000000 -59.888332
4200.000000 -60.162678
4250.000000 -59.432232
4300.000000 -59.384441
4350.000000 -60.001194
4400.000000 -59.665638
4450.000000 -59.890163
4500.000000 -59.887676
4550.000000 -59.991787
4600.000000 -59.610085
4650.000000 -60.007294
4700.000000 -60.110844
4750.000000 -59.901295
4800.000000 -59.922287
4850.000000 -59.833160
4900.000000 -60.277134
4950.000000 -59.698242
5000.000000 -59.565090
5050.000000 -59.827965
5100.000000 -59.918606
5150.000000 -59.977238
5200.000000 -59.712311
5250.000000 -59.817833
5300.000000 -59.907192
5350.000000 -59.716671
5400.000000 -59.897495
5450.000000 -59.897495
5500.000000 -59.660789
5550.000000 -60.097294
5600.000000 -60.165379
5650.000000 -59.886238
5700.000000 -60.017246
5750.000000 -60.288635
5800.000000 -60.040520
5850.000000 -60.326809
5900.000000 -60.397556
5950.000000 -59.569630
6000.000000 -60.404358
6050.000000 -60.386604
6100.000000 -60.338100
6150.000000 -59.960728
6200.000000 -60.103462
6250.000000 -60.373451
6300.000000 -60.189728
6350.000000 -60.201252
6400.000000 -60.081760
6450.000000 -60.304405
6500.000000 -60.254040
6550.000000 -60.285641
6600.000000 -60.155525
6650.000000 -60.205322
6700.000000 -60.155388
6750.000000 -60.093410
6800.000000 -60.231960
6850.000000 -59.969570
6900.000000 -60.105743
6950.000000 -60.286446
7000.000000 -60.094078
7050.000000 -60.138000
7100.000000 -60.017246
7150.000000 -60.039986
7200.000000 -60.111515
7250.000000 -60.289597
7300.000000 -60.274807
7350.000000 -60.105206
7400.000000 -60.280968
7450.000000 -60.367363
7500.000000 -60.353271
7550.000000 -60.467068
7600.000000 -59.932404
7650.000000 -59.944775
7700.000000 -60.205997
7750.000000 -60.017246
7800.000000 -60.471825
7850.000000 -60.161465
7900.000000 -60.235771
7950.000000 -60.108292
8000.000000 -60.087784
8050.000000 -60.205864
8100.000000 -60.067459
8150.000000 -60.242855
8200.000000 -60.132481
8250.000000 -60.056644
8300.000000 -60.339340
8350.000000 -60.030937
8400.000000 -60.124950
8450.000000 -60.393951
8500.000000 -60.230873
8550.000000 -60.075611
8600.000000 -59.760784
8650.000000 -59.981335
8700.000000 -59.967720
8750.000000 -60.643387
8800.000000 -60.560291
8850.000000 -60.712170
8900.000000 -60.869678
8950.000000 -61.398785
9000.000000 -61.567314
9050.000000 -61.548443
9100.000000 -61.647369
9150.000000 -62.092781
9200.000000 -62.443462
9250.000000 -62.822468
9300.000000 -62.818981
9350.000000 -63.486839
9400.000000 -63.270370
9450.000000 -63.333755
9500.000000 -64.141769
9550.000000 -64.253723
9600.000000 -64.626938
9650.000000 -64.650444
9700.000000 -65.163834
9750.000000 -65.368202
9800.000000 -65.282318
9850.000000 -65.744583
9900.000000 -66.019539
9950.000000 -66.388237
10000.000000 -66.250244
10050.000000 -66.807465
10100.000000 -67.055321
10150.000000 -67.165001
10200.000000 -67.630241
10250.000000 -68.015450
10300.000000 -67.965561
10350.000000 -68.348244
10400.000000 -68.418526
10450.000000 -68.776558
10500.000000 -68.953079
10550.000000 -68.930450
10600.000000 -68.992928
10650.000000 -69.882729
10700.000000 -70.141693
10750.000000 -70.222580
10800.000000 -69.920441
10850.000000 -70.696663
10900.000000 -71.009674
10950.000000 -70.526680
11000.000000 -71.043159
11050.000000 -71.309982
11100.000000 -71.465363
11150.000000 -71.376518
11200.000000 -72.138771
11250.000000 -72.772522
11300.000000 -72.567352
11350.000000 -72.845497
11400.000000 -73.235039
11450.000000 -73.499352
11500.000000 -73.858444
11550.000000 -74.066116
11600.000000 -73.786209
11650.000000 -73.555969
11700.000000 -73.993462
11750.000000 -74.736572
11800.000000 -74.265160
11850.000000 -74.474487
11900.000000 -75.629814
11950.000000 -75.554024
12000.000000 -75.330521
12050.000000 -75.589043
12100.000000 -76.467049
12150.000000 -76.346123
12200.000000 -76.965546
12250.000000 -77.212959
12300.000000 -77.354500
12350.000000 -76.795265
12400.000000 -77.955368
12450.000000 -77.770912
12500.000000 -78.421150
12550.000000 -78.647293
12600.000000 -78.571632
12650.000000 -78.969650
12700.000000 -79.388023
12750.000000 -79.459961
12800.000000 -80.856804
12850.000000 -79.844482
12900.000000 -80.615891
12950.000000 -80.970169
13000.000000 -81.432800
13050.000000 -81.109100
13100.000000 -81.467255
13150.000000 -81.916496
13200.000000 -82.032951
13250.000000 -80.865585
13300.000000 -81.525513
13350.000000 -81.481384
13400.000000 -82.773819
13450.000000 -82.164589
13500.000000 -81.142296
13550.000000 -82.419968
13600.000000 -82.550537
13650.000000 -82.643471
13700.000000 -83.741417
13750.000000 -83.589821
13800.000000 -83.958183
13850.000000 -83.474380
13900.000000 -83.228760
13950.000000 -82.779289
14000.000000 -82.220886
14050.000000 -82.654266
14100.000000 -82.481483
14150.000000 -83.543861
14200.000000 -85.273811
14250.000000 -84.286240
14300.000000 -84.676979
14350.000000 -86.004189
14400.000000 -85.133865
14450.000000 -85.896385
14500.000000 -84.667900
14550.000000 -85.136261
14600.000000 -86.175186
14650.000000 -87.355484
14700.000000 -87.063698
14750.000000 -87.923897
14800.000000 -87.408188
14850.000000 -87.324631
14900.000000 -88.893486
14950.000000 -88.956444
15000.000000 -87.208366
15050.000000 -91.444077
15100.000000 -89.823410
15150.000000 -87.777214
15200.000000 -84.837410
15250.000000 -87.638237
15300.000000 -88.374290
15350.000000 -87.986824
15400.000000 -86.936111
15450.000000 -86.936111
15500.000000 -89.359619
15550.000000 -89.053612
15600.000000 -87.405083
15650.000000 -90.022804
15700.000000 -87.514580
15750.000000 -87.290817
15800.000000 -90.048058
15850.000000 -89.560486
15900.000000 -90.860329
15950.000000 -91.756477
16000.000000 -88.147865
16050.000000 -89.301414
16100.000000 -88.500328
16150.000000 -90.287331
16200.000000 -89.532639
16250.000000 -89.737587
16300.000000 -88.732628
16350.000000 -88.989952
16400.000000 -88.911949
16450.000000 -92.819382
16500.000000 -91.399643
16550.000000 -88.986221
16600.000000 -93.060432
16650.000000 -90.010208
16700.000000 -89.129112
16750.000000 -88.685669
16800.000000 -89.664703
16850.000000 -91.204887
16900.000000 -89.465385
16950.000000 -91.132965
17000.000000 -94.064133
17050.000000 -91.066368
17100.000000 -91.137741
17150.000000 -92.203896
17200.000000 -91.414429
17250.000000 -91.922226
17300.000000 -90.560158
17350.000000 -92.011604
17400.000000 -92.819382
17450.000000 -92.011581
17500.000000 -89.540588
17550.000000 -90.291664
17600.000000 -89.205269
17650.000000 -91.434181
17700.000000 -92.567932
17750.000000 -94.315323
17800.000000 -93.210762
17850.000000 -92.117897
17900.000000 -91.890907
17950.000000 -92.618774
18000.000000 -94.496284
18050.000000 -95.115669
18100.000000 -89.433914
18150.000000 -89.406471
18200.000000 -90.270020
18250.000000 -92.417160
18300.000000 -93.180489
18350.000000 -88.997421
18400.000000 -91.777084
18450.000000 -96.460907
18500.000000 -91.578743
18550.000000 -92.900940
18600.000000 -93.078331
18650.000000 -95.018036
18700.000000 -93.716515
18750.000000 -95.070473
18800.000000 -92.350983
18850.000000 -93.345238
18900.000000 -90.115746
18950.000000 -91.558662
19000.000000 -91.583771
19050.000000 -91.588806
19100.000000 -91.674774
19150.000000 -87.007095
19200.000000 -90.511124
19250.000000 -89.282104
19300.000000 -91.593834
19350.000000 -98.851616
19400.000000 -90.613968
19450.000000 -93.265526
19500.000000 -93.951111
19550.000000 -95.275749
19600.000000 -95.062958
19650.000000 -93.345238
19700.000000 -95.725731
19750.000000 -92.096535
19800.000000 -92.778893
19850.000000 -93.289978
19900.000000 -94.294685
19950.000000 -94.524467
20000.000000 -95.864578
20050.000000 -95.010567
20100.000000 -96.747772
20150.000000 -95.613029
20200.000000 -92.681328
20250.000000 -93.997467
20300.000000 -91.238655
20350.000000 -95.376343
20400.000000 -90.976799
20450.000000 -92.456001
20500.000000 -92.016869
20550.000000 -94.510368
20600.000000 -93.388466
20650.000000 -90.930023
20700.000000 -94.064133
20750.000000 -95.153519
20800.000000 -92.681328
20850.000000 -93.126259
20900.000000 -91.649399
20950.000000 -93.096275
21000.000000 -93.376099
21050.000000 -92.715637
21100.000000 -94.811394
21150.000000 -92.539818
21200.000000 -92.545433
21250.000000 -90.409485
21300.000000 -91.094864
21350.000000 -91.047432
21400.000000 -93.678024
21450.000000 -94.524467
21500.000000 -96.969322
21550.000000 -97.519310
21600.000000 -93.463081
21650.000000 -89.640541
21700.000000 -95.145935
21750.000000 -94.044083
21800.000000 -94.199005
21850.000000 -93.576210
21900.000000 -94.192215
21950.000000 -91.180847
22000.000000 -93.042564
22050.000000 -94.212608
22100.000000 -93.078331
22150.000000 -91.429237
22200.000000 -92.522987
22250.000000 -95.018036
22300.000000 -93.030678
22350.000000 -92.750084
22400.000000 -94.775002
22450.000000 -91.578743
22500.000000 -89.964172
22550.000000 -89.121536
22600.000000 -93.800499
22650.000000 -92.715637
22700.000000 -97.916740
22750.000000 -93.716515
22800.000000 -93.078331
22850.000000 -91.813103
22900.000000 -92.268959
22950.000000 -92.022156
23000.000000 -91.219345
23050.000000 -95.093040
23100.000000 -94.287819
23150.000000 -93.646080
23200.000000 -95.353119
23250.000000 -94.287819
23300.000000 -93.658844
23350.000000 -95.407532
23400.000000 -92.715637
23450.000000 -91.429237
23500.000000 -94.943665
23550.000000 -94.239883
23600.000000 -91.014397
23650.000000 -90.855705
23700.000000 -90.804977
23750.000000 -94.645256
23800.000000 -93.048515
23850.000000 -90.972107
23900.000000 -90.418274
23950.000000 -90.631981
24000.000000 -92.411629
24050.000000 -92.624443
24100.000000 -92.048645
24150.000000 -92.456001
24200.000000 -92.551048
24250.000000 -90.475639
24300.000000 -90.986183
24350.000000 -92.860069
24400.000000 -89.174728
24450.000000 -90.391930
24500.000000 -88.287827
24550.000000 -92.461563
24600.000000 -91.404572
24650.000000 -91.267708
24700.000000 -89.532639
24750.000000 -88.571144
24800.000000 -89.083733
24850.000000 -90.265694
24900.000000 -91.864891
24950.000000 -91.109123
25000.000000 -93.060432
25050.000000 -89.616447
25100.000000 -90.039627
25150.000000 -89.053612
25200.000000 -92.214706
25250.000000 -89.872833
25300.000000 -91.813118
25350.000000 -90.832611
25400.000000 -95.573135
25450.000000 -91.508652
25500.000000 -90.457947
25550.000000 -90.888138
25600.000000 -92.551048
25650.000000 -90.383163
25700.000000 -90.031212
25750.000000 -91.478790
25800.000000 -91.649399
25850.000000 -93.162369
25900.000000 -90.317703
25950.000000 -90.595993
26000.000000 -91.807938
26050.000000 -98.770706
26100.000000 -90.374405
26150.000000 -93.138275
26200.000000 -92.128601
26250.000000 -90.897430
26300.000000 -92.953781
26350.000000 -91.132965
26400.000000 -91.849319
26450.000000 -95.085510
26500.000000 -91.137741
26550.000000 -93.259422
26600.000000 -95.605042
26650.000000 -96.950645
26700.000000 -91.233826
26750.000000 -92.101868
26800.000000 -91.684952
26850.000000 -90.462364
26900.000000 -95.914124
26950.000000 -92.830986
27000.000000 -93.253326
27050.000000 -92.889244
27100.000000 -93.931313
27150.000000 -88.423088
27200.000000 -90.409485
27250.000000 -93.826508
27300.000000 -92.323555
27350.000000 -92.209305
27400.000000 -93.036621
27450.000000 -91.964165
27500.000000 -91.528625
27550.000000 -93.768105
27600.000000 -91.478790
27650.000000 -91.056892
27700.000000 -91.787399
27750.000000 -91.715530
27800.000000 -90.396309
27850.000000 -89.316902
27900.000000 -88.298157
27950.000000 -90.804977
28000.000000 -89.680847
28050.000000 -90.014404
28100.000000 -92.043343
28150.000000 -92.032745
28200.000000 -92.528595
28250.000000 -93.716515
28300.000000 -90.958061
28350.000000 -91.075928
28400.000000 -92.802010
28450.000000 -89.976700
28500.000000 -91.751350
28550.000000 -93.431938
28600.000000 -93.265526
28650.000000 -93.265526
28700.000000 -92.918518
28750.000000 -81.177139
28800.000000 -75.702240
28850.000000 -72.021080
28900.000000 -70.360832
28950.000000 -68.534584
29000.000000 -66.794708
29050.000000 -65.953011
29100.000000 -64.667892
29150.000000 -63.761005
29200.000000 -63.072365
29250.000000 -62.748314
29300.000000 -61.756519
29350.000000 -61.573822
29400.000000 -60.973278
29450.000000 -60.151340
29500.000000 -60.063183
29550.000000 -59.459587
29600.000000 -59.364708
29650.000000 -58.906086
29700.000000 -58.511013
29750.000000 -58.034275
29800.000000 -58.102188
29850.000000 -57.642761
29900.000000 -57.543510
29950.000000 -57.843498
30000.000000 -57.181667
30050.000000 -56.923687
30100.000000 -56.837524
30150.000000 -57.274334
30200.000000 -57.351467
30250.000000 -56.866581
30300.000000 -57.388771
30350.000000 -56.961433
30400.000000 -57.184063
30450.000000 -56.807095
30500.000000 -57.035358
30550.000000 -56.885822
30600.000000 -57.178890
30650.000000 -56.821880
30700.000000 -56.690601
30750.000000 -57.216328
30800.000000 -57.197685
30850.000000 -57.243111
30900.000000 -57.445576
30950.000000 -57.429489
31000.000000 -57.984219
31050.000000 -57.797607
31100.000000 -58.015484
31150.000000 -57.449921
31200.000000 -57.992840
31250.000000 -57.935070
31300.000000 -57.991680
31350.000000 -58.148216
31400.000000 -58.514698
31450.000000 -58.200314
31500.000000 -58.551975
31550.000000 -58.775723
31600.000000 -58.346985
31650.000000 -58.973652
31700.000000 -58.417282
31750.000000 -58.858768
31800.000000 -59.365944
31850.000000 -59.180897
31900.000000 -59.553627
31950.000000 -59.702316
32000.000000 -59.778984
32050.000000 -59.770462
32100.000000 -60.010345
32150.000000 -59.671249
32200.000000 -59.992584
32250.000000 -60.168621
32300.000000 -60.397419
32350.000000 -60.394646
32400.000000 -60.317867
32450.000000 -60.327637
32500.000000 -60.651814
32550.000000 -60.587051
32600.000000 -60.337963
32650.000000 -60.219444
32700.000000 -60.290554
32750.000000 -60.304817
32800.000000 -60.381756
32850.000000 -60.149048
32900.000000 -59.985699
32950.000000 -60.757317
33000.000000 -60.425770
33050.000000 -60.230736
33100.000000 -60.294666
33150.000000 -60.292061
33200.000000 -59.837322
33250.000000 -60.083633
33300.000000 -60.198402
33350.000000 -60.300701
33400.000000 -60.124275
33450.000000 -60.154850
33500.000000 -59.958614
33550.000000 -59.708721
33600.000000 -59.944908
33650.000000 -59.308228
33700.000000 -59.910080
33750.000000 -60.035725
33800.000000 -59.586166
33850.000000 -59.731953
33900.000000 -59.728996
33950.000000 -59.423546
34000.000000 -59.555134
34050.000000 -59.300518
34100.000000 -59.322926
34150.000000 -59.341091
34200.000000 -59.051964
34250.000000 -58.629047
34300.000000 -59.275734
34350.000000 -58.892189
34400.000000 -59.217400
34450.000000 -59.609322
34500.000000 -59.100941
34550.000000 -59.168243
34600.000000 -59.589832
34650.000000 -59.306389
34700.000000 -59.675083
34750.000000 -59.509544
34800.000000 -59.477791
34850.000000 -59.450623
34900.000000 -59.450623
34950.000000 -59.467438
35000.000000 -59.620354
35050.000000 -59.628098
35100.000000 -59.274513
35150.000000 -59.379379
35200.000000 -59.484905
35250.000000 -59.141792
35300.000000 -59.903782
35350.000000 -59.575813
35400.000000 -59.582882
35450.000000 -59.521454
35500.000000 -59.804085
35550.000000 -59.499405
35600.000000 -59.878132
35650.000000 -59.796444
35700.000000 -59.449627
35750.000000 -59.797611
35800.000000 -59.767365
35850.000000 -59.997883
35900.000000 -59.677631
35950.000000 -59.877609
36000.000000 -59.651749
36050.000000 -59.820427
36100.000000 -59.425529
36150.000000 -59.666912
36200.000000 -59.840576
36250.000000 -59.754337
36300.000000 -59.795021
36350.000000 -59.839142
36400.000000 -59.971153
36450.000000 -59.773170
36500.000000 -59.680187
36550.000000 -59.471554
36600.000000 -59.383453
36650.000000 -59.592995
36700.000000 -59.826920
36750.000000 -59.569000
36800.000000 -59.712181
36850.000000 -59.817966
36900.000000 -59.749962
36950.000000 -59.845131
37000.000000 -59.958881
37050.000000 -59.772911
37100.000000 -59.715134
37150.000000 -59.608311
37200.000000 -59.635719
37250.000000 -59.963627
37300.000000 -59.378761
37350.000000 -59.842136
37400.000000 -59.295017
37450.000000 -59.920841
37500.000000 -59.636990
37550.000000 -59.537525
37600.000000 -59.532749
37650.000000 -59.412514
37700.000000 -59.642200
37750.000000 -59.718338
37800.000000 -60.065056
37850.000000 -59.841484
37900.000000 -59.812904
37950.000000 -59.791397
38000.000000 -60.050911
38050.000000 -60.048244
38100.000000 -60.138538
38150.000000 -60.070263
38200.000000 -59.980938
38250.000000 -60.130058
38300.000000 -59.864288
38350.000000 -59.854507
38400.000000 -60.022030
38450.000000 -59.915852
38500.000000 -59.967461
38550.000000 -59.722443
38600.000000 -59.249435
38650.000000 -59.527229
38700.000000 -59.358673
38750.000000 -59.393703
38800.000000 -59.809532
38850.000000 -59.688877
38900.000000 -59.613758
38950.000000 -59.473423
39000.000000 -59.616806
39050.000000 -59.723476
39100.000000 -59.547081
39150.000000 -59.334702
39200.000000 -59.312878
39250.000000 -59.392715
39300.000000 -59.547958
39350.000000 -59.764008
39400.000000 -59.744938
39450.000000 -59.847080
39500.000000 -59.837452
39550.000000 -59.510674
39600.000000 -59.721291
39650.000000 -59.932011
39700.000000 -59.920319
39750.000000 -59.771877
39800.000000 -59.948597
39850.000000 -60.018974
39900.000000 -59.836151
39950.000000 -59.821205
40000.000000 -59.903393
