0.000000 -61.118134
50.000000 -61.247681
100.000000 -61.025471
150.000000 -60.611904
200.000000 -61.030842
250.000000 -60.898438
300.000000 -60.745754
350.000000 -60.705265
400.000000 -61.089237
450.000000 -61.122505
500.000000 -61.279716
550.000000 -61.100365
600.000000 -60.842617
650.000000 -60.844223
700.000000 -61.452038
750.000000 -61.303093
800.000000 -61.513504
850.000000 -60.947521
900.000000 -60.956985
950.000000 -61.297550
1000.000000 -60.873047
1050.000000 -61.460503
1100.000000 -61.466618
1150.000000 -61.043835
1200.000000 -60.877884
1250.000000 -60.894615
1300.000000 -61.131260
1350.000000 -61.180466
1400.000000 -61.346317
1450.000000 -61.303246
1500.000000 -61.240185
1550.000000 -61.241257
1600.000000 -60.986629
1650.000000 -61.120846
1700.000000 -61.199310
1750.000000 -61.025768
1800.000000 -61.167114
1850.000000 -60.931572
1900.000000 -60.867481
1950.000000 -61.059841
2000.000000 -61.308331
2050.000000 -61.319431
2100.000000 -61.109848
2150.000000 -61.190643
2200.000000 -60.948257
2250.000000 -61.161507
2300.000000 -60.942055
2350.000000 -61.197487
2400.000000 -60.982918
2450.000000 -60.986629
2500.000000 -60.997475
2550.000000 -60.997028
2600.000000 -61.020996
2650.000000 -61.166962
2700.000000 -60.809822
2750.000000 -60.933491
2800.000000 -61.033230
2850.000000 -61.064034
2900.000000 -61.136997
2950.000000 -60.618732
3000.000000 -60.978481
3050.000000 -60.748062
3100.000000 -61.219116
3150.000000 -60.793831
3200.000000 -60.803864
3250.000000 -60.634399
3300.000000 -60.874954
3350.000000 -61.085938
3400.000000 -60.922279
3450.000000 -60.967499
3500.000000 -61.073780
3550.000000 -60.764114
3600.000000 -60.724426
3650.000000 -60.581947
3700.000000 -60.732334
3750.000000 -60.794559
3800.000000 -60.787300
3850.000000 -60.322681
3900.000000 -60.509407
3950.000000 -60.452534
4000.000000 -60.768745
4050.000000 -60.804295
4100.000000 -60.984417
4150.000000 -60.652672
4200.000000 -60.706703
4250.000000 -60.832691
4300.000000 -60.987820
4350.000000 -61.048470
4400.000000 -61.013844
4450.000000 -60.957874
4500.000000 -60.815353
4550.000000 -60.928177
4600.000000 -60.984108
4650.000000 -60.499855
4700.000000 -60.683300
4750.000000 -60.430222
4800.000000 -60.614178
4850.000000 -60.083233
4900.000000 -60.296177
4950.000000 -60.404079
5000.000000 -60.680721
5050.000000 -60.722965
5100.000000 -60.527557
5150.000000 -60.240402
5200.000000 -60.337276
5250.000000 -60.580814
5300.000000 -60.497330
5350.000000 -60.545460
5400.000000 -60.599255
5450.000000 -60.288635
5500.000000 -60.776279
5550.000000 -60.706417
5600.000000 -60.761799
5650.000000 -60.435379
5700.000000 -60.349960
5750.000000 -60.464272
5800.000000 -60.424099
5850.000000 -60.436214
5900.000000 -60.447231
5950.000000 -60.311958
6000.000000 -60.414787
6050.000000 -60.453094
6100.000000 -60.378017
6150.000000 -60.071598
6200.000000 -60.113930
6250.000000 -60.318146
6300.000000 -59.744678
6350.000000 -59.735294
6400.000000 -59.760784
6450.000000 -59.618073
6500.000000 -59.734520
6550.000000 -60.179844
6600.000000 -60.266605
6650.000000 -59.890034
6700.000000 -59.452492
6750.000000 -59.568241
6800.000000 -59.599571
6850.000000 -59.982128
6900.000000 -60.299603
6950.000000 -60.078285
7000.000000 -60.219852
7050.000000 -60.392426
7100.000000 -60.171459
7150.000000 -60.427162
7200.000000 -60.407692
7250.000000 -60.202606
7300.000000 -60.086178
7350.000000 -60.171055
7400.000000 -60.428703
7450.000000 -59.971947
7500.000000 -59.888596
7550.000000 -59.928726
7600.000000 -59.935562
7650.000000 -60.202473
7700.000000 -60.028145
7750.000000 -59.982655
7800.000000 -59.619972
7850.000000 -60.090595
7900.000000 -59.985432
7950.000000 -60.243130
8000.000000 -59.810696
8050.000000 -59.900379
8100.000000 -59.879440
8150.000000 -60.035061
8200.000000 -59.895790
8250.000000 -59.799683
8300.000000 -59.667805
8350.000000 -59.785316
8400.000000 -59.856853
8450.000000 -59.506039
8500.000000 -59.675205
8550.000000 -59.203239
8600.000000 -59.471428
8650.000000 -59.919136
8700.000000 -59.765945
8750.000000 -59.847343
8800.000000 -60.175110
8850.000000 -60.831818
8900.000000 -61.115120
8950.000000 -61.269127
9000.000000 -61.648491
9050.000000 -61.524082
9100.000000 -61.909225
9150.000000 -62.017555
9200.000000 -62.438374
9250.000000 -62.521423
9300.000000 -63.349331
9350.000000 -63.368843
9400.000000 -63.535686
9450.000000 -63.677418
9500.000000 -63.809982
9550.000000 -64.039246
9600.000000 -64.786888
9650.000000 -65.161667
9700.000000 -65.116402
9750.000000 -65.319405
9800.000000 -65.713577
9850.000000 -65.708199
9900.000000 -66.278328
9950.000000 -66.150932
10000.000000 -66.520599
10050.000000 -66.474388
10100.000000 -67.045769
10150.000000 -66.822571
10200.000000 -67.005600
10250.000000 -67.617172
10300.000000 -67.747154
10350.000000 -67.992134
10400.000000 -68.190964
10450.000000 -68.183144
10500.000000 -68.680611
10550.000000 -68.940826
10600.000000 -69.320763
10650.000000 -69.176620
10700.000000 -69.946648
10750.000000 -69.743271
10800.000000 -70.003899
10850.000000 -70.234192
10900.000000 -70.162155
10950.000000 -70.403320
11000.000000 -71.129608
11050.000000 -70.946350
11100.000000 -71.054985
11150.000000 -71.689003
11200.000000 -71.891930
11250.000000 -72.231476
11300.000000 -72.274933
11350.000000 -72.544846
11400.000000 -72.533623
11450.000000 -72.937874
11500.000000 -73.556602
11550.000000 -73.567970
11600.000000 -73.483688
11650.000000 -73.595825
11700.000000 -74.073479
11750.000000 -74.014061
11800.000000 -74.445076
11850.000000 -74.928108
11900.000000 -73.593925
11950.000000 -75.208282
12000.000000 -74.908905
12050.000000 -75.413757
12100.000000 -75.653091
12150.000000 -75.745171
12200.000000 -76.404625
12250.000000 -75.676422
12300.000000 -76.455589
12350.000000 -76.548615
12400.000000 -76.935692
12450.000000 -76.892029
12500.000000 -76.745010
12550.000000 -77.129707
12600.000000 -77.773987
12650.000000 -77.974243
12700.000000 -78.159904
12750.000000 -78.846931
12800.000000 -79.259285
12850.000000 -78.925041
12900.000000 -78.191055
12950.000000 -78.594147
13000.000000 -78.772964
13050.000000 -78.943794
13100.000000 -79.367050
13150.000000 -80.146492
13200.000000 -79.965088
13250.000000 -79.917694
13300.000000 -80.490181
13350.000000 -80.048653
13400.000000 -81.635208
13450.000000 -81.566681
13500.000000 -81.601677
13550.000000 -82.056435
13600.000000 -81.989517
13650.000000 -82.598671
13700.000000 -82.638084
13750.000000 -82.630905
13800.000000 -83.933136
13850.000000 -81.603271
13900.000000 -83.704796
13950.000000 -83.480316
14000.000000 -83.759781
14050.000000 -85.112358
14100.000000 -85.465637
14150.000000 -86.134811
14200.000000 -84.715668
14250.000000 -84.772881
14300.000000 -85.388893
14350.000000 -86.894974
14400.000000 -85.298172
14450.000000 -85.674522
14500.000000 -85.239822
14550.000000 -85.753845
14600.000000 -87.993469
14650.000000 -86.995224
14700.000000 -86.632233
14750.000000 -86.322136
14800.000000 -88.356926
14850.000000 -84.615883
14900.000000 -87.609543
14950.000000 -86.839455
15000.000000 -88.056908
15050.000000 -87.126694
15100.000000 -86.302948
15150.000000 -86.807472
15200.000000 -88.574699
15250.000000 -89.313026
15300.000000 -91.508652
15350.000000 -90.631981
15400.000000 -87.105644
15450.000000 -90.218307
15500.000000 -90.064926
15550.000000 -90.708946
15600.000000 -90.462364
15650.000000 -89.548538
15700.000000 -87.473747
15750.000000 -86.677856
15800.000000 -89.144287
15850.000000 -88.066971
15900.000000 -90.749977
15950.000000 -91.384926
16000.000000 -89.964172
16050.000000 -90.818787
16100.000000 -90.300331
16150.000000 -92.198502
16200.000000 -87.705551
16250.000000 -88.256905
16300.000000 -89.437843
16350.000000 -91.375061
16400.000000 -94.461189
16450.000000 -90.440292
16500.000000 -92.406097
16550.000000 -92.367477
16600.000000 -89.802895
16650.000000 -88.919350
16700.000000 -91.253166
16750.000000 -90.600487
16800.000000 -89.098831
16850.000000 -91.335869
16900.000000 -91.113884
16950.000000 -90.846458
17000.000000 -92.607452
17050.000000 -92.652840
17100.000000 -91.483757
17150.000000 -91.335869
17200.000000 -92.715637
17250.000000 -89.560486
17300.000000 -91.695129
17350.000000 -90.244118
17400.000000 -91.598877
17450.000000 -91.326096
17500.000000 -90.587021
17550.000000 -90.681709
17600.000000 -89.351837
17650.000000 -93.582542
17700.000000 -91.690041
17750.000000 -96.183212
17800.000000 -93.096275
17850.000000 -92.715637
17900.000000 -92.704185
17950.000000 -93.444366
18000.000000 -92.318085
18050.000000 -92.784683
18100.000000 -91.389801
18150.000000 -91.488731
18200.000000 -91.176048
18250.000000 -99.015724
18300.000000 -93.997467
18350.000000 -91.838959
18400.000000 -92.528595
18450.000000 -91.538628
18500.000000 -90.686241
18550.000000 -92.307144
18600.000000 -91.741104
18650.000000 -93.826508
18700.000000 -92.534203
18750.000000 -90.736275
18800.000000 -92.193100
18850.000000 -92.573570
18900.000000 -94.024071
18950.000000 -95.283447
19000.000000 -89.076195
19050.000000 -88.809029
19100.000000 -91.109123
19150.000000 -96.106682
19200.000000 -92.043343
19250.000000 -90.427071
19300.000000 -90.754547
19350.000000 -90.986183
19400.000000 -93.108253
19450.000000 -92.635796
19500.000000 -90.524467
19550.000000 -93.339081
19600.000000 -93.419479
19650.000000 -93.563568
19700.000000 -90.668114
19750.000000 -90.846458
19800.000000 -93.481834
19850.000000 -93.703667
19900.000000 -94.336014
19950.000000 -87.818924
20000.000000 -92.059265
20050.000000 -90.119995
20100.000000 -91.593834
20150.000000 -89.922539
20200.000000 -91.578743
20250.000000 -90.582542
20300.000000 -90.069153
20350.000000 -90.524467
20400.000000 -89.278244
20450.000000 -95.206779
20500.000000 -94.461189
20550.000000 -93.320633
20600.000000 -95.123230
20650.000000 -92.258087
20700.000000 -91.156868
20750.000000 -93.513176
20800.000000 -92.750084
20850.000000 -95.815323
20900.000000 -92.883400
20950.000000 -96.711464
21000.000000 -93.296097
21050.000000 -91.593834
21100.000000 -92.947891
21150.000000 -89.189987
21200.000000 -89.189987
21250.000000 -89.091278
21300.000000 -90.736275
21350.000000 -90.573578
21400.000000 -91.185669
21450.000000 -87.986824
21500.000000 -90.365662
21550.000000 -91.390999
21600.000000 -91.316338
21650.000000 -90.749977
21700.000000 -91.568695
21750.000000 -93.735825
21800.000000 -96.648094
21850.000000 -94.064133
21900.000000 -89.885231
21950.000000 -94.811394
22000.000000 -95.669205
22050.000000 -94.447197
22100.000000 -95.629044
22150.000000 -91.953659
22200.000000 -92.500603
22250.000000 -92.428238
22300.000000 -92.664223
22350.000000 -90.892784
22400.000000 -91.321220
22450.000000 -89.951660
22500.000000 -92.715637
22550.000000 -92.630119
22600.000000 -95.237366
22650.000000 -90.832611
22700.000000 -92.296219
22750.000000 -95.509674
22800.000000 -95.025505
22850.000000 -96.294960
22900.000000 -92.268959
22950.000000 -92.268959
23000.000000 -92.356476
23050.000000 -91.296852
23100.000000 -93.369919
23150.000000 -90.736275
23200.000000 -95.115669
23250.000000 -93.036621
23300.000000 -93.826508
23350.000000 -96.157631
23400.000000 -90.560158
23450.000000 -91.152084
23500.000000 -92.601799
23550.000000 -90.343826
23600.000000 -92.069893
23650.000000 -90.158325
23700.000000 -91.870087
23750.000000 -93.216827
23800.000000 -91.588821
23850.000000 -89.774261
23900.000000 -95.077988
23950.000000 -91.409500
24000.000000 -90.048058
24050.000000 -94.412300
24100.000000 -94.573997
24150.000000 -94.862595
24200.000000 -94.461189
24250.000000 -93.357567
24300.000000 -93.878754
24350.000000 -97.670021
24400.000000 -94.884628
24450.000000 -93.419479
24500.000000 -92.930260
24550.000000 -96.183212
24600.000000 -91.958908
24650.000000 -95.881065
24700.000000 -96.277672
24750.000000 -95.070473
24800.000000 -91.468857
24850.000000 -89.496971
24900.000000 -92.107208
24950.000000 -95.130791
25000.000000 -95.306580
25050.000000 -92.069916
25100.000000 -91.969421
25150.000000 -92.285301
25200.000000 -90.668114
25250.000000 -93.846062
25300.000000 -93.265526
25350.000000 -90.591507
25400.000000 -94.524467
25450.000000 -95.758202
25500.000000 -91.355446
25550.000000 -93.253326
25600.000000 -93.859123
25650.000000 -99.231384
25700.000000 -87.699120
25750.000000 -90.948700
25800.000000 -91.219345
25850.000000 -94.287819
25900.000000 -93.806999
25950.000000 -92.001022
26000.000000 -89.144287
26050.000000 -89.209099
26100.000000 -88.090485
26150.000000 -90.098778
26200.000000 -89.524696
26250.000000 -89.209099
26300.000000 -89.672768
26350.000000 -91.009689
26400.000000 -88.308495
26450.000000 -92.630119
26500.000000 -93.326782
26550.000000 -90.365662
26600.000000 -87.217491
26650.000000 -88.841980
26700.000000 -88.521507
26750.000000 -88.521507
26800.000000 -88.830978
26850.000000 -89.852203
26900.000000 -88.107323
26950.000000 -90.809578
27000.000000 -89.536606
27050.000000 -86.692162
27100.000000 -88.006790
27150.000000 -88.830978
27200.000000 -88.154640
27250.000000 -87.241859
27300.000000 -88.653305
27350.000000 -88.599632
27400.000000 -88.646126
27450.000000 -88.667671
27500.000000 -87.220528
27550.000000 -90.300331
27600.000000 -86.683578
27650.000000 -90.069168
27700.000000 -87.536644
27750.000000 -91.214523
27800.000000 -91.787315
27850.000000 -89.220581
27900.000000 -91.870087
27950.000000 -91.849319
28000.000000 -89.930847
28050.000000 -91.345650
28100.000000 -91.684952
28150.000000 -89.741653
28200.000000 -89.725395
28250.000000 -90.352554
28300.000000 -91.000282
28350.000000 -93.800499
28400.000000 -94.212875
28450.000000 -91.695129
28500.000000 -92.761597
28550.000000 -95.268089
28600.000000 -92.274406
28650.000000 -95.972275
28700.000000 -81.664078
28750.000000 -75.716103
28800.000000 -72.621025
28850.000000 -69.912140
28900.000000 -68.664429
28950.000000 -67.228745
29000.000000 -65.369431
29050.000000 -64.746284
29100.000000 -64.615425
29150.000000 -62.986519
29200.000000 -62.667580
29250.000000 -61.958916
29300.000000 -61.629925
29350.000000 -61.417801
29400.000000 -60.939541
29450.000000 -60.359211
29500.000000 -59.985039
29550.000000 -59.651367
29600.000000 -59.624290
29650.000000 -59.521080
29700.000000 -59.075050
29750.000000 -59.017570
29800.000000 -58.915436
29850.000000 -58.596966
29900.000000 -58.315376
29950.000000 -58.219944
30000.000000 -58.483921
30050.000000 -58.405029
30100.000000 -58.359703
30150.000000 -58.489155
30200.000000 -58.311993
30250.000000 -58.197296
30300.000000 -57.946365
30350.000000 -57.885059
30400.000000 -58.362778
30450.000000 -58.420376
30500.000000 -58.490379
30550.000000 -58.397091
30600.000000 -58.109005
30650.000000 -58.510231
30700.000000 -58.677517
30750.000000 -58.446159
30800.000000 -58.710129
30850.000000 -59.161018
30900.000000 -58.973885
30950.000000 -59.006573
31000.000000 -59.555511
31050.000000 -59.537148
31100.000000 -59.873165
31150.000000 -59.669975
31200.000000 -59.899208
31250.000000 -59.950573
31300.000000 -60.339340
31350.000000 -60.877445
31400.000000 -60.934963
31450.000000 -60.919334
31500.000000 -61.194141
31550.000000 -61.674168
31600.000000 -61.422012
31650.000000 -61.824276
31700.000000 -61.746788
31750.000000 -62.155064
31800.000000 -62.008198
31850.000000 -62.341866
31900.000000 -62.545731
31950.000000 -62.339783
32000.000000 -62.451897
32050.000000 -62.323486
32100.000000 -62.434162
32150.000000 -61.900642
32200.000000 -62.343426
32250.000000 -61.830654
32300.000000 -61.673203
32350.000000 -61.744236
32400.000000 -61.682529
32450.000000 -62.203613
32500.000000 -61.766258
32550.000000 -61.897511
32600.000000 -61.947285
32650.000000 -61.917320
32700.000000 -61.539101
32750.000000 -61.277416
32800.000000 -61.143044
32850.000000 -61.326378
32900.000000 -61.614590
32950.000000 -61.412495
33000.000000 -61.361343
33050.000000 -61.211796
33100.000000 -61.469601
33150.000000 -61.302017
33200.000000 -60.998516
33250.000000 -61.315422
33300.000000 -60.983810
33350.000000 -60.796593
33400.000000 -60.741276
33450.000000 -60.781353
33500.000000 -60.592159
33550.000000 -60.921249
33600.000000 -61.120998
33650.000000 -61.042042
33700.000000 -61.109547
33750.000000 -60.976837
33800.000000 -60.953285
33850.000000 -60.286308
33900.000000 -60.286854
33950.000000 -60.691048
34000.000000 -60.684162
34050.000000 -60.801388
34100.000000 -60.496067
34150.000000 -60.740269
34200.000000 -60.866161
34250.000000 -60.550968
34300.000000 -60.762665
34350.000000 -61.010418
34400.000000 -60.859283
34450.000000 -60.915947
34500.000000 -60.905350
34550.000000 -60.906082
34600.000000 -61.276802
34650.000000 -60.917713
34700.000000 -61.145008
34750.000000 -61.286633
34800.000000 -61.520924
34850.000000 -61.271736
34900.000000 -61.271736
34950.000000 -61.432793
35000.000000 -61.359325
35050.000000 -60.900349
35100.000000 -61.284634
35150.000000 -61.339821
35200.000000 -61.617622
35250.000000 -61.642883
35300.000000 -61.071083
35350.000000 -61.002087
35400.000000 -61.202202
35450.000000 -61.392715
35500.000000 -61.478554
35550.000000 -61.145309
35600.000000 -61.248138
35650.000000 -61.351582
35700.000000 -61.461758
35750.000000 -61.668385
35800.000000 -61.683815
35850.000000 -61.402210
35900.000000 -61.589565
35950.000000 -61.171967
36000.000000 -61.242786
36050.000000 -61.408596
36100.000000 -61.365528
36150.000000 -61.214085
36200.000000 -61.159081
36250.000000 -61.157719
36300.000000 -61.051910
36350.000000 -61.089390
36400.000000 -61.121300
36450.000000 -61.245689
36500.000000 -61.528191
36550.000000 -61.330391
36600.000000 -61.403610
36650.000000 -61.255333
36700.000000 -61.130203
36750.000000 -61.358398
36800.000000 -61.310795
36850.000000 -61.095852
36900.000000 -61.280487
36950.000000 -61.364132
37000.000000 -61.176517
37050.000000 -61.334408
37100.000000 -61.328537
37150.000000 -61.262535
37200.000000 -61.287861
37250.000000 -61.207836
37300.000000 -61.164841
37350.000000 -61.009972
37400.000000 -61.401897
37450.000000 -61.211796
37500.000000 -61.429195
37550.000000 -60.983662
37600.000000 -60.860600
37650.000000 -61.098263
37700.000000 -60.768745
37750.000000 -60.987225
37800.000000 -61.009228
37850.000000 -61.252731
37900.000000 -61.501839
37950.000000 -61.203724
38000.000000 -61.554146
38050.000000 -61.417332
38100.000000 -61.404236
38150.000000 -61.395515
38200.000000 -61.471958
38250.000000 -61.367081
38300.000000 -61.330856
38350.000000 -61.130505
38400.000000 -61.284172
38450.000000 -61.511929
38500.000000 -61.404545
38550.000000 -61.412495
38600.000000 -61.509720
38650.000000 -61.831963
38700.000000 -61.701046
38750.000000 -61.626408
38800.000000 -61.353130
38850.000000 -61.640003
38900.000000 -61.570171
38950.000000 -61.298012
39000.000000 -61.405636
39050.000000 -61.237434
39100.000000 -61.407040
39150.000000 -61.324677
39200.000000 -61.528191
39250.000000 -61.456112
39300.000000 -61.214390
39350.000000 -61.449844
39400.000000 -61.452820
39450.000000 -61.446243
39500.000000 -61.504360
39550.000000 -61.165447
39600.000000 -61.322979
39650.000000 -61.319431
39700.000000 -61.362736
39750.000000 -60.918304
39800.000000 -61.109245
39850.000000 -61.273884
39900.000000 -61.140625
39950.000000 -60.944416
40000.000000 -61.380741
