0.000000 -60.306740
50.000000 -60.345959
100.000000 -60.512077
150.000000 -60.200706
200.000000 -60.599964
250.000000 -60.892265
300.000000 -60.740555
350.000000 -59.060646
400.000000 -58.960945
450.000000 -58.918243
500.000000 -58.791164
550.000000 -59.610210
600.000000 -59.573036
650.000000 -59.283295
700.000000 -60.030670
750.000000 -59.869644
800.000000 -59.863247
850.000000 -59.814461
900.000000 -59.856983
950.000000 -60.284389
1000.000000 -60.492840
1050.000000 -60.434681
1100.000000 -60.622005
1150.000000 -60.316769
1200.000000 -60.347893
1250.000000 -60.235229
1300.000000 -60.397556
1350.000000 -60.009945
1400.000000 -60.772221
1450.000000 -60.621010
1500.000000 -60.575573
1550.000000 -60.591022
1600.000000 -60.300838
1650.000000 -60.312923
1700.000000 -60.255676
1750.000000 -60.332180
1800.000000 -60.465389
1850.000000 -60.428413
1900.000000 -60.443604
1950.000000 -60.096088
2000.000000 -60.413666
2050.000000 -60.072536
2100.000000 -59.803566
2150.000000 -59.502533
2200.000000 -59.628860
2250.000000 -59.554760
2300.000000 -59.611351
2350.000000 -59.366924
2400.000000 -59.456348
2450.000000 -59.836540
2500.000000 -59.461334
2550.000000 -59.501534
2600.000000 -59.027401
2650.000000 -59.726425
2700.000000 -59.436329
2750.000000 -59.424786
2800.000000 -59.500156
2850.000000 -59.226490
2900.000000 -59.392963
2950.000000 -58.775032
3000.000000 -59.320351
3050.000000 -59.379749
3100.000000 -58.708759
3150.000000 -58.805244
3200.000000 -58.925034
3250.000000 -58.649448
3300.000000 -58.932182
3350.000000 -59.122601
3400.000000 -59.261475
3450.000000 -58.871330
3500.000000 -59.317776
3550.000000 -59.672909
3600.000000 -58.878315
3650.000000 -59.244579
3700.000000 -59.338753
3750.000000 -59.054817
3800.000000 -59.491280
3850.000000 -59.143471
3900.000000 -59.390369
3950.000000 -59.859985
4000.000000 -59.249920
4050.000000 -59.174267
4100.000000 -59.756790
4150.000000 -59.762333
4200.000000 -59.764652
4250.000000 -59.657097
4300.000000 -59.343422
4350.000000 -59.824455
4400.000000 -59.687218
4450.000000 -60.144196
4500.000000 -60.117691
4550.000000 -59.894352
4600.000000 -59.608818
4650.000000 -59.953869
4700.000000 -59.796314
4750.000000 -59.781307
4800.000000 -59.850861
4850.000000 -60.124546
4900.000000 -60.411163
4950.000000 -60.130600
5000.000000 -60.128445
5050.000000 -59.886238
5100.000000 -59.630127
5150.000000 -59.866245
5200.000000 -60.082832
5250.000000 -60.190407
5300.000000 -59.900642
5350.000000 -59.971420
5400.000000 -59.737862
5450.000000 -60.105610
5500.000000 -59.793724
5550.000000 -60.006100
5600.000000 -60.113258
5650.000000 -59.852684
5700.000000 -59.827702
5750.000000 -59.952682
5800.000000 -59.834721
5850.000000 -59.729252
5900.000000 -60.133961
5950.000000 -59.818222
6000.000000 -59.761688
6050.000000 -60.002518
6100.000000 -59.687984
6150.000000 -59.640549
6200.000000 -59.762199
6250.000000 -59.738247
6300.000000 -59.702702
6350.000000 -60.013264
6400.000000 -59.911915
6450.000000 -59.631653
6500.000000 -59.785831
6550.000000 -59.896709
6600.000000 -59.868729
6650.000000 -59.629368
6700.000000 -59.801235
6750.000000 -59.988213
6800.000000 -59.398033
6850.000000 -59.564461
6900.000000 -59.485157
6950.000000 -59.537273
7000.000000 -59.575176
7050.000000 -59.506794
7100.000000 -59.450127
7150.000000 -59.873558
7200.000000 -59.278412
7250.000000 -59.899330
7300.000000 -60.150936
7350.000000 -60.006100
7400.000000 -59.562695
7450.000000 -59.912830
7500.000000 -60.169163
7550.000000 -60.103195
7600.000000 -59.579220
7650.000000 -59.784538
7700.000000 -59.329670
7750.000000 -59.288055
7800.000000 -59.842007
7850.000000 -59.921101
7900.000000 -59.539036
7950.000000 -59.522335
8000.000000 -59.475418
8050.000000 -59.449379
8100.000000 -59.351658
8150.000000 -59.564713
8200.000000 -59.346004
8250.000000 -59.799812
8300.000000 -59.358799
8350.000000 -59.112423
8400.000000 -59.423546
8450.000000 -59.824841
8500.000000 -59.759109
8550.000000 -59.709492
8600.000000 -59.728226
8650.000000 -59.925568
8700.000000 -60.150803
8750.000000 -59.828999
8800.000000 -60.067192
8850.000000 -60.283703
8900.000000 -60.390484
8950.000000 -60.678715
9000.000000 -60.730457
9050.000000 -61.086235
9100.000000 -61.600555
9150.000000 -61.830162
9200.000000 -62.012039
9250.000000 -61.962055
9300.000000 -62.473015
9350.000000 -62.551781
9400.000000 -62.574383
9450.000000 -63.089371
9500.000000 -63.484859
9550.000000 -63.754669
9600.000000 -63.684708
9650.000000 -64.004288
9700.000000 -64.342636
9750.000000 -64.825615
9800.000000 -64.535965
9850.000000 -64.851059
9900.000000 -65.140083
9950.000000 -65.674767
10000.000000 -65.773140
10050.000000 -65.916260
10100.000000 -66.504890
10150.000000 -66.183548
10200.000000 -66.453751
10250.000000 -66.697594
10300.000000 -67.086136
10350.000000 -67.712624
10400.000000 -67.961258
10450.000000 -68.456711
10500.000000 -68.206635
10550.000000 -68.611046
10600.000000 -68.954941
10650.000000 -69.131752
10700.000000 -69.256279
10750.000000 -69.570038
10800.000000 -69.636902
10850.000000 -69.463791
10900.000000 -70.419136
10950.000000 -70.114456
11000.000000 -70.342941
11050.000000 -71.020515
11100.000000 -70.555672
11150.000000 -70.927673
11200.000000 -70.864021
11250.000000 -70.907646
11300.000000 -71.817726
11350.000000 -71.357384
11400.000000 -72.708748
11450.000000 -72.501137
11500.000000 -71.791931
11550.000000 -72.526329
11600.000000 -72.938461
11650.000000 -72.871704
11700.000000 -73.723572
11750.000000 -74.050735
11800.000000 -74.379593
11850.000000 -74.915550
11900.000000 -74.474487
11950.000000 -74.938461
12000.000000 -74.410881
12050.000000 -74.910385
12100.000000 -75.413757
12150.000000 -75.413757
12200.000000 -75.290352
12250.000000 -75.245773
12300.000000 -75.315048
12350.000000 -75.633842
12400.000000 -76.447662
12450.000000 -76.079605
12500.000000 -75.916573
12550.000000 -76.869820
12600.000000 -76.216553
12650.000000 -76.991760
12700.000000 -77.329124
12750.000000 -77.526245
12800.000000 -77.676071
12850.000000 -77.474564
12900.000000 -77.013344
12950.000000 -77.809959
13000.000000 -78.054382
13050.000000 -78.151329
13100.000000 -78.107521
13150.000000 -77.896912
13200.000000 -78.308067
13250.000000 -79.508675
13300.000000 -79.402863
13350.000000 -79.945305
13400.000000 -80.887573
13450.000000 -79.596794
13500.000000 -80.405060
13550.000000 -79.995499
13600.000000 -80.833427
13650.000000 -81.420303
13700.000000 -82.388504
13750.000000 -80.580399
13800.000000 -82.618355
13850.000000 -83.411346
13900.000000 -83.089569
13950.000000 -83.893623
14000.000000 -84.212738
14050.000000 -84.837410
14100.000000 -82.989891
14150.000000 -84.858253
14200.000000 -83.599846
14250.000000 -85.273811
14300.000000 -84.086647
14350.000000 -85.638931
14400.000000 -85.535545
14450.000000 -85.862488
14500.000000 -86.229324
14550.000000 -85.852081
14600.000000 -86.242912
14650.000000 -86.735229
14700.000000 -86.410400
14750.000000 -89.079964
14800.000000 -88.020126
14850.000000 -87.016006
14900.000000 -85.875511
14950.000000 -84.844353
15000.000000 -87.398941
15050.000000 -85.205971
15100.000000 -85.339737
15150.000000 -87.398865
15200.000000 -87.933800
15250.000000 -86.507980
15300.000000 -88.036827
15350.000000 -87.973534
15400.000000 -88.882423
15450.000000 -90.902077
15500.000000 -86.944954
15550.000000 -87.983498
15600.000000 -90.132751
15650.000000 -88.026802
15700.000000 -87.300018
15750.000000 -86.743866
15800.000000 -86.410400
15850.000000 -88.381241
15900.000000 -88.739876
15950.000000 -89.042343
16000.000000 -85.815758
16050.000000 -86.729469
16100.000000 -88.805374
16150.000000 -89.324654
16200.000000 -88.444084
16250.000000 -89.189987
16300.000000 -89.572449
16350.000000 -87.093636
16400.000000 -87.848320
16450.000000 -87.552437
16500.000000 -92.406097
16550.000000 -88.628220
16600.000000 -90.668114
16650.000000 -90.222588
16700.000000 -89.004890
16750.000000 -91.171249
16800.000000 -88.141098
16850.000000 -87.943718
16900.000000 -88.989952
16950.000000 -88.646126
17000.000000 -88.549835
17050.000000 -88.721771
17100.000000 -88.882423
17150.000000 -86.322136
17200.000000 -88.613914
17250.000000 -89.819305
17300.000000 -89.600418
17350.000000 -91.009689
17400.000000 -92.761597
17450.000000 -90.930023
17500.000000 -90.352554
17550.000000 -92.334518
17600.000000 -93.259422
17650.000000 -92.101868
17700.000000 -90.274338
17750.000000 -90.132751
17800.000000 -92.675621
17850.000000 -87.887665
17900.000000 -90.064926
17950.000000 -90.906731
18000.000000 -90.261375
18050.000000 -91.792465
18100.000000 -93.944504
18150.000000 -94.724312
18200.000000 -90.672646
18250.000000 -94.398376
18300.000000 -92.579208
18350.000000 -92.624443
18400.000000 -96.997414
18450.000000 -90.731720
18500.000000 -93.620613
18550.000000 -90.832611
18600.000000 -91.488731
18650.000000 -92.166168
18700.000000 -90.731720
18750.000000 -92.819382
18800.000000 -88.900871
18850.000000 -89.885231
18900.000000 -90.809578
18950.000000 -90.339470
19000.000000 -94.775002
19050.000000 -93.475578
19100.000000 -93.506950
19150.000000 -90.378784
19200.000000 -92.263519
19250.000000 -89.016113
19300.000000 -91.746223
19350.000000 -93.376099
19400.000000 -90.462364
19450.000000 -88.070328
19500.000000 -90.837227
19550.000000 -89.042343
19600.000000 -88.703697
19650.000000 -88.696480
19700.000000 -95.669205
19750.000000 -94.199005
19800.000000 -91.258011
19850.000000 -89.512802
19900.000000 -89.371307
19950.000000 -91.969421
20000.000000 -90.782021
20050.000000 -90.431480
20100.000000 -90.418274
20150.000000 -90.560158
20200.000000 -91.854507
20250.000000 -89.823410
20300.000000 -91.424301
20350.000000 -93.036621
20400.000000 -91.705406
20450.000000 -87.114662
20500.000000 -89.819305
20550.000000 -93.475578
20600.000000 -90.958061
20650.000000 -92.709908
20700.000000 -92.329033
20750.000000 -86.930229
20800.000000 -92.860069
20850.000000 -94.084229
20900.000000 -91.282265
20950.000000 -92.080544
21000.000000 -94.104378
21050.000000 -90.248428
21100.000000 -92.511787
21150.000000 -93.357567
21200.000000 -94.753242
21250.000000 -93.813492
21300.000000 -93.722946
21350.000000 -91.316338
21400.000000 -91.389801
21450.000000 -95.191528
21500.000000 -91.375061
21550.000000 -90.944031
21600.000000 -94.951073
21650.000000 -93.614250
21700.000000 -93.132263
21750.000000 -90.772850
21800.000000 -92.912659
21850.000000 -90.841843
21900.000000 -89.757942
21950.000000 -90.209694
22000.000000 -92.865898
22050.000000 -93.658844
22100.000000 -97.264145
22150.000000 -92.773125
22200.000000 -93.652458
22250.000000 -93.937912
22300.000000 -95.010567
22350.000000 -91.715530
22400.000000 -92.573570
22450.000000 -92.268959
22500.000000 -93.180489
22550.000000 -93.314491
22600.000000 -92.433784
22650.000000 -92.641472
22700.000000 -92.155418
22750.000000 -91.301720
22800.000000 -91.180847
22850.000000 -88.978767
22900.000000 -91.394722
22950.000000 -91.543625
23000.000000 -89.216751
23050.000000 -93.072365
23100.000000 -90.431480
23150.000000 -92.489426
23200.000000 -90.995575
23250.000000 -90.218292
23300.000000 -92.372986
23350.000000 -93.216827
23400.000000 -92.912659
23450.000000 -95.003105
23500.000000 -96.269180
23550.000000 -93.419479
23600.000000 -93.247231
23650.000000 -92.312607
23700.000000 -92.361977
23750.000000 -93.833023
23800.000000 -91.634216
23850.000000 -91.434181
23900.000000 -92.048645
23950.000000 -91.335869
24000.000000 -92.350983
24050.000000 -94.645279
24100.000000 -93.710091
24150.000000 -91.282265
24200.000000 -89.402557
24250.000000 -90.906731
24300.000000 -88.437080
24350.000000 -90.925362
24400.000000 -92.971466
24450.000000 -92.906799
24500.000000 -91.885696
24550.000000 -92.895096
24600.000000 -92.579208
24650.000000 -91.568695
24700.000000 -91.593834
24750.000000 -90.252739
24800.000000 -93.120255
24850.000000 -89.344063
24900.000000 -91.911774
24950.000000 -94.301559
25000.000000 -91.488731
25050.000000 -90.704399
25100.000000 -97.091728
25150.000000 -91.171249
25200.000000 -93.977570
25250.000000 -94.342918
25300.000000 -92.930260
25350.000000 -92.400566
25400.000000 -95.314301
25450.000000 -93.826508
25500.000000 -93.222900
25550.000000 -91.042709
25600.000000 -91.330986
25650.000000 -91.568695
25700.000000 -88.100586
25750.000000 -92.307144
25800.000000 -92.813591
25850.000000 -95.322037
25900.000000 -95.153519
25950.000000 -92.193100
26000.000000 -90.600487
26050.000000 -88.900871
26100.000000 -91.142517
26150.000000 -89.580429
26200.000000 -89.802895
26250.000000 -93.072365
26300.000000 -94.921478
26350.000000 -90.718048
26400.000000 -90.564629
26450.000000 -90.686241
26500.000000 -91.000282
26550.000000 -90.944031
26600.000000 -91.147301
26650.000000 -90.749977
26700.000000 -89.042465
26750.000000 -88.904564
26800.000000 -90.786606
26850.000000 -93.768105
26900.000000 -90.587021
26950.000000 -91.326096
27000.000000 -92.112549
27050.000000 -91.453979
27100.000000 -91.932693
27150.000000 -92.692749
27200.000000 -91.453979
27250.000000 -90.618469
27300.000000 -95.260376
27350.000000 -91.296852
27400.000000 -91.787315
27450.000000 -91.603912
27500.000000 -94.070824
27550.000000 -93.456841
27600.000000 -92.356499
27650.000000 -91.573715
27700.000000 -91.350548
27750.000000 -90.270020
27800.000000 -95.541344
27850.000000 -90.506683
27900.000000 -92.906799
27950.000000 -92.664223
28000.000000 -95.501778
28050.000000 -94.482231
28100.000000 -94.921478
28150.000000 -94.391426
28200.000000 -91.958908
28250.000000 -91.033264
28300.000000 -91.152084
28350.000000 -92.977371
28400.000000 -92.601799
28450.000000 -91.224167
28500.000000 -90.103020
28550.000000 -92.285301
28600.000000 -93.156342
28650.000000 -93.918144
28700.000000 -91.166451
28750.000000 -92.830986
28800.000000 -79.547630
28850.000000 -75.368538
28900.000000 -71.906013
28950.000000 -70.063644
29000.000000 -68.376015
29050.000000 -66.953499
29100.000000 -65.872437
29150.000000 -64.401619
29200.000000 -63.630589
29250.000000 -62.609753
29300.000000 -61.837200
29350.000000 -61.576046
29400.000000 -60.743443
29450.000000 -60.225563
29500.000000 -60.368748
29550.000000 -59.735420
29600.000000 -59.231945
29650.000000 -59.261963
29700.000000 -59.053749
29750.000000 -58.651489
29800.000000 -58.542671
29850.000000 -57.992416
29900.000000 -58.281818
29950.000000 -58.169773
30000.000000 -57.933086
30050.000000 -57.943226
30100.000000 -57.728863
30150.000000 -57.673531
30200.000000 -57.398785
30250.000000 -57.857883
30300.000000 -57.389851
30350.000000 -57.753288
30400.000000 -57.246197
30450.000000 -57.258755
30500.000000 -57.354301
30550.000000 -57.353127
30600.000000 -57.296246
30650.000000 -57.565311
30700.000000 -57.803574
30750.000000 -57.845566
30800.000000 -57.958717
30850.000000 -57.891190
30900.000000 -58.232151
30950.000000 -58.376507
31000.000000 -58.644569
31050.000000 -58.649563
31100.000000 -58.863651
31150.000000 -58.637657
31200.000000 -58.890087
31250.000000 -59.090313
31300.000000 -59.139629
31350.000000 -59.268295
31400.000000 -59.621243
31450.000000 -59.652386
31500.000000 -59.695789
31550.000000 -59.856853
31600.000000 -59.976707
31650.000000 -60.561707
31700.000000 -60.438442
31750.000000 -60.718212
31800.000000 -60.841595
31850.000000 -60.529812
31900.000000 -60.653526
31950.000000 -60.416866
32000.000000 -61.468033
32050.000000 -60.886833
32100.000000 -60.815353
32150.000000 -61.013100
32200.000000 -61.492233
32250.000000 -61.067329
32300.000000 -60.906082
32350.000000 -61.176365
32400.000000 -61.087887
32450.000000 -60.968536
32500.000000 -60.829048
32550.000000 -61.218830
32600.000000 -60.679573
32650.000000 -60.954914
32700.000000 -61.089993
32750.000000 -61.007145
32800.000000 -61.020996
32850.000000 -60.852409
32900.000000 -60.642960
32950.000000 -60.881256
33000.000000 -60.885658
33050.000000 -60.602097
33100.000000 -60.534462
33150.000000 -60.825111
33200.000000 -60.801968
33250.000000 -60.764404
33300.000000 -60.554356
33350.000000 -60.353962
33400.000000 -60.388821
33450.000000 -60.078033
33500.000000 -59.926884
33550.000000 -59.545444
33600.000000 -60.070263
33650.000000 -60.211159
33700.000000 -59.844219
33750.000000 -59.853989
33800.000000 -59.958485
33850.000000 -59.666275
33900.000000 -59.544563
33950.000000 -59.608437
34000.000000 -59.394451
34050.000000 -60.019905
34100.000000 -59.781307
34150.000000 -59.707439
34200.000000 -60.067192
34250.000000 -59.977234
34300.000000 -60.062515
34350.000000 -59.808750
34400.000000 -59.565090
34450.000000 -59.537273
34500.000000 -59.966534
34550.000000 -59.864811
34600.000000 -59.633560
34650.000000 -59.556393
34700.000000 -59.494530
34750.000000 -60.072266
34800.000000 -59.893303
34850.000000 -59.606411
34900.000000 -59.727455
34950.000000 -59.782475
35000.000000 -60.369854
35050.000000 -60.429943
35100.000000 -59.911652
35150.000000 -60.390347
35200.000000 -59.920448
35250.000000 -59.888332
35300.000000 -60.029739
35350.000000 -60.211567
35400.000000 -60.477844
35450.000000 -60.050510
35500.000000 -60.346649
35550.000000 -60.277683
35600.000000 -60.244629
35650.000000 -60.477703
35700.000000 -60.643246
35750.000000 -60.602665
35800.000000 -60.574158
35850.000000 -60.669834
35900.000000 -60.833569
35950.000000 -60.764404
36000.000000 -60.812878
36050.000000 -60.478123
36100.000000 -60.851677
36150.000000 -60.533051
36200.000000 -60.890209
36250.000000 -60.503788
36300.000000 -60.773960
36350.000000 -60.694206
36400.000000 -60.910946
36450.000000 -60.861916
36500.000000 -60.662392
36550.000000 -60.741566
36600.000000 -60.968681
36650.000000 -60.361835
36700.000000 -60.629982
36750.000000 -61.053555
36800.000000 -60.664822
36850.000000 -60.930244
36900.000000 -60.414639
36950.000000 -60.664822
37000.000000 -60.581097
37050.000000 -60.790497
37100.000000 -60.723972
37150.000000 -60.880672
37200.000000 -60.446953
37250.000000 -60.451000
37300.000000 -60.631264
37350.000000 -60.192169
37400.000000 -60.229919
37450.000000 -60.161869
37500.000000 -60.169029
37550.000000 -59.798126
37600.000000 -59.798256
37650.000000 -60.640820
37700.000000 -60.422844
37750.000000 -60.466087
37800.000000 -60.413944
37850.000000 -60.535305
37900.000000 -60.309212
37950.000000 -60.338791
38000.000000 -60.463993
38050.000000 -60.308525
38100.000000 -60.027744
38150.000000 -60.281651
38200.000000 -59.980541
38250.000000 -60.424793
38300.000000 -60.513908
38350.000000 -60.624569
38400.000000 -60.265648
38450.000000 -60.381340
38500.000000 -60.486809
38550.000000 -60.480366
38600.000000 -60.205864
38650.000000 -60.254864
38700.000000 -60.485828
38750.000000 -60.459240
38800.000000 -60.565525
38850.000000 -60.107754
38900.000000 -59.967461
38950.000000 -59.855827
39000.000000 -59.776268
39050.000000 -60.039986
39100.000000 -60.162815
39150.000000 -60.112453
39200.000000 -60.592442
39250.000000 -60.502384
39300.000000 -60.373035
39350.000000 -60.393257
39400.000000 -60.463993
39450.000000 -60.422428
39500.000000 -60.245583
39550.000000 -60.087650
39600.000000 -59.975517
39650.000000 -59.925045
39700.000000 -60.306602
39750.000000 -59.948334
39800.000000 -59.963501
39850.000000 -60.173355
39900.000000 -60.209530
39950.000000 -60.011143
40000.000000 -60.235771
