0.000000 -58.722473
50.000000 -58.768589
100.000000 -58.781250
150.000000 -58.713215
200.000000 -58.623844
250.000000 -58.286930
300.000000 -58.165371
350.000000 -57.904610
400.000000 -58.070923
450.000000 -58.334393
500.000000 -58.293133
550.000000 -57.959976
600.000000 -58.066570
650.000000 -58.036816
700.000000 -57.681747
750.000000 -57.713776
800.000000 -58.064770
850.000000 -58.033009
900.000000 -58.090157
950.000000 -58.338879
1000.000000 -58.212063
1050.000000 -57.850323
1100.000000 -58.151112
1150.000000 -58.129070
1200.000000 -58.218971
1250.000000 -57.864407
1300.000000 -58.261181
1350.000000 -57.760452
1400.000000 -57.810680
1450.000000 -57.509811
1500.000000 -57.901905
1550.000000 -58.039669
1600.000000 -58.108898
1650.000000 -57.790615
1700.000000 -57.970985
1750.000000 -57.860161
1800.000000 -58.216057
1850.000000 -58.187504
1900.000000 -58.036602
1950.000000 -57.867622
2000.000000 -58.148434
2050.000000 -58.021393
2100.000000 -57.837399
2150.000000 -58.042206
2200.000000 -57.861816
2250.000000 -57.711231
2300.000000 -58.308609
2350.000000 -58.164513
2400.000000 -57.923687
2450.000000 -58.020336
2500.000000 -58.332531
2550.000000 -58.091858
2600.000000 -57.757175
2650.000000 -58.048134
2700.000000 -58.269321
2750.000000 -58.041470
2800.000000 -58.268890
2850.000000 -57.979595
2900.000000 -57.691189
2950.000000 -58.250561
3000.000000 -58.181160
3050.000000 -57.794624
3100.000000 -58.167622
3150.000000 -58.494171
3200.000000 -58.277470
3250.000000 -58.300106
3300.000000 -58.482700
3350.000000 -58.199451
3400.000000 -57.598923
3450.000000 -57.900238
3500.000000 -58.104530
3550.000000 -58.134949
3600.000000 -58.362556
3650.000000 -57.967945
3700.000000 -58.232910
3750.000000 -57.973083
3800.000000 -58.067104
3850.000000 -57.771725
3900.000000 -57.900345
3950.000000 -58.352463
4000.000000 -58.254456
4050.000000 -57.896389
4100.000000 -57.984112
4150.000000 -58.272579
4200.000000 -58.237560
4250.000000 -57.987686
4300.000000 -57.961655
4350.000000 -58.014534
4400.000000 -57.901489
4450.000000 -57.804295
4500.000000 -57.781063
4550.000000 -57.833473
4600.000000 -57.823460
4650.000000 -57.887863
4700.000000 -57.757687
4750.000000 -57.535721
4800.000000 -58.077618
4850.000000 -57.795036
4900.000000 -57.946053
4950.000000 -57.492912
5000.000000 -58.006943
5050.000000 -57.805119
5100.000000 -57.594398
5150.000000 -57.883499
5200.000000 -57.707359
5250.000000 -57.605461
5300.000000 -57.579845
5350.000000 -57.519169
5400.000000 -57.315487
5450.000000 -57.863167
5500.000000 -57.712959
5550.000000 -57.427517
5600.000000 -57.436985
5650.000000 -57.359383
5700.000000 -57.462280
5750.000000 -57.676880
5800.000000 -57.599323
5850.000000 -57.962700
5900.000000 -57.511505
5950.000000 -57.462181
6000.000000 -57.737545
6050.000000 -57.567314
6100.000000 -57.689159
6150.000000 -57.495892
6200.000000 -57.291973
6250.000000 -57.308487
6300.000000 -57.369465
6350.000000 -57.136944
6400.000000 -57.557304
6450.000000 -57.413139
6500.000000 -57.170273
6550.000000 -57.706139
6600.000000 -57.785069
6650.000000 -57.735092
6700.000000 -58.050674
6750.000000 -57.808308
6800.000000 -57.754616
6850.000000 -57.685303
6900.000000 -57.258850
6950.000000 -57.370052
7000.000000 -57.474857
7050.000000 -57.492615
7100.000000 -57.117142
7150.000000 -57.100227
7200.000000 -57.238480
7250.000000 -57.189049
7300.000000 -57.541115
7350.000000 -57.427517
7400.000000 -57.174774
7450.000000 -57.214691
7500.000000 -57.396820
7550.000000 -57.221909
7600.000000 -57.242531
7650.000000 -57.580944
7700.000000 -57.593094
7750.000000 -57.503151
7800.000000 -57.463272
7850.000000 -57.650745
7900.000000 -57.957462
7950.000000 -58.013058
8000.000000 -57.728252
8050.000000 -57.516479
8100.000000 -57.453873
8150.000000 -57.621872
8200.000000 -57.829239
8250.000000 -57.881226
8300.000000 -57.866791
8350.000000 -57.560307
8400.000000 -57.477436
8450.000000 -57.516678
8500.000000 -57.698612
8550.000000 -57.525051
8600.000000 -58.095905
8650.000000 -58.202900
8700.000000 -58.535389
8750.000000 -58.515255
8800.000000 -58.537964
8850.000000 -59.375801
8900.000000 -59.395805
8950.000000 -59.749702
9000.000000 -59.947803
9050.000000 -59.985832
9100.000000 -60.024952
9150.000000 -60.387711
9200.000000 -60.636539
9250.000000 -60.573448
9300.000000 -61.008186
9350.000000 -61.412182
9400.000000 -61.423107
9450.000000 -61.663887
9500.000000 -61.670952
9550.000000 -62.371773
9600.000000 -62.350372
9650.000000 -63.062366
9700.000000 -63.402309
9750.000000 -63.555424
9800.000000 -63.488029
9850.000000 -64.080276
9900.000000 -63.962990
9950.000000 -64.067780
10000.000000 -64.449265
10050.000000 -64.854073
10100.000000 -65.001083
10150.000000 -64.974258
10200.000000 -65.845833
10250.000000 -65.573975
10300.000000 -65.823257
10350.000000 -66.226326
10400.000000 -66.417046
10450.000000 -66.696159
10500.000000 -67.192566
10550.000000 -67.135117
10600.000000 -67.505753
10650.000000 -67.824135
10700.000000 -67.853874
10750.000000 -68.405609
10800.000000 -68.226776
10850.000000 -68.077362
10900.000000 -68.545921
10950.000000 -69.340164
11000.000000 -69.371300
11050.000000 -69.661057
11100.000000 -70.014389
11150.000000 -70.388405
11200.000000 -70.261787
11250.000000 -70.265244
11300.000000 -70.499557
11350.000000 -70.977249
11400.000000 -71.098160
11450.000000 -70.985229
11500.000000 -71.773926
11550.000000 -71.625092
11600.000000 -71.779068
11650.000000 -71.640778
11700.000000 -72.515686
11750.000000 -72.993301
11800.000000 -72.878708
11850.000000 -73.082497
11900.000000 -72.949638
11950.000000 -73.425049
12000.000000 -73.605972
12050.000000 -74.399048
12100.000000 -74.139381
12150.000000 -74.894905
12200.000000 -74.557671
12250.000000 -74.851570
12300.000000 -74.436684
12350.000000 -75.305008
12400.000000 -75.428619
12450.000000 -75.504120
12500.000000 -75.918236
12550.000000 -76.104118
12600.000000 -76.260391
12650.000000 -76.447662
12700.000000 -77.423187
12750.000000 -77.245720
12800.000000 -77.090744
12850.000000 -77.776039
12900.000000 -77.508324
12950.000000 -77.904198
13000.000000 -78.811020
13050.000000 -78.560394
13100.000000 -79.059578
13150.000000 -78.908661
13200.000000 -78.711044
13250.000000 -79.888863
13300.000000 -79.721680
13350.000000 -80.423126
13400.000000 -80.797035
13450.000000 -80.677284
13500.000000 -81.155907
13550.000000 -81.476669
13600.000000 -83.209557
13650.000000 -81.028160
13700.000000 -81.590523
13750.000000 -80.850952
13800.000000 -82.449791
13850.000000 -81.633606
13900.000000 -81.155907
13950.000000 -82.125565
14000.000000 -82.101898
14050.000000 -81.999519
14100.000000 -81.479813
14150.000000 -82.341522
14200.000000 -82.577240
14250.000000 -82.636292
14300.000000 -83.557823
14350.000000 -83.543861
14400.000000 -83.889473
14450.000000 -81.939667
14500.000000 -83.165558
14550.000000 -82.933975
14600.000000 -85.322594
14650.000000 -84.258057
14700.000000 -85.196320
14750.000000 -85.205971
14800.000000 -85.232559
14850.000000 -84.802780
14900.000000 -85.565674
14950.000000 -86.680710
15000.000000 -85.792488
15050.000000 -85.753845
15100.000000 -85.940926
15150.000000 -85.393822
15200.000000 -87.571426
15250.000000 -88.871376
15300.000000 -89.493011
15350.000000 -87.542953
15400.000000 -87.702339
15450.000000 -88.110695
15500.000000 -89.457504
15550.000000 -87.063698
15600.000000 -88.010124
15650.000000 -88.124191
15700.000000 -88.195404
15750.000000 -89.186165
15800.000000 -87.838516
15850.000000 -87.309242
15900.000000 -87.336960
15950.000000 -89.489059
16000.000000 -88.226105
16050.000000 -89.359619
16100.000000 -90.704399
16150.000000 -90.274361
16200.000000 -88.603203
16250.000000 -89.437843
16300.000000 -90.888138
16350.000000 -87.539795
16400.000000 -91.296852
16450.000000 -92.802010
16500.000000 -90.119995
16550.000000 -91.243492
16600.000000 -90.864960
16650.000000 -91.085342
16700.000000 -90.141273
16750.000000 -90.925362
16800.000000 -91.321220
16850.000000 -89.278244
16900.000000 -89.568459
16950.000000 -90.462364
17000.000000 -90.396309
17050.000000 -94.447197
17100.000000 -93.283859
17150.000000 -89.481163
17200.000000 -90.317703
17250.000000 -92.279854
17300.000000 -92.107208
17350.000000 -92.698463
17400.000000 -91.654472
17450.000000 -92.687035
17500.000000 -90.745407
17550.000000 -90.916039
17600.000000 -91.409500
17650.000000 -93.513176
17700.000000 -91.695129
17750.000000 -91.508652
17800.000000 -90.883499
17850.000000 -89.745728
17900.000000 -90.727158
17950.000000 -96.531746
18000.000000 -93.012871
18050.000000 -88.596069
18100.000000 -91.009689
18150.000000 -91.389801
18200.000000 -91.176048
18250.000000 -99.015724
18300.000000 -93.997467
18350.000000 -91.838959
18400.000000 -92.528595
18450.000000 -91.538628
18500.000000 -90.686241
18550.000000 -92.307144
18600.000000 -91.741104
18650.000000 -93.826508
18700.000000 -92.534203
18750.000000 -90.736275
18800.000000 -92.193100
18850.000000 -92.573570
18900.000000 -94.024071
18950.000000 -95.283447
19000.000000 -89.076195
19050.000000 -88.809029
19100.000000 -91.109123
19150.000000 -96.106682
19200.000000 -92.043343
19250.000000 -90.427071
19300.000000 -90.754547
19350.000000 -90.986183
19400.000000 -93.108253
19450.000000 -92.635796
19500.000000 -90.524467
19550.000000 -93.339081
19600.000000 -93.419479
19650.000000 -93.563568
19700.000000 -90.668114
19750.000000 -90.846458
19800.000000 -91.875290
19850.000000 -92.971466
19900.000000 -90.222588
19950.000000 -93.729385
20000.000000 -92.813591
20050.000000 -91.751350
20100.000000 -91.807938
20150.000000 -91.896118
20200.000000 -88.107323
20250.000000 -91.583771
20300.000000 -91.042709
20350.000000 -90.449112
20400.000000 -90.804977
20450.000000 -90.069153
20500.000000 -89.864571
20550.000000 -89.959999
20600.000000 -90.090302
20650.000000 -91.649399
20700.000000 -91.880493
20750.000000 -94.267242
20800.000000 -92.022156
20850.000000 -91.608955
20900.000000 -88.613914
20950.000000 -90.708946
21000.000000 -94.673920
21050.000000 -89.640541
21100.000000 -91.052162
21150.000000 -90.814178
21200.000000 -91.538628
21250.000000 -89.701065
21300.000000 -90.274338
21350.000000 -92.350983
21400.000000 -89.266678
21450.000000 -93.150314
21500.000000 -89.548538
21550.000000 -90.809578
21600.000000 -95.025505
21650.000000 -92.732841
21700.000000 -92.340004
21750.000000 -91.248329
21800.000000 -91.399643
21850.000000 -92.433784
21900.000000 -90.488930
21950.000000 -89.881096
22000.000000 -88.692879
22050.000000 -91.009705
22100.000000 -89.798798
22150.000000 -91.301720
22200.000000 -93.425697
22250.000000 -93.382278
22300.000000 -92.727104
22350.000000 -95.415352
22400.000000 -92.422699
22450.000000 -93.168404
22500.000000 -93.500626
22550.000000 -89.835732
22600.000000 -90.295998
22650.000000 -93.114250
22700.000000 -93.951111
22750.000000 -96.443291
22800.000000 -93.296097
22850.000000 -92.669922
22900.000000 -93.253326
22950.000000 -93.614250
23000.000000 -92.511787
23050.000000 -91.384888
23100.000000 -91.228996
23150.000000 -91.528625
23200.000000 -91.370155
23250.000000 -89.159492
23300.000000 -90.690781
23350.000000 -90.967422
23400.000000 -92.027451
23450.000000 -90.409485
23500.000000 -92.080544
23550.000000 -93.012871
23600.000000 -90.622971
23650.000000 -90.551224
23700.000000 -91.243492
23750.000000 -95.807144
23800.000000 -95.831711
23850.000000 -94.958488
23900.000000 -92.635796
23950.000000 -94.294685
24000.000000 -94.084229
24050.000000 -93.228981
24100.000000 -91.171249
24150.000000 -91.272560
24200.000000 -90.149796
24250.000000 -89.964172
24300.000000 -89.320778
24350.000000 -90.967422
24400.000000 -91.099602
24450.000000 -91.370155
24500.000000 -89.580429
24550.000000 -90.278671
24600.000000 -90.841843
24650.000000 -90.335114
24700.000000 -89.418221
24750.000000 -88.043518
24800.000000 -87.673431
24850.000000 -87.796135
24900.000000 -90.906731
24950.000000 -89.008629
25000.000000 -89.684883
25050.000000 -92.590492
25100.000000 -88.747131
25150.000000 -89.872833
25200.000000 -90.405090
25250.000000 -89.815193
25300.000000 -90.018608
25350.000000 -89.046097
25400.000000 -89.193802
25450.000000 -89.239761
25500.000000 -91.355446
25550.000000 -92.936134
25600.000000 -92.830986
25650.000000 -89.914230
25700.000000 -90.888138
25750.000000 -91.389801
25800.000000 -89.243607
25850.000000 -91.818268
25900.000000 -91.066368
25950.000000 -92.155418
26000.000000 -90.953377
26050.000000 -91.262856
26100.000000 -91.679863
26150.000000 -92.444885
26200.000000 -92.930260
26250.000000 -90.090302
26300.000000 -92.027451
26350.000000 -92.528595
26400.000000 -93.781052
26450.000000 -90.841843
26500.000000 -92.727104
26550.000000 -91.634216
26600.000000 -92.562302
26650.000000 -93.525749
26700.000000 -91.296852
26750.000000 -91.995750
26800.000000 -92.318085
26850.000000 -91.613998
26900.000000 -89.301414
26950.000000 -93.872208
27000.000000 -92.187706
27050.000000 -91.104362
27100.000000 -94.391457
27150.000000 -93.748726
27200.000000 -89.309158
27250.000000 -92.069893
27300.000000 -94.760490
27350.000000 -92.802010
27400.000000 -95.653114
27450.000000 -91.152084
27500.000000 -93.904999
27550.000000 -96.320953
27600.000000 -93.369919
27650.000000 -91.859703
27700.000000 -93.885307
27750.000000 -96.217445
27800.000000 -95.229713
27850.000000 -91.644333
27900.000000 -92.016869
27950.000000 -91.911774
28000.000000 -91.828606
28050.000000 -90.542297
28100.000000 -90.772850
28150.000000 -91.766747
28200.000000 -87.960274
28250.000000 -93.826508
28300.000000 -91.974678
28350.000000 -92.038040
28400.000000 -90.814178
28450.000000 -91.756477
28500.000000 -89.628487
28550.000000 -90.981491
28600.000000 -89.839851
28650.000000 -80.134369
28700.000000 -75.945618
28750.000000 -71.790390
28800.000000 -70.085205
28850.000000 -67.130600
28900.000000 -66.783989
28950.000000 -65.621185
29000.000000 -64.034607
29050.000000 -63.422333
29100.000000 -62.780563
29150.000000 -61.838676
29200.000000 -61.091194
29250.000000 -61.097507
29300.000000 -60.598972
29350.000000 -60.261551
29400.000000 -60.127911
29450.000000 -59.770073
29500.000000 -59.464195
29550.000000 -59.332985
29600.000000 -59.059574
29650.000000 -58.942265
29700.000000 -58.546818
29750.000000 -58.190083
29800.000000 -57.999783
29850.000000 -58.033222
29900.000000 -57.645290
29950.000000 -57.545704
30000.000000 -57.079372
30050.000000 -57.570721
30100.000000 -57.217670
30150.000000 -57.339260
30200.000000 -57.445080
30250.000000 -57.308098
30300.000000 -57.142189
30350.000000 -56.941376
30400.000000 -56.864468
30450.000000 -56.483742
30500.000000 -56.666821
30550.000000 -56.445194
30600.000000 -56.720623
30650.000000 -56.798199
30700.000000 -56.959194
30750.000000 -57.053371
30800.000000 -57.149151
30850.000000 -57.142475
30900.000000 -57.484276
30950.000000 -57.501854
31000.000000 -57.711842
31050.000000 -57.862232
31100.000000 -57.805119
31150.000000 -57.781372
31200.000000 -57.676369
31250.000000 -57.457829
31300.000000 -57.828827
31350.000000 -58.017700
31400.000000 -58.019493
31450.000000 -58.102505
31500.000000 -58.543228
31550.000000 -58.155182
31600.000000 -57.831924
31650.000000 -58.403263
31700.000000 -58.234745
31750.000000 -58.215302
31800.000000 -58.817265
31850.000000 -58.580517
31900.000000 -59.062786
31950.000000 -59.084946
32000.000000 -58.830574
32050.000000 -59.268417
32100.000000 -59.380245
32150.000000 -59.363602
32200.000000 -59.215099
32250.000000 -59.656590
32300.000000 -59.641056
32350.000000 -59.407188
32400.000000 -59.586674
32450.000000 -59.571018
32500.000000 -60.057446
32550.000000 -59.884666
32600.000000 -59.927544
32650.000000 -60.064518
32700.000000 -60.166325
32750.000000 -60.181469
32800.000000 -59.989803
32850.000000 -60.394920
32900.000000 -60.265511
32950.000000 -59.988476
33000.000000 -60.534039
33050.000000 -60.118496
33100.000000 -60.117020
33150.000000 -59.788551
33200.000000 -60.316219
33250.000000 -60.127102
33300.000000 -60.107620
33350.000000 -60.172813
33400.000000 -60.113930
33450.000000 -60.147434
33500.000000 -60.076946
33550.000000 -60.057045
33600.000000 -59.757175
33650.000000 -60.417004
33700.000000 -59.909946
33750.000000 -60.097565
33800.000000 -59.990200
33850.000000 -59.979748
33900.000000 -59.986755
33950.000000 -59.820168
34000.000000 -59.891994
34050.000000 -59.606537
34100.000000 -59.707821
34150.000000 -59.434963
34200.000000 -59.419331
34250.000000 -59.197319
34300.000000 -59.528984
34350.000000 -59.312756
34400.000000 -59.446518
34450.000000 -59.246635
34500.000000 -59.099033
34550.000000 -59.150196
34600.000000 -58.952831
34650.000000 -59.233524
34700.000000 -58.893124
34750.000000 -58.717098
34800.000000 -59.117569
34850.000000 -58.788166
34900.000000 -59.175232
34950.000000 -59.031078
35000.000000 -58.514362
35050.000000 -59.087330
35100.000000 -58.458580
35150.000000 -58.488712
35200.000000 -58.221348
35250.000000 -58.893124
35300.000000 -58.506771
35350.000000 -58.682297
35400.000000 -59.049587
35450.000000 -58.486706
35500.000000 -58.780445
35550.000000 -58.940273
35600.000000 -59.003147
35650.000000 -59.110508
35700.000000 -59.040802
35750.000000 -59.031551
35800.000000 -58.934174
35850.000000 -58.866096
35900.000000 -58.944611
35950.000000 -58.567360
36000.000000 -58.574215
36050.000000 -58.785744
36100.000000 -58.943909
36150.000000 -58.918945
36200.000000 -59.042229
36250.000000 -58.535835
36300.000000 -58.914970
36350.000000 -58.948486
36400.000000 -59.053986
36450.000000 -59.177525
36500.000000 -59.070286
36550.000000 -58.850639
36600.000000 -59.138428
36650.000000 -58.800278
36700.000000 -58.807091
36750.000000 -59.011417
36800.000000 -59.015678
36850.000000 -58.913330
36900.000000 -59.066475
36950.000000 -59.112423
37000.000000 -59.038193
37050.000000 -58.836254
37100.000000 -58.805725
37150.000000 -58.623169
37200.000000 -59.165352
37250.000000 -58.508556
37300.000000 -58.572529
37350.000000 -58.406464
37400.000000 -58.440842
37450.000000 -58.433205
37500.000000 -58.282253
37550.000000 -58.059574
37600.000000 -58.497177
37650.000000 -57.776443
37700.000000 -57.809856
37750.000000 -58.499855
37800.000000 -58.302940
37850.000000 -58.458580
37900.000000 -58.648087
37950.000000 -58.574215
38000.000000 -58.468132
38050.000000 -58.582432
38100.000000 -58.550293
38150.000000 -58.705902
38200.000000 -58.560280
38250.000000 -58.623619
38300.000000 -58.753765
38350.000000 -58.770779
38400.000000 -58.800278
38450.000000 -58.818306
38500.000000 -58.776760
38550.000000 -58.971889
38600.000000 -58.773651
38650.000000 -58.431767
38700.000000 -58.424465
38750.000000 -58.392353
38800.000000 -58.742062
38850.000000 -58.737133
38900.000000 -58.787010
38950.000000 -58.453587
39000.000000 -58.810787
39050.000000 -58.652966
39100.000000 -58.765827
39150.000000 -58.848083
39200.000000 -58.737362
39250.000000 -58.444939
39300.000000 -58.457695
39350.000000 -58.643322
39400.000000 -58.565338
39450.000000 -58.434750
39500.000000 -58.437077
39550.000000 -58.249470
39600.000000 -58.211742
39650.000000 -58.095264
39700.000000 -58.124264
39750.000000 -58.160973
39800.000000 -57.980118
39850.000000 -58.480808
39900.000000 -58.304031
39950.000000 -58.330784
40000.000000 -58.610168
