0.000000 -58.111385
50.000000 -55.020622
100.000000 -53.978207
150.000000 -53.917332
200.000000 -53.945934
250.000000 -53.979401
300.000000 -53.977943
350.000000 -55.266956
400.000000 -56.135654
450.000000 -55.839558
500.000000 -54.935287
550.000000 -53.977348
600.000000 -53.939201
650.000000 -53.979069
700.000000 -53.979401
750.000000 -53.979401
800.000000 -53.978672
850.000000 -53.978607
900.000000 -54.266872
950.000000 -54.468803
1000.000000 -54.787766
1050.000000 -55.025627
1100.000000 -55.238487
1150.000000 -55.600933
1200.000000 -55.828972
1250.000000 -56.101067
1300.000000 -56.775402
1350.000000 -57.203732
1400.000000 -57.519966
1450.000000 -57.932041
1500.000000 -58.147041
1550.000000 -58.246761
1600.000000 -58.359592
1650.000000 -58.760429
1700.000000 -58.992397
1750.000000 -59.393333
1800.000000 -59.709618
1850.000000 -59.858810
1900.000000 -60.110172
1950.000000 -60.464828
2000.000000 -60.502384
2050.000000 -60.676849
2100.000000 -61.089390
2150.000000 -61.416550
2200.000000 -62.091431
2250.000000 -62.380829
2300.000000 -62.686157
2350.000000 -63.045414
2400.000000 -63.333755
2450.000000 -63.544853
2500.000000 -64.025124
2550.000000 -64.083252
2600.000000 -64.482063
2650.000000 -64.537529
2700.000000 -65.208138
2750.000000 -65.344872
2800.000000 -66.186790
2850.000000 -66.648163
2900.000000 -66.722847
2950.000000 -66.843529
3000.000000 -66.929337
3050.000000 -66.721985
3100.000000 -67.315994
3150.000000 -67.654205
3200.000000 -68.038155
3250.000000 -68.971680
3300.000000 -69.122658
3350.000000 -69.261665
3400.000000 -69.040085
3450.000000 -69.020966
3500.000000 -69.101089
3550.000000 -70.100456
3600.000000 -70.166428
3650.000000 -70.564171
3700.000000 -70.704842
3750.000000 -70.830284
3800.000000 -70.136993
3850.000000 -70.109787
3900.000000 -71.087700
3950.000000 -71.384377
4000.000000 -71.678314
4050.000000 -71.434662
4100.000000 -71.272057
4150.000000 -71.665619
4200.000000 -71.637230
4250.000000 -71.847229
4300.000000 -71.349556
4350.000000 -71.192841
4400.000000 -71.525108
4450.000000 -71.956787
4500.000000 -72.141441
4550.000000 -72.905022
4600.000000 -73.795288
4650.000000 -73.250259
4700.000000 -73.392166
4750.000000 -73.798531
4800.000000 -73.954391
4850.000000 -73.252693
4900.000000 -74.382370
4950.000000 -75.825127
5000.000000 -75.222801
5050.000000 -75.233513
5100.000000 -75.566742
5150.000000 -75.574699
5200.000000 -75.767944
5250.000000 -75.898376
5300.000000 -76.018219
5350.000000 -76.153343
5400.000000 -76.022499
5450.000000 -75.361542
5500.000000 -76.621971
5550.000000 -77.362320
5600.000000 -77.444885
5650.000000 -76.475883
5700.000000 -75.114891
5750.000000 -75.507278
5800.000000 -75.459999
5850.000000 -75.843170
5900.000000 -76.110886
5950.000000 -75.493065
6000.000000 -75.380211
6050.000000 -75.743553
6100.000000 -75.127739
6150.000000 -76.098190
6200.000000 -75.556404
6250.000000 -76.184036
6300.000000 -75.589844
6350.000000 -75.586655
6400.000000 -75.727325
6450.000000 -77.394661
6500.000000 -76.856888
6550.000000 -76.914299
6600.000000 -78.833015
6650.000000 -80.638687
6700.000000 -81.664055
6750.000000 -84.486069
6800.000000 -81.023689
6850.000000 -82.988022
6900.000000 -82.073242
6950.000000 -81.362740
7000.000000 -83.251854
7050.000000 -83.221077
7100.000000 -80.398117
7150.000000 -79.969048
7200.000000 -78.753426
7250.000000 -78.552536
7300.000000 -78.358391
7350.000000 -78.010002
7400.000000 -77.369171
7450.000000 -75.689323
7500.000000 -75.704666
7550.000000 -76.449425
7600.000000 -78.458801
7650.000000 -79.680702
7700.000000 -79.801628
7750.000000 -80.698807
7800.000000 -79.627213
7850.000000 -79.620865
7900.000000 -80.296043
7950.000000 -81.221260
8000.000000 -81.074532
8050.000000 -79.892784
8100.000000 -78.654106
8150.000000 -78.368271
8200.000000 -78.400177
8250.000000 -77.588280
8300.000000 -77.057625
8350.000000 -78.553658
8400.000000 -77.495399
8450.000000 -77.057625
8500.000000 -77.083160
8550.000000 -78.290634
8600.000000 -78.549171
8650.000000 -79.749969
8700.000000 -80.004776
8750.000000 -78.962593
8800.000000 -80.451126
8850.000000 -80.581810
8900.000000 -84.468353
8950.000000 -87.647820
9000.000000 -86.640762
9050.000000 -88.507378
9100.000000 -84.139854
9150.000000 -85.064735
9200.000000 -83.292419
9250.000000 -81.330246
9300.000000 -81.409386
9350.000000 -81.503418
9400.000000 -83.029251
9450.000000 -80.189735
9500.000000 -80.256363
9550.000000 -80.583229
9600.000000 -83.452660
9650.000000 -82.971214
9700.000000 -84.388870
9750.000000 -84.023232
9800.000000 -83.492195
9850.000000 -82.906151
9900.000000 -82.593307
9950.000000 -81.307106
10000.000000 -80.723259
10050.000000 -81.344154
10100.000000 -83.529922
10150.000000 -83.350700
10200.000000 -84.996208
10250.000000 -84.575386
10300.000000 -84.165504
10350.000000 -83.368263
10400.000000 -83.076340
10450.000000 -80.601677
10500.000000 -80.522491
10550.000000 -81.221252
10600.000000 -81.209061
10650.000000 -88.130951
10700.000000 -87.663818
10750.000000 -86.672142
10800.000000 -83.885323
10850.000000 -81.870384
10900.000000 -78.697342
10950.000000 -78.559273
11000.000000 -77.410393
11050.000000 -79.423920
11100.000000 -78.590767
11150.000000 -77.952225
11200.000000 -77.768860
11250.000000 -77.519272
11300.000000 -77.585266
11350.000000 -77.765785
11400.000000 -78.357292
11450.000000 -81.648018
11500.000000 -82.258621
11550.000000 -79.969048
11600.000000 -79.849693
11650.000000 -79.725533
11700.000000 -80.308395
11750.000000 -80.355209
11800.000000 -80.316635
11850.000000 -80.234550
11900.000000 -80.260460
11950.000000 -80.918457
12000.000000 -81.561920
12050.000000 -83.034889
12100.000000 -81.372047
12150.000000 -84.369125
12200.000000 -88.033485
12250.000000 -87.159874
12300.000000 -84.918747
12350.000000 -82.693932
12400.000000 -81.756035
12450.000000 -80.011414
12500.000000 -80.149193
12550.000000 -59.678398
12600.000000 -65.234734
12650.000000 -65.522011
12700.000000 -56.015701
12750.000000 -60.565666
12800.000000 -63.570404
12850.000000 -63.168034
12900.000000 -65.503258
12950.000000 -64.868683
13000.000000 -63.297260
13050.000000 -59.928726
13100.000000 -66.194359
13150.000000 -62.365330
13200.000000 -58.009052
13250.000000 -65.689301
13300.000000 -64.074982
13350.000000 -62.025749
13400.000000 -59.705391
13450.000000 -64.211868
13500.000000 -65.372383
13550.000000 -61.383541
13600.000000 -55.384415
13650.000000 -62.351589
13700.000000 -62.277714
13750.000000 -64.283623
13800.000000 -63.841892
13850.000000 -59.156212
13900.000000 -58.767670
13950.000000 -58.956249
14000.000000 -57.774700
14050.000000 -58.230747
14100.000000 -61.446712
14150.000000 -59.238258
14200.000000 -65.587135
14250.000000 -60.700092
14300.000000 -62.863651
14350.000000 -59.989273
14400.000000 -56.841301
14450.000000 -59.862595
14500.000000 -62.433811
14550.000000 -61.163780
14600.000000 -61.167416
14650.000000 -62.284782
14700.000000 -59.956635
14750.000000 -56.254704
14800.000000 -60.891678
14850.000000 -62.489433
14900.000000 -61.428883
14950.000000 -65.255333
15000.000000 -63.103382
15050.000000 -59.406200
15100.000000 -60.290691
15150.000000 -64.253296
15200.000000 -60.456612
15250.000000 -58.358715
15300.000000 -62.459457
15350.000000 -61.938995
15400.000000 -61.636642
15450.000000 -61.742577
15500.000000 -57.481598
15550.000000 -59.305534
15600.000000 -61.076027
15650.000000 -64.086006
15700.000000 -59.373829
15750.000000 -63.712502
15800.000000 -60.190678
15850.000000 -61.430603
15900.000000 -60.911823
15950.000000 -62.875828
16000.000000 -61.114967
16050.000000 -62.300140
16100.000000 -60.244083
16150.000000 -61.927074
16200.000000 -60.588188
16250.000000 -59.955055
16300.000000 -59.302963
16350.000000 -62.599915
16400.000000 -63.138882
16450.000000 -59.855419
16500.000000 -59.947281
16550.000000 -60.946339
16600.000000 -59.876564
16650.000000 -61.628166
16700.000000 -58.547489
16750.000000 -59.129314
16800.000000 -62.095646
16850.000000 -61.413277
16900.000000 -60.405052
16950.000000 -59.335442
17000.000000 -60.777584
17050.000000 -62.735775
17100.000000 -58.976009
17150.000000 -60.264420
17200.000000 -61.852936
17250.000000 -59.975780
17300.000000 -61.703304
17350.000000 -60.807495
17400.000000 -61.370182
17450.000000 -61.508144
17500.000000 -59.554504
17550.000000 -61.662121
17600.000000 -60.832401
17650.000000 -60.673412
17700.000000 -60.727005
17750.000000 -64.215744
17800.000000 -61.888279
17850.000000 -60.693916
17900.000000 -63.473583
17950.000000 -61.141380
18000.000000 -60.405331
18050.000000 -60.065453
18100.000000 -62.260162
18150.000000 -62.587765
18200.000000 -62.594025
18250.000000 -63.272881
18300.000000 -62.171898
18350.000000 -61.782681
18400.000000 -61.792938
18450.000000 -62.224133
18500.000000 -63.498135
18550.000000 -59.564209
18600.000000 -62.319679
18650.000000 -60.626278
18700.000000 -63.159641
18750.000000 -63.422924
18800.000000 -60.790058
18850.000000 -61.648106
18900.000000 -61.612991
18950.000000 -62.768524
19000.000000 -59.950836
19050.000000 -62.632511
19100.000000 -58.164402
19150.000000 -59.769688
19200.000000 -57.422493
19250.000000 -60.078423
19300.000000 -60.046112
19350.000000 -58.155609
19400.000000 -60.074806
19450.000000 -63.441418
19500.000000 -61.213932
19550.000000 -57.913155
19600.000000 -58.742748
19650.000000 -59.910999
19700.000000 -57.721519
19750.000000 -60.687172
19800.000000 -60.728584
19850.000000 -59.816147
19900.000000 -59.244331
19950.000000 -60.958466
20000.000000 -60.219040
20050.000000 -60.263325
20100.000000 -59.468437
20150.000000 -62.295132
20200.000000 -63.061234
20250.000000 -58.843098
20300.000000 -59.820168
20350.000000 -65.514000
20400.000000 -62.091095
20450.000000 -60.767876
20500.000000 -63.043720
20550.000000 -62.225330
20600.000000 -59.076122
20650.000000 -58.705673
20700.000000 -65.140564
20750.000000 -60.997028
20800.000000 -61.105480
20850.000000 -60.625282
20900.000000 -63.117222
20950.000000 -64.325172
21000.000000 -64.949631
21050.000000 -58.866562
21100.000000 -59.807587
21150.000000 -61.993679
21200.000000 -61.593704
21250.000000 -63.406231
21300.000000 -61.052208
21350.000000 -61.556843
21400.000000 -61.653942
21450.000000 -60.527416
21500.000000 -60.340996
21550.000000 -61.194290
21600.000000 -61.155449
21650.000000 -60.157955
21700.000000 -60.385220
21750.000000 -61.279102
21800.000000 -57.640438
21850.000000 -59.967064
21900.000000 -59.744938
21950.000000 -61.239422
22000.000000 -62.626053
22050.000000 -60.816662
22100.000000 -65.937256
22150.000000 -61.205704
22200.000000 -59.674057
22250.000000 -59.700649
22300.000000 -58.534607
22350.000000 -59.571899
22400.000000 -59.022186
22450.000000 -59.893700
22500.000000 -58.540314
22550.000000 -57.898888
22600.000000 -62.555508
22650.000000 -58.967529
22700.000000 -58.415623
22750.000000 -60.916092
22800.000000 -60.145004
22850.000000 -63.922089
22900.000000 -63.087292
22950.000000 -61.582882
23000.000000 -60.956245
23050.000000 -63.269211
23100.000000 -59.067665
23150.000000 -60.943233
23200.000000 -61.391312
23250.000000 -62.058781
23300.000000 -59.960594
23350.000000 -62.294270
23400.000000 -63.017040
23450.000000 -64.362106
23500.000000 -61.995514
23550.000000 -62.778557
23600.000000 -61.043537
23650.000000 -64.550278
23700.000000 -59.267933
23750.000000 -60.411163
23800.000000 -60.419228
23850.000000 -61.063435
23900.000000 -59.485031
23950.000000 -59.809662
24000.000000 -61.883503
24050.000000 -60.603657
24100.000000 -60.688892
24150.000000 -58.071667
24200.000000 -59.662960
24250.000000 -58.385418
24300.000000 -57.820469
24350.000000 -57.885471
24400.000000 -58.431320
24450.000000 -59.303455
24500.000000 -58.021603
24550.000000 -61.035172
24600.000000 -58.537628
24650.000000 -59.877216
24700.000000 -57.583855
24750.000000 -61.425293
24800.000000 -61.804348
24850.000000 -57.750118
24900.000000 -58.023079
24950.000000 -58.514362
25000.000000 -57.998100
25050.000000 -59.921757
25100.000000 -58.735188
25150.000000 -57.552902
25200.000000 -58.760197
25250.000000 -58.770203
25300.000000 -58.512131
25350.000000 -58.512131
25400.000000 -64.460556
25450.000000 -61.346008
25500.000000 -59.715515
25550.000000 -59.936089
25600.000000 -63.203995
25650.000000 -61.329773
25700.000000 -61.033829
25750.000000 -58.635845
25800.000000 -64.181786
25850.000000 -61.659393
25900.000000 -62.690128
25950.000000 -61.982182
26000.000000 -61.163322
26050.000000 -63.053699
26100.000000 -59.653275
26150.000000 -61.119793
26200.000000 -61.862949
26250.000000 -60.926113
26300.000000 -65.332130
26350.000000 -64.215309
26400.000000 -57.751137
26450.000000 -62.339088
26500.000000 -60.697651
26550.000000 -59.533882
26600.000000 -59.083035
26650.000000 -59.066235
26700.000000 -58.619884
26750.000000 -61.155750
26800.000000 -57.103851
26850.000000 -56.376282
26900.000000 -57.377789
26950.000000 -58.143829
27000.000000 -59.543179
27050.000000 -61.045776
27100.000000 -59.760139
27150.000000 -59.177399
27200.000000 -60.404079
27250.000000 -59.313122
27300.000000 -61.157967
27350.000000 -62.637180
27400.000000 -62.081318
27450.000000 -62.115238
27500.000000 -59.770203
27550.000000 -60.228828
27600.000000 -60.229237
27650.000000 -61.708950
27700.000000 -62.880440
27750.000000 -61.328693
27800.000000 -61.703182
27850.000000 -60.187969
27900.000000 -61.400497
27950.000000 -61.758305
28000.000000 -61.410000
28050.000000 -62.813484
28100.000000 -62.200363
28150.000000 -63.671753
28200.000000 -61.744846
28250.000000 -61.683655
28300.000000 -58.326408
28350.000000 -59.462452
28400.000000 -59.571281
28450.000000 -60.493122
28500.000000 -59.063858
28550.000000 -60.251995
28600.000000 -61.810223
28650.000000 -61.551468
28700.000000 -59.586926
28750.000000 -57.087708
28800.000000 -59.645889
28850.000000 -62.658211
28900.000000 -58.419601
28950.000000 -63.060291
29000.000000 -61.647690
29050.000000 -60.874073
29100.000000 -63.710876
29150.000000 -60.333557
29200.000000 -60.693920
29250.000000 -61.967709
29300.000000 -59.520077
29350.000000 -61.816265
29400.000000 -60.610764
29450.000000 -59.090553
29500.000000 -60.030403
29550.000000 -57.264072
29600.000000 -60.036259
29650.000000 -58.294876
29700.000000 -57.267361
29750.000000 -59.600975
29800.000000 -62.735409
29850.000000 -60.563686
29900.000000 -60.075073
29950.000000 -62.964676
30000.000000 -59.142029
30050.000000 -59.127396
30100.000000 -61.474468
30150.000000 -61.475723
30200.000000 -63.125385
30250.000000 -64.358170
30300.000000 -57.461689
30350.000000 -62.514339
30400.000000 -62.278404
30450.000000 -60.515030
30500.000000 -61.487041
30550.000000 -60.291378
30600.000000 -60.020832
30650.000000 -60.643532
30700.000000 -59.437817
30750.000000 -63.358692
30800.000000 -61.245537
30850.000000 -60.056644
30900.000000 -62.187401
30950.000000 -59.023727
31000.000000 -61.126881
31050.000000 -60.712746
31100.000000 -56.818024
31150.000000 -56.721439
31200.000000 -59.571144
31250.000000 -60.127369
31300.000000 -58.340740
31350.000000 -58.657166
31400.000000 -58.700195
31450.000000 -58.968121
31500.000000 -61.027260
31550.000000 -57.830273
31600.000000 -59.909946
31650.000000 -60.851971
31700.000000 -58.300217
31750.000000 -59.044601
31800.000000 -60.415752
31850.000000 -59.607300
31900.000000 -59.537399
31950.000000 -57.796062
32000.000000 -60.084839
32050.000000 -58.417282
32100.000000 -58.333080
32150.000000 -60.031467
32200.000000 -59.971287
32250.000000 -59.195385
32300.000000 -60.405888
32350.000000 -63.981834
32400.000000 -56.721985
32450.000000 -60.728874
32500.000000 -60.978615
32550.000000 -61.277721
32600.000000 -58.996765
32650.000000 -63.856758
32700.000000 -65.848167
32750.000000 -59.079933
32800.000000 -61.591633
32850.000000 -59.706287
32900.000000 -60.981434
32950.000000 -58.166119
33000.000000 -58.674229
33050.000000 -54.630569
33100.000000 -54.205917
33150.000000 -56.092442
33200.000000 -57.161476
33250.000000 -59.894745
33300.000000 -60.446953
33350.000000 -61.336266
33400.000000 -59.707821
33450.000000 -61.643204
33500.000000 -61.757168
33550.000000 -60.961277
33600.000000 -60.183907
33650.000000 -58.787128
33700.000000 -61.545910
33750.000000 -58.544910
33800.000000 -61.363979
33850.000000 -59.202995
33900.000000 -60.193794
33950.000000 -61.889267
34000.000000 -59.195507
34050.000000 -57.864201
34100.000000 -59.132069
34150.000000 -62.137924
34200.000000 -61.315113
34250.000000 -61.226284
34300.000000 -57.868038
34350.000000 -59.628223
34400.000000 -58.122128
34450.000000 -61.945129
34500.000000 -58.950367
34550.000000 -59.354244
34600.000000 -58.109859
34650.000000 -60.445137
34700.000000 -58.946022
34750.000000 -59.466686
34800.000000 -56.989784
34850.000000 -57.999573
34900.000000 -58.380909
34950.000000 -57.023403
35000.000000 -59.197803
35050.000000 -57.468319
35100.000000 -57.207001
35150.000000 -58.102398
35200.000000 -58.225670
35250.000000 -56.329685
35300.000000 -56.205841
35350.000000 -59.122478
35400.000000 -55.958168
35450.000000 -57.201523
35500.000000 -57.227493
35550.000000 -56.569397
35600.000000 -56.942493
35650.000000 -57.709805
35700.000000 -56.378902
35750.000000 -57.622177
35800.000000 -55.996452
35850.000000 -57.633873
35900.000000 -56.642025
35950.000000 -57.987267
36000.000000 -56.666641
36050.000000 -54.727463
36100.000000 -54.830933
36150.000000 -54.867561
36200.000000 -54.801231
36250.000000 -55.819302
36300.000000 -54.734402
36350.000000 -54.777882
36400.000000 -55.282803
36450.000000 -55.172626
36500.000000 -55.316513
36550.000000 -54.684021
36600.000000 -54.629498
36650.000000 -57.147243
36700.000000 -55.302380
36750.000000 -55.871056
36800.000000 -54.712093
36850.000000 -54.913700
36900.000000 -54.317707
36950.000000 -53.978142
37000.000000 -53.941776
37050.000000 -54.113632
37100.000000 -55.454338
37150.000000 -53.948772
37200.000000 -55.100849
37250.000000 -55.698765
37300.000000 -55.799095
37350.000000 -55.728054
37400.000000 -53.949234
37450.000000 -53.957756
37500.000000 -54.231052
37550.000000 -53.946926
37600.000000 -54.432644
37650.000000 -53.947388
37700.000000 -55.759476
37750.000000 -55.826923
37800.000000 -55.001514
37850.000000 -54.829906
37900.000000 -54.936756
37950.000000 -54.227917
38000.000000 -54.275028
38050.000000 -53.921082
38100.000000 -58.786907
38150.000000 -53.957561
38200.000000 -53.977943
38250.000000 -53.970524
38300.000000 -55.652687
38350.000000 -54.714546
38400.000000 -54.891224
38450.000000 -53.974300
38500.000000 -53.906021
38550.000000 -54.038246
38600.000000 -55.775681
38650.000000 -54.182823
38700.000000 -53.972313
38750.000000 -55.146675
38800.000000 -59.404102
38850.000000 -54.619579
38900.000000 -55.860435
38950.000000 -61.120853
39000.000000 -53.976948
39050.000000 -53.969398
39100.000000 -53.978806
39150.000000 -55.145073
39200.000000 -59.994175
39250.000000 -57.567814
39300.000000 -53.978737
39350.000000 -53.950291
39400.000000 -53.977280
39450.000000 -56.690147
39500.000000 -57.602745
39550.000000 -55.226852
39600.000000 -54.322395
39650.000000 -55.051540
39700.000000 -57.259914
39750.000000 -55.614124
39800.000000 -54.249218
39850.000000 -54.606392
39900.000000 -58.093353
39950.000000 -63.076336
40000.000000 -62.559254
