0.000000 -62.252426
50.000000 -62.419617
100.000000 -61.552402
150.000000 -60.331764
200.000000 -59.565994
250.000000 -59.207954
300.000000 -59.424831
350.000000 -58.786667
400.000000 -59.940300
450.000000 -63.427643
500.000000 -61.897343
550.000000 -61.487671
600.000000 -63.296677
650.000000 -64.033340
700.000000 -63.854691
750.000000 -65.134338
800.000000 -62.071220
850.000000 -63.729183
900.000000 -63.848705
950.000000 -62.893372
1000.000000 -61.762524
1050.000000 -60.256771
1100.000000 -62.068359
1150.000000 -61.504990
1200.000000 -60.547295
1250.000000 -62.692657
1300.000000 -61.359791
1350.000000 -57.849495
1400.000000 -62.044346
1450.000000 -60.420620
1500.000000 -60.716198
1550.000000 -62.396881
1600.000000 -64.194237
1650.000000 -63.825409
1700.000000 -60.978321
1750.000000 -61.282906
1800.000000 -60.086845
1850.000000 -60.504772
1900.000000 -63.049175
1950.000000 -60.366535
2000.000000 -60.768745
2050.000000 -60.609627
2100.000000 -62.508324
2150.000000 -59.964420
2200.000000 -60.531925
2250.000000 -61.648491
2300.000000 -60.756302
2350.000000 -60.201931
2400.000000 -61.888115
2450.000000 -61.404545
2500.000000 -58.980721
2550.000000 -63.183701
2600.000000 -63.540268
2650.000000 -61.734966
2700.000000 -59.980541
2750.000000 -60.338791
2800.000000 -58.024136
2850.000000 -62.393215
2900.000000 -62.143520
2950.000000 -62.590801
3000.000000 -63.273117
3050.000000 -59.797348
3100.000000 -63.349136
3150.000000 -62.420490
3200.000000 -60.082966
3250.000000 -59.995758
3300.000000 -62.107296
3350.000000 -63.913143
3400.000000 -61.973694
3450.000000 -62.308956
3500.000000 -60.781353
3550.000000 -57.906902
3600.000000 -57.706448
3650.000000 -59.229275
3700.000000 -58.853428
3750.000000 -60.193115
3800.000000 -61.354214
3850.000000 -60.618664
3900.000000 -58.973534
3950.000000 -57.608780
4000.000000 -56.459991
4050.000000 -60.720947
4100.000000 -61.000896
4150.000000 -60.333969
4200.000000 -61.027859
4250.000000 -60.257454
4300.000000 -61.498531
4350.000000 -59.964951
4400.000000 -60.045979
4450.000000 -59.999870
4500.000000 -62.328167
4550.000000 -60.207493
4600.000000 -60.214417
4650.000000 -60.599541
4700.000000 -61.455799
4750.000000 -60.354378
4800.000000 -61.984348
4850.000000 -58.705330
4900.000000 -60.112049
4950.000000 -59.485531
5000.000000 -61.340904
5050.000000 -57.171040
5100.000000 -59.247486
5150.000000 -56.368862
5200.000000 -61.058193
5250.000000 -62.224987
5300.000000 -61.091343
5350.000000 -62.511684
5400.000000 -63.393490
5450.000000 -62.487827
5500.000000 -62.170536
5550.000000 -60.562298
5600.000000 -60.380230
5650.000000 -58.814835
5700.000000 -64.092583
5750.000000 -65.242485
5800.000000 -62.108986
5850.000000 -63.535088
5900.000000 -62.017052
5950.000000 -60.323093
6000.000000 -61.960728
6050.000000 -59.960068
6100.000000 -60.350098
6150.000000 -62.338570
6200.000000 -61.396454
6250.000000 -61.300323
6300.000000 -61.352821
6350.000000 -58.846344
6400.000000 -60.321171
6450.000000 -62.049042
6500.000000 -59.192123
6550.000000 -57.547306
6600.000000 -60.843639
6650.000000 -61.679310
6700.000000 -59.518322
6750.000000 -59.361012
6800.000000 -59.531998
6850.000000 -59.118526
6900.000000 -60.115406
6950.000000 -56.868889
7000.000000 -58.368156
7050.000000 -57.810471
7100.000000 -57.865650
7150.000000 -59.182102
7200.000000 -59.772011
7250.000000 -61.777309
7300.000000 -60.457424
7350.000000 -60.483871
7400.000000 -60.323372
7450.000000 -61.203270
7500.000000 -62.045029
7550.000000 -59.220551
7600.000000 -60.087917
7650.000000 -60.262642
7700.000000 -63.838184
7750.000000 -64.897987
7800.000000 -63.460545
7850.000000 -62.396881
7900.000000 -62.759777
7950.000000 -64.302094
8000.000000 -64.231262
8050.000000 -65.183067
8100.000000 -66.840904
8150.000000 -62.417515
8200.000000 -61.489403
8250.000000 -62.373333
8300.000000 -63.812038
8350.000000 -60.278912
8400.000000 -60.926262
8450.000000 -59.889378
8500.000000 -58.911812
8550.000000 -64.907303
8600.000000 -64.004288
8650.000000 -61.782841
8700.000000 -61.074829
8750.000000 -60.719509
8800.000000 -60.182552
8850.000000 -58.650242
8900.000000 -59.840836
8950.000000 -60.655548
9000.000000 -60.280556
9050.000000 -63.905033
9100.000000 -61.352821
9150.000000 -59.498158
9200.000000 -60.165920
9250.000000 -60.262096
9300.000000 -60.427998
9350.000000 -60.637539
9400.000000 -62.514519
9450.000000 -59.603371
9500.000000 -63.962990
9550.000000 -61.468658
9600.000000 -60.413250
9650.000000 -61.816429
9700.000000 -57.276367
9750.000000 -57.763012
9800.000000 -59.098793
9850.000000 -61.245846
9900.000000 -59.123917
9950.000000 -60.523613
10000.000000 -59.256851
10050.000000 -60.174839
10100.000000 -63.585411
10150.000000 -63.794170
10200.000000 -60.675846
10250.000000 -61.979351
10300.000000 -59.190315
10350.000000 -63.210129
10400.000000 -63.275391
10450.000000 -63.109634
10500.000000 -64.324081
10550.000000 -64.695381
10600.000000 -64.797935
10650.000000 -61.937672
10700.000000 -62.922085
10750.000000 -60.318283
10800.000000 -56.377766
10850.000000 -58.911343
10900.000000 -61.431229
10950.000000 -62.491001
11000.000000 -59.276829
11050.000000 -59.754864
11100.000000 -62.897072
11150.000000 -61.806633
11200.000000 -63.127666
11250.000000 -59.089359
11300.000000 -63.437675
11350.000000 -62.744354
11400.000000 -61.239422
11450.000000 -59.185001
11500.000000 -62.932297
11550.000000 -59.854900
11600.000000 -61.609482
11650.000000 -65.326988
11700.000000 -59.379135
11750.000000 -58.839615
11800.000000 -63.943768
11850.000000 -59.695148
11900.000000 -60.487511
11950.000000 -62.087723
12000.000000 -61.937836
12050.000000 -64.498985
12100.000000 -62.761234
12150.000000 -60.523472
12200.000000 -61.049828
12250.000000 -62.378040
12300.000000 -59.820427
12350.000000 -58.497177
12400.000000 -59.189224
12450.000000 -60.439976
12500.000000 -60.927441
12550.000000 -61.726395
12600.000000 -60.458401
12650.000000 -61.332401
12700.000000 -61.280487
12750.000000 -62.216431
12800.000000 -60.321995
12850.000000 -60.553368
12900.000000 -59.502663
12950.000000 -61.906086
13000.000000 -60.819866
13050.000000 -59.283539
13100.000000 -61.681080
13150.000000 -60.559868
13200.000000 -60.783527
13250.000000 -60.024555
13300.000000 -59.184399
13350.000000 -60.133018
13400.000000 -59.145393
13450.000000 -58.535168
13500.000000 -57.980225
13550.000000 -60.501259
13600.000000 -60.830360
13650.000000 -61.179249
13700.000000 -62.297894
13750.000000 -61.890797
13800.000000 -61.205097
13850.000000 -63.130135
13900.000000 -59.532124
13950.000000 -59.462952
14000.000000 -61.632961
14050.000000 -64.046844
14100.000000 -61.367233
14150.000000 -63.588413
14200.000000 -62.037472
14250.000000 -62.561737
14300.000000 -58.136230
14350.000000 -63.142876
14400.000000 -62.953125
14450.000000 -59.952152
14500.000000 -62.417164
14550.000000 -61.946125
14600.000000 -61.361031
14650.000000 -64.224579
14700.000000 -60.799206
14750.000000 -65.653648
14800.000000 -59.511803
14850.000000 -62.582947
14900.000000 -63.156208
14950.000000 -63.319756
15000.000000 -61.425293
15050.000000 -63.547642
15100.000000 -60.916828
15150.000000 -63.402702
15200.000000 -64.609337
15250.000000 -61.848671
15300.000000 -63.267281
15350.000000 -60.248856
15400.000000 -59.870167
15450.000000 -58.789089
15500.000000 -60.787590
15550.000000 -60.257317
15600.000000 -58.776070
15650.000000 -58.063499
15700.000000 -60.005966
15750.000000 -57.712654
15800.000000 -56.479324
15850.000000 -57.372791
15900.000000 -57.744595
15950.000000 -58.180836
16000.000000 -59.386913
16050.000000 -58.137196
16100.000000 -57.034698
16150.000000 -56.938858
16200.000000 -60.646385
16250.000000 -59.396797
16300.000000 -62.316910
16350.000000 -57.627621
16400.000000 -59.357075
16450.000000 -61.595932
16500.000000 -59.550919
16550.000000 -55.229530
16600.000000 -55.679157
16650.000000 -57.798840
16700.000000 -57.060547
16750.000000 -56.134975
16800.000000 -57.314709
16850.000000 -57.369186
16900.000000 -56.608860
16950.000000 -57.653885
17000.000000 -56.276344
17050.000000 -58.755371
17100.000000 -56.871849
17150.000000 -59.652637
17200.000000 -55.798691
17250.000000 -53.995319
17300.000000 -58.349174
17350.000000 -58.748486
17400.000000 -57.378868
17450.000000 -57.161762
17500.000000 -57.529736
17550.000000 -56.005486
17600.000000 -56.406021
17650.000000 -59.037838
17700.000000 -56.141090
17750.000000 -55.932491
17800.000000 -54.957199
17850.000000 -53.948574
17900.000000 -57.221233
17950.000000 -55.785381
18000.000000 -54.557735
18050.000000 -54.626499
18100.000000 -53.970261
18150.000000 -55.155464
18200.000000 -58.752945
18250.000000 -56.974895
18300.000000 -58.810787
18350.000000 -55.672390
18400.000000 -53.963577
18450.000000 -53.969334
18500.000000 -53.976021
18550.000000 -57.123230
18600.000000 -60.306465
18650.000000 -64.697212
18700.000000 -56.922756
18750.000000 -57.288383
18800.000000 -56.975555
18850.000000 -54.023182
18900.000000 -53.951283
18950.000000 -55.095047
19000.000000 -55.617641
19050.000000 -53.986294
19100.000000 -54.052872
19150.000000 -60.176331
19200.000000 -61.919304
19250.000000 -57.593193
19300.000000 -54.880264
19350.000000 -56.254101
19400.000000 -55.501823
19450.000000 -53.977348
19500.000000 -53.961658
19550.000000 -53.906284
19600.000000 -53.954453
19650.000000 -54.727325
19700.000000 -56.918758
19750.000000 -57.111816
19800.000000 -55.748825
19850.000000 -55.947445
19900.000000 -54.966774
19950.000000 -57.734070
20000.000000 -61.558743
20050.000000 -60.343479
20100.000000 -57.803883
20150.000000 -55.804493
20200.000000 -54.012665
20250.000000 -53.955048
20300.000000 -53.956436
20350.000000 -53.975094
20400.000000 -53.968872
20450.000000 -55.132351
20500.000000 -54.423141
20550.000000 -54.474277
20600.000000 -55.503407
20650.000000 -55.956253
20700.000000 -55.718575
20750.000000 -55.204464
20800.000000 -54.916946
20850.000000 -54.601833
20900.000000 -55.061512
20950.000000 -54.127235
21000.000000 -55.278107
21050.000000 -55.947441
21100.000000 -58.023502
21150.000000 -59.248947
21200.000000 -60.657387
21250.000000 -63.001301
21300.000000 -65.924644
21350.000000 -67.464653
21400.000000 -66.090065
21450.000000 -62.185013
21500.000000 -61.457993
21550.000000 -60.853287
21600.000000 -59.416603
21650.000000 -58.220592
21700.000000 -57.044689
21750.000000 -56.216640
21800.000000 -55.577961
21850.000000 -54.389175
21900.000000 -54.167843
21950.000000 -53.977081
22000.000000 -53.977879
22050.000000 -53.979401
22100.000000 -53.979401
22150.000000 -53.979401
22200.000000 -53.979401
22250.000000 -53.979401
22300.000000 -53.961063
22350.000000 -53.949497
22400.000000 -53.968674
22450.000000 -53.979401
22500.000000 -53.979401
22550.000000 -53.979401
22600.000000 -53.979401
22650.000000 -53.979401
22700.000000 -53.979401
22750.000000 -53.979401
22800.000000 -53.979137
22850.000000 -54.111546
22900.000000 -54.488457
22950.000000 -54.572552
23000.000000 -54.919312
23050.000000 -55.121689
23100.000000 -55.357735
23150.000000 -55.757198
23200.000000 -55.928013
23250.000000 -56.227276
23300.000000 -56.549953
23350.000000 -56.837708
23400.000000 -57.314125
23450.000000 -57.700745
23500.000000 -58.142010
23550.000000 -58.339977
23600.000000 -58.666027
23650.000000 -58.780102
23700.000000 -59.242748
23750.000000 -59.403603
23800.000000 -59.907322
23850.000000 -60.199215
23900.000000 -60.361420
23950.000000 -60.935261
24000.000000 -61.220486
24050.000000 -61.532143
24100.000000 -61.531826
24150.000000 -61.821167
24200.000000 -61.909554
24250.000000 -62.421719
24300.000000 -62.473190
24350.000000 -62.463329
24400.000000 -63.130898
24450.000000 -63.546047
24500.000000 -63.812447
24550.000000 -63.998409
24600.000000 -64.495842
24650.000000 -64.497398
24700.000000 -64.707222
24750.000000 -65.289871
24800.000000 -65.359108
24850.000000 -65.896904
24900.000000 -65.771072
24950.000000 -66.221718
25000.000000 -67.240326
25050.000000 -68.138374
25100.000000 -68.151237
25150.000000 -68.312973
25200.000000 -68.504547
25250.000000 -69.215210
25300.000000 -70.311607
25350.000000 -69.692146
25400.000000 -69.616432
25450.000000 -69.466942
25500.000000 -69.362335
25550.000000 -70.042145
25600.000000 -71.107674
25650.000000 -71.134377
25700.000000 -70.884415
25750.000000 -71.811531
25800.000000 -72.670471
25850.000000 -73.678642
25900.000000 -73.800476
25950.000000 -73.536423
26000.000000 -73.566704
26050.000000 -73.530128
26100.000000 -73.912857
26150.000000 -73.843430
26200.000000 -75.390335
26250.000000 -75.995621
26300.000000 -77.919830
26350.000000 -78.166367
26400.000000 -77.726929
26450.000000 -78.123520
26500.000000 -77.596313
26550.000000 -78.142761
26600.000000 -79.228920
26650.000000 -80.031342
26700.000000 -80.215508
26750.000000 -78.836487
26800.000000 -79.363388
26850.000000 -79.917694
26900.000000 -78.889977
26950.000000 -78.808708
27000.000000 -77.596313
27050.000000 -77.253441
27100.000000 -77.505341
27150.000000 -77.333031
27200.000000 -75.366203
27250.000000 -76.816368
27300.000000 -77.061401
27350.000000 -77.801727
27400.000000 -78.672287
27450.000000 -78.566017
27500.000000 -78.623512
27550.000000 -78.748833
27600.000000 -78.322258
27650.000000 -79.050072
27700.000000 -79.191422
27750.000000 -77.907326
27800.000000 -80.717499
27850.000000 -80.088722
27900.000000 -79.908508
27950.000000 -82.239731
28000.000000 -83.182755
28050.000000 -83.866692
28100.000000 -82.906151
28150.000000 -81.987854
28200.000000 -80.937630
28250.000000 -79.063148
28300.000000 -79.415245
28350.000000 -79.752541
28400.000000 -78.585136
28450.000000 -79.155258
28500.000000 -80.713181
28550.000000 -84.835098
28600.000000 -87.877815
28650.000000 -83.397614
28700.000000 -88.083763
28750.000000 -84.846664
28800.000000 -85.344635
28850.000000 -86.845284
28900.000000 -88.646126
28950.000000 -88.838310
29000.000000 -90.686241
29050.000000 -92.456001
29100.000000 -88.377762
29150.000000 -88.660484
29200.000000 -89.251289
29250.000000 -87.312317
29300.000000 -84.506088
29350.000000 -82.751961
29400.000000 -82.374557
29450.000000 -80.887573
29500.000000 -82.103584
29550.000000 -82.856285
29600.000000 -80.670128
29650.000000 -78.984970
29700.000000 -77.857468
29750.000000 -77.627525
29800.000000 -80.459381
29850.000000 -82.513283
29900.000000 -81.635208
29950.000000 -80.525314
30000.000000 -79.075050
30050.000000 -81.207535
30100.000000 -80.035332
30150.000000 -79.079819
30200.000000 -77.886520
30250.000000 -80.305649
30300.000000 -81.598488
30350.000000 -83.364357
30400.000000 -83.858421
30450.000000 -84.044319
30500.000000 -84.156944
30550.000000 -81.225830
30600.000000 -79.579102
30650.000000 -79.023972
30700.000000 -77.367218
30750.000000 -76.366158
30800.000000 -74.897850
30850.000000 -74.196945
30900.000000 -73.788155
30950.000000 -73.953728
31000.000000 -72.785225
31050.000000 -73.132843
31100.000000 -73.882004
31150.000000 -74.946602
31200.000000 -74.697617
31250.000000 -74.366425
31300.000000 -74.799706
31350.000000 -74.263794
31400.000000 -73.908257
31450.000000 -74.282303
31500.000000 -75.092262
31550.000000 -75.442726
31600.000000 -75.284187
31650.000000 -75.032211
31700.000000 -74.640221
31750.000000 -75.599419
31800.000000 -75.266495
31850.000000 -76.695045
31900.000000 -77.034988
31950.000000 -77.909409
32000.000000 -78.077721
32050.000000 -78.827217
32100.000000 -78.347427
32150.000000 -79.911133
32200.000000 -85.520515
32250.000000 -85.490540
32300.000000 -87.467484
32350.000000 -87.937103
32400.000000 -85.205971
32450.000000 -85.433372
32500.000000 -85.222885
32550.000000 -83.180840
32600.000000 -84.555214
32650.000000 -81.294785
32700.000000 -82.371078
32750.000000 -82.365852
32800.000000 -84.733932
32850.000000 -82.906151
32900.000000 -82.935829
32950.000000 -82.079979
33000.000000 -85.899002
33050.000000 -87.517723
33100.000000 -83.636032
33150.000000 -84.443970
33200.000000 -85.455696
33250.000000 -85.222885
33300.000000 -87.004120
33350.000000 -89.790611
33400.000000 -87.423759
33450.000000 -83.621941
33500.000000 -80.508430
33550.000000 -79.610718
33600.000000 -79.253204
33650.000000 -78.633698
33700.000000 -77.974243
33750.000000 -78.582886
33800.000000 -79.799042
33850.000000 -79.638649
33900.000000 -76.701385
33950.000000 -77.205269
34000.000000 -78.034279
34050.000000 -78.820274
34100.000000 -77.946999
34150.000000 -79.840576
34200.000000 -80.747780
34250.000000 -80.022034
34300.000000 -81.804848
34350.000000 -81.754417
34400.000000 -82.477951
34450.000000 -80.833427
34500.000000 -83.389778
34550.000000 -83.970741
34600.000000 -82.167999
34650.000000 -79.774467
34700.000000 -62.914295
34750.000000 -58.573990
34800.000000 -57.490032
34850.000000 -60.811714
34900.000000 -61.519505
34950.000000 -62.522667
35000.000000 -60.447651
35050.000000 -60.524883
35100.000000 -63.225101
35150.000000 -67.931808
35200.000000 -66.255150
35250.000000 -66.126480
35300.000000 -63.340370
35350.000000 -60.422569
35400.000000 -62.579735
35450.000000 -65.841156
35500.000000 -62.453304
35550.000000 -65.286705
35600.000000 -61.392246
35650.000000 -64.253723
35700.000000 -57.553001
35750.000000 -60.512363
35800.000000 -63.488819
35850.000000 -63.501705
35900.000000 -61.942974
35950.000000 -63.675392
36000.000000 -60.155659
36050.000000 -63.245876
36100.000000 -60.968536
36150.000000 -62.408592
36200.000000 -64.128540
36250.000000 -61.866562
36300.000000 -62.037304
36350.000000 -60.863087
36400.000000 -65.340950
36450.000000 -62.238869
36500.000000 -62.047867
36550.000000 -56.745190
36600.000000 -62.473190
36650.000000 -62.347942
36700.000000 -60.369438
36750.000000 -62.495243
36800.000000 -63.197670
36850.000000 -60.100243
36900.000000 -66.381332
36950.000000 -63.529118
37000.000000 -62.555866
37050.000000 -63.704174
37100.000000 -60.389099
37150.000000 -60.932899
37200.000000 -59.684658
37250.000000 -61.605335
37300.000000 -62.155235
37350.000000 -58.931477
37400.000000 -61.562870
37450.000000 -60.824821
37500.000000 -63.683895
37550.000000 -58.781597
37600.000000 -57.849392
37650.000000 -62.662895
37700.000000 -62.701698
37750.000000 -62.003189
37800.000000 -61.221249
37850.000000 -61.709919
37900.000000 -62.617809
37950.000000 -64.577400
38000.000000 -62.083847
38050.000000 -64.706772
38100.000000 -62.040993
38150.000000 -62.494888
38200.000000 -61.636822
38250.000000 -59.432480
38300.000000 -64.771957
38350.000000 -62.025917
38400.000000 -61.141228
38450.000000 -61.482166
38500.000000 -63.962570
38550.000000 -60.012867
38600.000000 -60.343338
38650.000000 -61.548126
38700.000000 -65.016090
38750.000000 -62.940845
38800.000000 -63.644691
38850.000000 -61.698792
38900.000000 -63.068214
38950.000000 -61.249977
39000.000000 -61.342155
39050.000000 -57.920143
39100.000000 -60.928474
39150.000000 -59.162827
39200.000000 -57.452194
39250.000000 -59.924911
39300.000000 -61.118286
39350.000000 -62.334057
39400.000000 -60.383972
39450.000000 -61.812836
39500.000000 -61.064632
39550.000000 -61.725426
39600.000000 -60.698082
39650.000000 -60.468746
39700.000000 -58.074215
39750.000000 -59.380615
39800.000000 -62.544312
39850.000000 -62.385883
39900.000000 -58.504429
39950.000000 -61.607567
40000.000000 -62.524612
