0.000000 -57.359875
50.000000 -59.557526
100.000000 -58.654438
150.000000 -56.000801
200.000000 -53.976021
250.000000 -53.979401
300.000000 -53.934258
350.000000 -53.933598
400.000000 -53.978939
450.000000 -54.100651
500.000000 -54.985950
550.000000 -54.784058
600.000000 -54.141201
650.000000 -53.959541
700.000000 -53.978870
750.000000 -53.976089
800.000000 -54.129730
850.000000 -54.435356
900.000000 -54.765396
950.000000 -55.049278
1000.000000 -55.209732
1050.000000 -55.405552
1100.000000 -55.946278
1150.000000 -56.328209
1200.000000 -56.664200
1250.000000 -57.180805
1300.000000 -57.473072
1350.000000 -57.754414
1400.000000 -58.202034
1450.000000 -58.627239
1500.000000 -58.791855
1550.000000 -59.220306
1600.000000 -59.195747
1650.000000 -59.731438
1700.000000 -60.354515
1750.000000 -60.663109
1800.000000 -60.865868
1850.000000 -61.308483
1900.000000 -61.545910
1950.000000 -61.926579
2000.000000 -62.464737
2050.000000 -62.462624
2100.000000 -62.330936
2150.000000 -62.765427
2200.000000 -62.700615
2250.000000 -62.991383
2300.000000 -63.394665
2350.000000 -63.510635
2400.000000 -63.979946
2450.000000 -64.029129
2500.000000 -64.436668
2550.000000 -64.859406
2600.000000 -65.398254
2650.000000 -65.726631
2700.000000 -66.178421
2750.000000 -66.498726
2800.000000 -66.815025
2850.000000 -66.703903
2900.000000 -68.382271
2950.000000 -68.700073
3000.000000 -69.361557
3050.000000 -69.705101
3100.000000 -70.082664
3150.000000 -70.414742
3200.000000 -70.821533
3250.000000 -70.850601
3300.000000 -71.284676
3350.000000 -71.322174
3400.000000 -71.423790
3450.000000 -71.895058
3500.000000 -72.359756
3550.000000 -72.926712
3600.000000 -72.919083
3650.000000 -72.616493
3700.000000 -72.445419
3750.000000 -72.669899
3800.000000 -73.683128
3850.000000 -73.318771
3900.000000 -73.775200
3950.000000 -74.503296
4000.000000 -74.730789
4050.000000 -74.105026
4100.000000 -74.074150
4150.000000 -74.825233
4200.000000 -74.730789
4250.000000 -74.108383
4300.000000 -75.171715
4350.000000 -75.508858
4400.000000 -76.488258
4450.000000 -76.968353
4500.000000 -78.058624
4550.000000 -79.185364
4600.000000 -81.014740
4650.000000 -79.018051
4700.000000 -78.077721
4750.000000 -77.233177
4800.000000 -78.069229
4850.000000 -78.455475
4900.000000 -79.991524
4950.000000 -81.324066
5000.000000 -80.274132
5050.000000 -79.661560
5100.000000 -77.567215
5150.000000 -76.541725
5200.000000 -75.398140
5250.000000 -75.314278
5300.000000 -77.050072
5350.000000 -77.562210
5400.000000 -78.073479
5450.000000 -79.160065
5500.000000 -78.784477
5550.000000 -77.847122
5600.000000 -77.109726
5650.000000 -77.651764
5700.000000 -77.166931
5750.000000 -78.272148
5800.000000 -79.867950
5850.000000 -79.847084
5900.000000 -76.265564
5950.000000 -75.968910
6000.000000 -75.280342
6050.000000 -75.562767
6100.000000 -74.700493
6150.000000 -75.649872
6200.000000 -76.874443
6250.000000 -77.516281
6300.000000 -79.281227
6350.000000 -76.052643
6400.000000 -76.052643
6450.000000 -75.593834
6500.000000 -75.519928
6550.000000 -76.209702
6600.000000 -78.053322
6650.000000 -76.265564
6700.000000 -76.076233
6750.000000 -76.605812
6800.000000 -78.132065
6850.000000 -81.019211
6900.000000 -81.961235
6950.000000 -82.621941
7000.000000 -83.664276
7050.000000 -81.767403
7100.000000 -79.401627
7150.000000 -79.104889
7200.000000 -78.122452
7250.000000 -77.388771
7300.000000 -78.287369
7350.000000 -77.747360
7400.000000 -78.544685
7450.000000 -78.241783
7500.000000 -78.980255
7550.000000 -79.541298
7600.000000 -79.368286
7650.000000 -80.067329
7700.000000 -80.108833
7750.000000 -78.118179
7800.000000 -77.936539
7850.000000 -77.701462
7900.000000 -77.342773
7950.000000 -76.190872
8000.000000 -76.072861
8050.000000 -75.088493
8100.000000 -75.734627
8150.000000 -75.230446
8200.000000 -77.083206
8250.000000 -79.618332
8300.000000 -78.193207
8350.000000 -78.746536
8400.000000 -81.143806
8450.000000 -80.713181
8500.000000 -77.083160
8550.000000 -78.290634
8600.000000 -78.549171
8650.000000 -79.749969
8700.000000 -80.004776
8750.000000 -78.962593
8800.000000 -80.451126
8850.000000 -80.581810
8900.000000 -84.468353
8950.000000 -87.647820
9000.000000 -86.640762
9050.000000 -88.507378
9100.000000 -84.139854
9150.000000 -85.064735
9200.000000 -83.292419
9250.000000 -81.330246
9300.000000 -81.409386
9350.000000 -81.503418
9400.000000 -83.029251
9450.000000 -80.189735
9500.000000 -80.256363
9550.000000 -80.583229
9600.000000 -83.452660
9650.000000 -82.971214
9700.000000 -84.388870
9750.000000 -84.023232
9800.000000 -83.492195
9850.000000 -82.906151
9900.000000 -82.593307
9950.000000 -81.307106
10000.000000 -80.723259
10050.000000 -81.344154
10100.000000 -83.529922
10150.000000 -83.350700
10200.000000 -84.996208
10250.000000 -84.575386
10300.000000 -84.165504
10350.000000 -83.368263
10400.000000 -83.076340
10450.000000 -80.601677
10500.000000 -80.522491
10550.000000 -81.221252
10600.000000 -81.209061
10650.000000 -88.130951
10700.000000 -87.663818
10750.000000 -86.672142
10800.000000 -83.885323
10850.000000 -81.870384
10900.000000 -78.697342
10950.000000 -78.559273
11000.000000 -77.410393
11050.000000 -79.423920
11100.000000 -78.590767
11150.000000 -77.952225
11200.000000 -77.768860
11250.000000 -77.519272
11300.000000 -77.585266
11350.000000 -77.765785
11400.000000 -78.357292
11450.000000 -81.648018
11500.000000 -82.258621
11550.000000 -79.969048
11600.000000 -79.849693
11650.000000 -79.725533
11700.000000 -80.308395
11750.000000 -80.355209
11800.000000 -80.316635
11850.000000 -80.234550
11900.000000 -80.260460
11950.000000 -80.918457
12000.000000 -81.561920
12050.000000 -83.034889
12100.000000 -81.372047
12150.000000 -84.369125
12200.000000 -88.033485
12250.000000 -87.159874
12300.000000 -84.918747
12350.000000 -82.693932
12400.000000 -81.756035
12450.000000 -80.011414
12500.000000 -80.149193
12550.000000 -59.678398
12600.000000 -65.234734
12650.000000 -65.522011
12700.000000 -56.015701
12750.000000 -60.565666
12800.000000 -63.570404
12850.000000 -63.168034
12900.000000 -65.503258
12950.000000 -64.868683
13000.000000 -63.297260
13050.000000 -59.928726
13100.000000 -66.194359
13150.000000 -62.365330
13200.000000 -58.009052
13250.000000 -65.689301
13300.000000 -64.074982
13350.000000 -62.025749
13400.000000 -59.705391
13450.000000 -64.211868
13500.000000 -65.372383
13550.000000 -61.383541
13600.000000 -55.384415
13650.000000 -62.351589
13700.000000 -62.277714
13750.000000 -64.283623
13800.000000 -63.841892
13850.000000 -59.156212
13900.000000 -58.767670
13950.000000 -58.956249
14000.000000 -57.774700
14050.000000 -58.230747
14100.000000 -61.446712
14150.000000 -59.238258
14200.000000 -65.587135
14250.000000 -60.700092
14300.000000 -62.863651
14350.000000 -59.989273
14400.000000 -56.841301
14450.000000 -59.862595
14500.000000 -62.433811
14550.000000 -61.163780
14600.000000 -61.167416
14650.000000 -62.284782
14700.000000 -59.956635
14750.000000 -56.254704
14800.000000 -60.891678
14850.000000 -62.489433
14900.000000 -61.428883
14950.000000 -65.255333
15000.000000 -63.103382
15050.000000 -59.406200
15100.000000 -60.290691
15150.000000 -64.253296
15200.000000 -60.456612
15250.000000 -58.358715
15300.000000 -62.459457
15350.000000 -61.938995
15400.000000 -61.636642
15450.000000 -61.742577
15500.000000 -57.481598
15550.000000 -59.305534
15600.000000 -61.076027
15650.000000 -64.086006
15700.000000 -59.373829
15750.000000 -63.712502
15800.000000 -60.190678
15850.000000 -61.430603
15900.000000 -60.911823
15950.000000 -62.875828
16000.000000 -61.114967
16050.000000 -62.300140
16100.000000 -60.244083
16150.000000 -61.927074
16200.000000 -60.588188
16250.000000 -59.955055
16300.000000 -59.302963
16350.000000 -62.599915
16400.000000 -63.138882
16450.000000 -59.855419
16500.000000 -59.947281
16550.000000 -60.946339
16600.000000 -59.876564
16650.000000 -61.628166
16700.000000 -58.547489
16750.000000 -59.129314
16800.000000 -62.095646
16850.000000 -61.413277
16900.000000 -60.405052
16950.000000 -59.335442
17000.000000 -60.777584
17050.000000 -62.735775
17100.000000 -58.976009
17150.000000 -60.264420
17200.000000 -61.852936
17250.000000 -59.975780
17300.000000 -61.703304
17350.000000 -60.807495
17400.000000 -61.370182
17450.000000 -61.508144
17500.000000 -59.554504
17550.000000 -61.662121
17600.000000 -60.832401
17650.000000 -60.673412
17700.000000 -60.727005
17750.000000 -64.215744
17800.000000 -61.888279
17850.000000 -60.693916
17900.000000 -63.473583
17950.000000 -61.141380
18000.000000 -60.405331
18050.000000 -60.065453
18100.000000 -62.260162
18150.000000 -62.587765
18200.000000 -62.594025
18250.000000 -63.272881
18300.000000 -62.171898
18350.000000 -61.782681
18400.000000 -61.792938
18450.000000 -62.224133
18500.000000 -63.498135
18550.000000 -59.564209
18600.000000 -62.319679
18650.000000 -60.626278
18700.000000 -63.159641
18750.000000 -63.422924
18800.000000 -60.790058
18850.000000 -61.648106
18900.000000 -61.612991
18950.000000 -62.768524
19000.000000 -59.950836
19050.000000 -62.632511
19100.000000 -58.164402
19150.000000 -59.769688
19200.000000 -57.422493
19250.000000 -60.078423
19300.000000 -60.046112
19350.000000 -58.155609
19400.000000 -60.074806
19450.000000 -63.441418
19500.000000 -61.213932
19550.000000 -57.913155
19600.000000 -58.742748
19650.000000 -59.910999
19700.000000 -57.721519
19750.000000 -60.687172
19800.000000 -60.728584
19850.000000 -59.816147
19900.000000 -59.244331
19950.000000 -60.958466
20000.000000 -60.219040
20050.000000 -60.263325
20100.000000 -59.468437
20150.000000 -62.295132
20200.000000 -63.061234
20250.000000 -58.843098
20300.000000 -59.820168
20350.000000 -65.514000
20400.000000 -62.091095
20450.000000 -60.767876
20500.000000 -63.043720
20550.000000 -62.225330
20600.000000 -59.076122
20650.000000 -58.705673
20700.000000 -65.140564
20750.000000 -60.997028
20800.000000 -61.105480
20850.000000 -60.625282
20900.000000 -63.117222
20950.000000 -64.325172
21000.000000 -64.949631
21050.000000 -58.866562
21100.000000 -59.807587
21150.000000 -61.993679
21200.000000 -61.593704
21250.000000 -63.406231
21300.000000 -61.052208
21350.000000 -61.556843
21400.000000 -61.653942
21450.000000 -60.527416
21500.000000 -60.340996
21550.000000 -61.194290
21600.000000 -61.155449
21650.000000 -60.157955
21700.000000 -60.385220
21750.000000 -61.279102
21800.000000 -57.640438
21850.000000 -59.967064
21900.000000 -59.744938
21950.000000 -61.239422
22000.000000 -62.626053
22050.000000 -60.816662
22100.000000 -65.937256
22150.000000 -61.205704
22200.000000 -59.674057
22250.000000 -59.700649
22300.000000 -58.534607
22350.000000 -59.571899
22400.000000 -59.022186
22450.000000 -59.893700
22500.000000 -58.540314
22550.000000 -57.898888
22600.000000 -62.555508
22650.000000 -58.967529
22700.000000 -58.415623
22750.000000 -60.916092
22800.000000 -60.145004
22850.000000 -63.922089
22900.000000 -63.087292
22950.000000 -61.582882
23000.000000 -60.956245
23050.000000 -63.269211
23100.000000 -59.067665
23150.000000 -60.943233
23200.000000 -61.391312
23250.000000 -62.058781
23300.000000 -59.960594
23350.000000 -62.294270
23400.000000 -63.017040
23450.000000 -64.362106
23500.000000 -61.995514
23550.000000 -62.778557
23600.000000 -61.043537
23650.000000 -64.550278
23700.000000 -59.267933
23750.000000 -60.411163
23800.000000 -60.419228
23850.000000 -61.063435
23900.000000 -59.485031
23950.000000 -59.809662
24000.000000 -61.883503
24050.000000 -60.603657
24100.000000 -60.688892
24150.000000 -58.071667
24200.000000 -59.662960
24250.000000 -58.385418
24300.000000 -57.820469
24350.000000 -57.885471
24400.000000 -58.431320
24450.000000 -59.303455
24500.000000 -58.021603
24550.000000 -61.035172
24600.000000 -58.537628
24650.000000 -59.877216
24700.000000 -57.583855
24750.000000 -61.425293
24800.000000 -61.804348
24850.000000 -57.750118
24900.000000 -58.023079
24950.000000 -58.514362
25000.000000 -57.998100
25050.000000 -59.921757
25100.000000 -58.735188
25150.000000 -57.552902
25200.000000 -58.760197
25250.000000 -58.770203
25300.000000 -58.512131
25350.000000 -58.512131
25400.000000 -64.460556
25450.000000 -61.346008
25500.000000 -59.715515
25550.000000 -59.936089
25600.000000 -63.203995
25650.000000 -61.329773
25700.000000 -61.033829
25750.000000 -58.635845
25800.000000 -64.181786
25850.000000 -61.659393
25900.000000 -62.690128
25950.000000 -61.982182
26000.000000 -61.163322
26050.000000 -63.053699
26100.000000 -59.653275
26150.000000 -61.119793
26200.000000 -61.862949
26250.000000 -60.926113
26300.000000 -65.332130
26350.000000 -64.215309
26400.000000 -57.751137
26450.000000 -62.339088
26500.000000 -60.697651
26550.000000 -59.533882
26600.000000 -59.083035
26650.000000 -59.066235
26700.000000 -58.619884
26750.000000 -61.155750
26800.000000 -57.103851
26850.000000 -56.376282
26900.000000 -57.377789
26950.000000 -58.143829
27000.000000 -59.543179
27050.000000 -61.045776
27100.000000 -59.760139
27150.000000 -59.177399
27200.000000 -60.404079
27250.000000 -59.313122
27300.000000 -61.157967
27350.000000 -58.756752
27400.000000 -61.915005
27450.000000 -59.649837
27500.000000 -59.744427
27550.000000 -59.197437
27600.000000 -60.986778
27650.000000 -62.602417
27700.000000 -58.358059
27750.000000 -59.298561
27800.000000 -60.200302
27850.000000 -60.464130
27900.000000 -59.678272
27950.000000 -62.153706
28000.000000 -63.918758
28050.000000 -61.385250
28100.000000 -62.756863
28150.000000 -63.749157
28200.000000 -59.104767
28250.000000 -62.235439
28300.000000 -63.571003
28350.000000 -60.572884
28400.000000 -61.017570
28450.000000 -61.188972
28500.000000 -63.158516
28550.000000 -58.563202
28600.000000 -61.687035
28650.000000 -61.862621
28700.000000 -62.975124
28750.000000 -59.574799
28800.000000 -62.697720
28850.000000 -60.698944
28900.000000 -63.137550
28950.000000 -59.533379
29000.000000 -58.095474
29050.000000 -60.534603
29100.000000 -58.186211
29150.000000 -56.953499
29200.000000 -61.679478
29250.000000 -60.718357
29300.000000 -59.137947
29350.000000 -61.072727
29400.000000 -62.247791
29450.000000 -59.019825
29500.000000 -58.816685
29550.000000 -58.576351
29600.000000 -58.891487
29650.000000 -60.279598
29700.000000 -57.638016
29750.000000 -61.754898
29800.000000 -62.543957
29850.000000 -61.681080
29900.000000 -59.636990
29950.000000 -58.608475
30000.000000 -61.393337
30050.000000 -61.992176
30100.000000 -60.577839
30150.000000 -59.244514
30200.000000 -57.691902
30250.000000 -59.607044
30300.000000 -61.573505
30350.000000 -63.750179
30400.000000 -60.921249
30450.000000 -60.809093
30500.000000 -60.665825
30550.000000 -61.628006
30600.000000 -62.470371
30650.000000 -62.724159
30700.000000 -61.859337
30750.000000 -62.057774
30800.000000 -61.028156
30850.000000 -58.802475
30900.000000 -58.789894
30950.000000 -58.875751
31000.000000 -65.057602
31050.000000 -61.119190
31100.000000 -62.511154
31150.000000 -62.487118
31200.000000 -60.905350
31250.000000 -60.196911
31300.000000 -60.627987
31350.000000 -60.451000
31400.000000 -60.201794
31450.000000 -61.082031
31500.000000 -60.306328
31550.000000 -64.569099
31600.000000 -58.500969
31650.000000 -58.677856
31700.000000 -58.093666
31750.000000 -60.007294
31800.000000 -60.014458
31850.000000 -61.826565
31900.000000 -60.840137
31950.000000 -60.216183
32000.000000 -59.970493
32050.000000 -59.964684
32100.000000 -62.277027
32150.000000 -59.616169
32200.000000 -61.634884
32250.000000 -61.556366
32300.000000 -63.384483
32350.000000 -59.569378
32400.000000 -59.807972
32450.000000 -61.547497
32500.000000 -59.549595
32550.000000 -61.636803
32600.000000 -62.530819
32650.000000 -58.683208
32700.000000 -58.969898
32750.000000 -61.304173
32800.000000 -62.318119
32850.000000 -60.241901
32900.000000 -57.620766
32950.000000 -57.856949
33000.000000 -63.794170
33050.000000 -61.312496
33100.000000 -59.650349
33150.000000 -60.652527
33200.000000 -60.639534
33250.000000 -59.843830
33300.000000 -59.718082
33350.000000 -61.073929
33400.000000 -61.581928
33450.000000 -59.629620
33500.000000 -61.644646
33550.000000 -64.964394
33600.000000 -57.707260
33650.000000 -60.497612
33700.000000 -62.814949
33750.000000 -58.001152
33800.000000 -58.825016
33850.000000 -59.582882
33900.000000 -59.876171
33950.000000 -64.054031
34000.000000 -62.525677
34050.000000 -62.951263
34100.000000 -59.823025
34150.000000 -63.781464
34200.000000 -60.644398
34250.000000 -55.429874
34300.000000 -61.001194
34350.000000 -58.905617
34400.000000 -60.536716
34450.000000 -60.938065
34500.000000 -62.704609
34550.000000 -59.418709
34600.000000 -56.703468
34650.000000 -62.087387
34700.000000 -61.616665
34750.000000 -57.662487
34800.000000 -57.813152
34850.000000 -57.814285
34900.000000 -59.796055
34950.000000 -60.046513
35000.000000 -58.627350
35050.000000 -62.065166
35100.000000 -59.181622
35150.000000 -59.536900
35200.000000 -57.585461
35250.000000 -58.651604
35300.000000 -55.798607
35350.000000 -56.959007
35400.000000 -57.354984
35450.000000 -57.547806
35500.000000 -58.018650
35550.000000 -57.082874
35600.000000 -59.488529
35650.000000 -55.917484
35700.000000 -55.612843
35750.000000 -58.098351
35800.000000 -59.045788
35850.000000 -57.721725
35900.000000 -56.037090
35950.000000 -57.813667
36000.000000 -55.916904
36050.000000 -54.947044
36100.000000 -54.474133
36150.000000 -55.103188
36200.000000 -53.978340
36250.000000 -55.397900
36300.000000 -54.086014
36350.000000 -55.469196
36400.000000 -55.321308
36450.000000 -55.361229
36500.000000 -56.326210
36550.000000 -53.967812
36600.000000 -57.138374
36650.000000 -57.636196
36700.000000 -56.333694
36750.000000 -56.308086
36800.000000 -56.557884
36850.000000 -53.971123
36900.000000 -56.453472
36950.000000 -55.184723
37000.000000 -53.974697
37050.000000 -54.341579
37100.000000 -54.935055
37150.000000 -53.966091
37200.000000 -53.926350
37250.000000 -53.960140
37300.000000 -55.050480
37350.000000 -53.959610
37400.000000 -55.184193
37450.000000 -54.614445
37500.000000 -54.776356
37550.000000 -55.318684
37600.000000 -53.967350
37650.000000 -53.974499
37700.000000 -54.555473
37750.000000 -54.161003
37800.000000 -53.957031
37850.000000 -53.993660
37900.000000 -53.970459
37950.000000 -55.220955
38000.000000 -53.974167
38050.000000 -57.892128
38100.000000 -55.792152
38150.000000 -54.265160
38200.000000 -53.974632
38250.000000 -55.294975
38300.000000 -54.861832
38350.000000 -54.070065
38400.000000 -53.967747
38450.000000 -57.119999
38500.000000 -55.326878
38550.000000 -55.517315
38600.000000 -54.110550
38650.000000 -53.962055
38700.000000 -57.403309
38750.000000 -54.802040
38800.000000 -54.465439
38850.000000 -56.785011
38900.000000 -53.939598
38950.000000 -53.971851
39000.000000 -54.414780
39050.000000 -53.978142
39100.000000 -53.969269
39150.000000 -55.016586
39200.000000 -54.105762
39250.000000 -53.946594
39300.000000 -53.975624
39350.000000 -56.085175
39400.000000 -63.669331
39450.000000 -58.077507
39500.000000 -54.309376
39550.000000 -54.236511
39600.000000 -57.879349
39650.000000 -64.093437
39700.000000 -59.172356
39750.000000 -55.217293
39800.000000 -54.086014
39850.000000 -53.977280
39900.000000 -53.973904
39950.000000 -53.949303
40000.000000 -54.757854
