0.000000 -59.164753
50.000000 -61.278370
100.000000 -57.665527
150.000000 -62.154385
200.000000 -60.728729
250.000000 -59.826015
300.000000 -62.388676
350.000000 -60.668831
400.000000 -62.031776
450.000000 -61.638084
500.000000 -61.029797
550.000000 -61.335030
600.000000 -59.695660
650.000000 -61.883667
700.000000 -61.598961
750.000000 -61.271427
800.000000 -59.571396
850.000000 -58.827793
900.000000 -59.974743
950.000000 -62.709118
1000.000000 -62.873978
1050.000000 -64.251778
1100.000000 -60.174713
1150.000000 -58.694946
1200.000000 -61.939823
1250.000000 -58.211956
1300.000000 -62.629642
1350.000000 -62.617809
1400.000000 -62.302383
1450.000000 -64.301003
1500.000000 -62.777096
1550.000000 -64.933228
1600.000000 -66.834785
1650.000000 -62.927837
1700.000000 -60.422707
1750.000000 -60.477562
1800.000000 -66.058060
1850.000000 -62.950146
1900.000000 -62.368458
1950.000000 -59.249069
2000.000000 -59.431362
2050.000000 -62.024242
2100.000000 -61.355453
2150.000000 -64.120232
2200.000000 -62.781113
2250.000000 -61.767719
2300.000000 -61.164234
2350.000000 -60.461475
2400.000000 -59.928066
2450.000000 -62.861809
2500.000000 -61.349567
2550.000000 -58.403046
2600.000000 -59.194538
2650.000000 -61.735779
2700.000000 -58.931358
2750.000000 -60.388268
2800.000000 -60.026814
2850.000000 -60.359241
2900.000000 -61.363667
2950.000000 -60.809822
3000.000000 -60.683300
3050.000000 -63.794788
3100.000000 -62.858677
3150.000000 -60.833130
3200.000000 -59.166439
3250.000000 -61.424198
3300.000000 -59.410904
3350.000000 -62.905075
3400.000000 -61.500580
3450.000000 -62.057270
3500.000000 -62.774357
3550.000000 -60.453930
3600.000000 -58.921524
3650.000000 -59.496532
3700.000000 -59.609196
3750.000000 -59.734264
3800.000000 -63.842102
3850.000000 -63.110203
3900.000000 -63.572403
3950.000000 -61.481853
4000.000000 -62.888016
4050.000000 -59.286713
4100.000000 -61.090290
4150.000000 -63.495953
4200.000000 -61.908070
4250.000000 -62.602776
4300.000000 -66.003387
4350.000000 -60.743443
4400.000000 -62.078121
4450.000000 -59.727581
4500.000000 -62.353500
4550.000000 -60.104805
4600.000000 -61.565250
4650.000000 -63.621330
4700.000000 -63.383701
4750.000000 -61.972862
4800.000000 -60.616741
4850.000000 -61.103523
4900.000000 -62.432934
4950.000000 -60.813168
5000.000000 -62.115578
5050.000000 -61.562550
5100.000000 -64.201141
5150.000000 -63.620930
5200.000000 -63.498531
5250.000000 -62.871578
5300.000000 -57.685810
5350.000000 -61.880047
5400.000000 -60.663109
5450.000000 -61.649132
5500.000000 -64.696297
5550.000000 -62.562450
5600.000000 -60.360317
5650.000000 -63.076332
5700.000000 -61.929390
5750.000000 -62.234066
5800.000000 -62.795731
5850.000000 -60.549698
5900.000000 -61.952595
5950.000000 -62.585621
6000.000000 -63.678226
6050.000000 -59.598179
6100.000000 -62.285126
6150.000000 -59.125355
6200.000000 -59.115776
6250.000000 -60.753120
6300.000000 -60.987698
6350.000000 -64.149246
6400.000000 -63.870819
6450.000000 -63.547245
6500.000000 -64.050652
6550.000000 -60.045712
6600.000000 -63.106983
6650.000000 -62.470016
6700.000000 -64.188652
6750.000000 -61.786911
6800.000000 -64.997551
6850.000000 -61.713955
6900.000000 -60.115406
6950.000000 -56.868889
7000.000000 -58.368156
7050.000000 -57.810471
7100.000000 -57.865650
7150.000000 -59.182102
7200.000000 -59.772011
7250.000000 -61.777309
7300.000000 -60.457424
7350.000000 -60.483871
7400.000000 -60.323372
7450.000000 -61.203270
7500.000000 -62.045029
7550.000000 -59.220551
7600.000000 -60.087917
7650.000000 -60.262642
7700.000000 -63.838184
7750.000000 -64.897987
7800.000000 -63.460545
7850.000000 -62.396881
7900.000000 -62.759777
7950.000000 -64.302094
8000.000000 -64.231262
8050.000000 -65.183067
8100.000000 -66.840904
8150.000000 -62.417515
8200.000000 -61.489403
8250.000000 -62.373333
8300.000000 -63.812038
8350.000000 -60.278912
8400.000000 -60.926262
8450.000000 -59.889378
8500.000000 -58.911812
8550.000000 -64.907303
8600.000000 -64.004288
8650.000000 -61.782841
8700.000000 -61.074829
8750.000000 -60.719509
8800.000000 -60.182552
8850.000000 -58.650242
8900.000000 -59.840836
8950.000000 -60.655548
9000.000000 -60.280556
9050.000000 -63.905033
9100.000000 -61.352821
9150.000000 -59.498158
9200.000000 -60.165920
9250.000000 -60.262096
9300.000000 -60.427998
9350.000000 -60.637539
9400.000000 -62.514519
9450.000000 -59.603371
9500.000000 -63.962990
9550.000000 -61.468658
9600.000000 -60.413250
9650.000000 -61.816429
9700.000000 -57.276367
9750.000000 -57.763012
9800.000000 -59.098793
9850.000000 -61.245846
9900.000000 -59.123917
9950.000000 -60.523613
10000.000000 -59.256851
10050.000000 -60.174839
10100.000000 -63.585411
10150.000000 -63.794170
10200.000000 -60.675846
10250.000000 -61.979351
10300.000000 -59.190315
10350.000000 -63.210129
10400.000000 -63.275391
10450.000000 -63.109634
10500.000000 -64.324081
10550.000000 -64.695381
10600.000000 -64.797935
10650.000000 -61.937672
10700.000000 -62.922085
10750.000000 -60.318283
10800.000000 -56.377766
10850.000000 -58.911343
10900.000000 -61.431229
10950.000000 -62.491001
11000.000000 -59.276829
11050.000000 -59.754864
11100.000000 -62.897072
11150.000000 -61.806633
11200.000000 -63.127666
11250.000000 -59.089359
11300.000000 -63.437675
11350.000000 -62.744354
11400.000000 -61.239422
11450.000000 -59.185001
11500.000000 -62.932297
11550.000000 -59.854900
11600.000000 -61.609482
11650.000000 -65.326988
11700.000000 -59.379135
11750.000000 -58.839615
11800.000000 -63.943768
11850.000000 -59.695148
11900.000000 -60.487511
11950.000000 -62.087723
12000.000000 -61.135941
12050.000000 -60.181065
12100.000000 -62.632332
12150.000000 -62.946239
12200.000000 -62.905815
12250.000000 -62.672443
12300.000000 -58.055653
12350.000000 -59.715645
12400.000000 -58.468132
12450.000000 -59.765564
12500.000000 -57.624496
12550.000000 -58.679676
12600.000000 -59.844997
12650.000000 -61.760090
12700.000000 -61.266674
12750.000000 -60.552380
12800.000000 -63.366695
12850.000000 -65.832077
12900.000000 -62.649757
12950.000000 -61.579384
13000.000000 -61.145615
13050.000000 -60.922577
13100.000000 -61.522984
13150.000000 -62.920364
13200.000000 -58.382008
13250.000000 -59.690926
13300.000000 -60.431618
13350.000000 -59.330284
13400.000000 -62.011368
13450.000000 -60.628841
13500.000000 -61.253956
13550.000000 -57.671806
13600.000000 -60.838966
13650.000000 -61.143799
13700.000000 -58.917309
13750.000000 -58.456139
13800.000000 -62.212498
13850.000000 -61.953091
13900.000000 -63.794994
13950.000000 -60.512218
14000.000000 -60.284389
14050.000000 -61.340748
14100.000000 -57.818512
14150.000000 -60.873196
14200.000000 -59.234741
14250.000000 -59.175232
14300.000000 -60.273029
14350.000000 -60.959797
14400.000000 -60.894909
14450.000000 -59.253571
14500.000000 -57.353127
14550.000000 -60.049179
14600.000000 -61.134129
14650.000000 -60.643532
14700.000000 -60.249264
14750.000000 -60.034527
14800.000000 -63.523746
14850.000000 -61.582405
14900.000000 -62.270653
14950.000000 -61.649773
15000.000000 -61.992512
15050.000000 -60.514610
15100.000000 -61.284634
15150.000000 -64.080490
15200.000000 -64.209930
15250.000000 -63.094482
15300.000000 -63.083134
15350.000000 -62.451195
15400.000000 -61.903282
15450.000000 -57.161667
15500.000000 -58.367058
15550.000000 -58.405029
15600.000000 -56.370346
15650.000000 -56.913555
15700.000000 -57.071041
15750.000000 -56.767540
15800.000000 -57.762299
15850.000000 -56.250225
15900.000000 -58.224697
15950.000000 -54.986469
16000.000000 -54.002361
16050.000000 -56.404709
16100.000000 -61.472115
16150.000000 -54.577164
16200.000000 -55.333073
16250.000000 -57.052052
16300.000000 -56.537933
16350.000000 -54.891075
16400.000000 -55.575333
16450.000000 -54.230507
16500.000000 -54.497032
16550.000000 -54.621506
16600.000000 -54.920860
16650.000000 -55.989101
16700.000000 -55.903996
16750.000000 -57.179180
16800.000000 -54.156338
16850.000000 -54.070465
16900.000000 -58.009155
16950.000000 -54.511959
17000.000000 -56.537846
17050.000000 -54.475258
17100.000000 -55.138332
17150.000000 -56.310600
17200.000000 -55.469116
17250.000000 -56.936623
17300.000000 -60.712025
17350.000000 -54.898514
17400.000000 -53.963047
17450.000000 -55.675533
17500.000000 -57.372593
17550.000000 -59.275486
17600.000000 -57.768238
17650.000000 -53.964371
17700.000000 -55.371490
17750.000000 -54.629215
17800.000000 -53.972050
17850.000000 -53.949696
17900.000000 -53.939598
17950.000000 -53.926746
18000.000000 -54.366905
18050.000000 -58.297161
18100.000000 -58.270191
18150.000000 -56.482151
18200.000000 -57.521061
18250.000000 -58.271927
18300.000000 -54.566948
18350.000000 -54.977470
18400.000000 -53.961922
18450.000000 -55.436295
18500.000000 -56.157764
18550.000000 -57.296051
18600.000000 -54.797955
18650.000000 -53.967083
18700.000000 -56.420055
18750.000000 -55.018154
18800.000000 -55.828491
18850.000000 -55.412113
18900.000000 -53.943691
18950.000000 -53.960403
19000.000000 -61.058193
19050.000000 -54.112759
19100.000000 -53.971123
19150.000000 -53.958950
19200.000000 -58.126186
19250.000000 -59.201668
19300.000000 -53.975822
19350.000000 -53.901619
19400.000000 -53.964767
19450.000000 -57.747356
19500.000000 -57.967419
19550.000000 -56.837433
19600.000000 -55.510910
19650.000000 -56.014862
19700.000000 -56.213814
19750.000000 -53.976288
19800.000000 -53.968407
19850.000000 -53.956768
19900.000000 -53.974564
19950.000000 -55.730000
20000.000000 -56.527176
20050.000000 -54.257973
20100.000000 -53.969532
20150.000000 -54.490215
20200.000000 -54.839046
20250.000000 -57.806355
20300.000000 -60.072937
20350.000000 -60.113258
20400.000000 -57.414909
20450.000000 -55.503166
20500.000000 -54.042850
20550.000000 -53.974236
20600.000000 -55.456615
20650.000000 -57.225082
20700.000000 -58.944847
20750.000000 -58.855400
20800.000000 -57.318409
20850.000000 -55.845306
20900.000000 -54.396610
20950.000000 -53.974895
21000.000000 -53.979401
21050.000000 -53.930962
21100.000000 -53.950554
21150.000000 -53.977680
21200.000000 -53.975956
21250.000000 -54.471188
21300.000000 -55.867764
21350.000000 -57.148388
21400.000000 -58.495174
21450.000000 -60.234001
21500.000000 -62.320198
21550.000000 -65.214897
21600.000000 -67.124573
21650.000000 -66.384651
21700.000000 -64.189514
21750.000000 -61.995686
21800.000000 -60.539112
21850.000000 -59.550102
21900.000000 -57.854153
21950.000000 -56.994659
22000.000000 -56.120125
22050.000000 -55.449078
22100.000000 -54.796280
22150.000000 -53.978539
22200.000000 -53.976421
22250.000000 -53.974960
22300.000000 -53.936367
22350.000000 -53.939865
22400.000000 -53.961262
22450.000000 -53.975029
22500.000000 -53.979401
22550.000000 -53.979401
22600.000000 -53.977280
22650.000000 -53.977547
22700.000000 -54.115582
22750.000000 -54.461025
22800.000000 -54.920494
22850.000000 -55.141285
22900.000000 -55.367603
22950.000000 -55.638073
23000.000000 -55.878063
23050.000000 -56.331249
23100.000000 -56.623226
23150.000000 -56.999256
23200.000000 -57.264557
23250.000000 -57.500763
23300.000000 -57.919933
23350.000000 -58.187069
23400.000000 -58.416286
23450.000000 -58.627804
23500.000000 -59.160900
23550.000000 -59.468807
23600.000000 -59.900898
23650.000000 -60.343063
23700.000000 -60.499294
23750.000000 -60.675560
23800.000000 -60.821468
23850.000000 -61.237434
23900.000000 -61.613632
23950.000000 -61.830162
24000.000000 -62.252941
24050.000000 -62.681824
24100.000000 -63.237598
24150.000000 -64.126617
24200.000000 -64.070320
24250.000000 -64.145187
24300.000000 -64.377228
24350.000000 -64.943764
24400.000000 -64.447495
24450.000000 -64.447495
24500.000000 -64.833008
24550.000000 -65.159744
24600.000000 -65.634361
24650.000000 -66.136147
24700.000000 -66.310608
24750.000000 -66.288712
24800.000000 -66.882080
24850.000000 -67.241852
24900.000000 -66.930511
24950.000000 -67.060104
25000.000000 -67.612076
25050.000000 -67.456520
25100.000000 -68.188583
25150.000000 -68.172607
25200.000000 -68.775459
25250.000000 -68.506660
25300.000000 -68.308830
25350.000000 -68.594986
25400.000000 -69.322311
25450.000000 -69.195702
25500.000000 -69.640121
25550.000000 -70.215263
25600.000000 -70.986633
25650.000000 -70.222572
25700.000000 -70.086899
25750.000000 -70.436752
25800.000000 -70.132317
25850.000000 -70.879311
25900.000000 -71.054985
25950.000000 -72.237976
26000.000000 -73.630768
26050.000000 -75.163361
26100.000000 -76.791603
26150.000000 -76.519272
26200.000000 -75.963913
26250.000000 -76.111732
26300.000000 -76.254364
26350.000000 -76.156746
26400.000000 -76.215698
26450.000000 -76.374016
26500.000000 -76.612099
26550.000000 -77.832649
26600.000000 -77.945946
26650.000000 -77.812019
26700.000000 -78.105400
26750.000000 -77.662895
26800.000000 -78.737366
26850.000000 -79.888863
26900.000000 -79.631020
26950.000000 -79.089363
27000.000000 -78.156685
27050.000000 -80.079361
27100.000000 -80.229126
27150.000000 -80.497192
27200.000000 -78.599792
27250.000000 -78.178154
27300.000000 -78.315704
27350.000000 -77.446861
27400.000000 -79.978294
27450.000000 -81.083534
27500.000000 -81.747932
27550.000000 -80.641541
27600.000000 -81.270210
27650.000000 -82.034630
27700.000000 -82.006195
27750.000000 -80.769478
27800.000000 -81.345703
27850.000000 -79.567741
27900.000000 -80.279602
27950.000000 -83.399574
28000.000000 -82.513283
28050.000000 -87.048767
28100.000000 -88.161423
28150.000000 -88.503853
28200.000000 -92.971466
28250.000000 -88.714539
28300.000000 -86.564240
28350.000000 -83.438866
28400.000000 -83.792542
28450.000000 -82.069878
28500.000000 -83.589821
28550.000000 -83.891548
28600.000000 -81.710732
28650.000000 -82.385017
28700.000000 -82.371078
28750.000000 -88.997421
28800.000000 -90.278671
28850.000000 -86.191391
28900.000000 -85.186684
28950.000000 -81.822807
29000.000000 -81.304024
29050.000000 -80.934677
29100.000000 -79.237411
29150.000000 -78.444389
29200.000000 -78.591896
29250.000000 -78.727058
29300.000000 -77.749405
29350.000000 -78.162048
29400.000000 -77.640648
29450.000000 -76.935692
29500.000000 -77.306740
29550.000000 -76.469704
29600.000000 -75.786690
29650.000000 -75.778534
29700.000000 -76.135483
29750.000000 -75.120934
29800.000000 -75.171715
29850.000000 -74.743805
29900.000000 -74.111748
29950.000000 -74.032043
30000.000000 -74.771347
30050.000000 -74.824501
30100.000000 -74.772797
30150.000000 -74.849373
30200.000000 -75.485184
30250.000000 -76.121056
30300.000000 -75.398918
30350.000000 -75.802208
30400.000000 -76.362671
30450.000000 -75.731377
30500.000000 -75.741928
30550.000000 -75.621010
30600.000000 -75.317368
30650.000000 -75.002335
30700.000000 -75.460785
30750.000000 -75.739494
30800.000000 -74.527969
30850.000000 -75.976418
30900.000000 -75.859612
30950.000000 -76.536156
31000.000000 -76.389740
31050.000000 -76.077072
31100.000000 -74.422729
31150.000000 -75.156525
31200.000000 -74.329773
31250.000000 -75.455284
31300.000000 -76.565559
31350.000000 -77.932358
31400.000000 -78.401291
31450.000000 -78.363876
31500.000000 -77.694382
31550.000000 -77.172668
31600.000000 -76.857811
31650.000000 -77.560211
31700.000000 -76.046753
31750.000000 -75.870316
31800.000000 -76.805351
31850.000000 -76.942215
31900.000000 -77.124947
31950.000000 -78.881813
32000.000000 -76.745010
32050.000000 -76.300117
32100.000000 -77.715714
32150.000000 -78.554787
32200.000000 -79.102501
32250.000000 -80.096764
32300.000000 -79.548843
32350.000000 -78.667732
32400.000000 -78.133133
32450.000000 -78.396873
32500.000000 -78.781029
32550.000000 -78.230965
32600.000000 -76.596855
32650.000000 -76.908722
32700.000000 -77.678101
32750.000000 -78.037453
32800.000000 -78.501083
32850.000000 -78.193237
32900.000000 -76.826485
32950.000000 -76.417778
33000.000000 -76.467049
33050.000000 -75.985596
33100.000000 -75.963913
33150.000000 -76.693230
33200.000000 -76.083824
33250.000000 -76.096504
33300.000000 -75.320457
33350.000000 -76.970222
33400.000000 -77.832649
33450.000000 -76.710457
33500.000000 -76.459999
33550.000000 -76.610306
33600.000000 -77.086952
33650.000000 -78.275406
33700.000000 -77.928177
33750.000000 -78.283020
33800.000000 -76.467049
33850.000000 -76.860580
33900.000000 -75.001595
33950.000000 -74.473083
34000.000000 -75.633827
34050.000000 -75.957253
34100.000000 -76.715904
34150.000000 -77.472580
34200.000000 -76.308777
34250.000000 -75.393456
34300.000000 -74.961433
34350.000000 -74.287788
34400.000000 -74.543510
34450.000000 -74.945862
34500.000000 -75.651482
34550.000000 -79.216797
34600.000000 -80.634407
34650.000000 -69.427612
34700.000000 -69.509621
34750.000000 -65.375832
34800.000000 -60.123470
34850.000000 -64.079643
34900.000000 -63.283318
34950.000000 -66.673561
35000.000000 -62.938984
35050.000000 -63.872131
35100.000000 -60.308388
35150.000000 -62.463329
35200.000000 -58.467354
35250.000000 -63.144588
35300.000000 -58.996410
35350.000000 -64.989304
35400.000000 -65.398003
35450.000000 -62.417339
35500.000000 -62.240067
35550.000000 -61.347401
35600.000000 -65.187157
35650.000000 -60.867188
35700.000000 -63.284092
35750.000000 -61.984680
35800.000000 -63.331615
35850.000000 -62.906326
35900.000000 -64.065239
35950.000000 -59.915981
36000.000000 -59.587936
36050.000000 -59.988876
36100.000000 -63.279449
36150.000000 -63.715755
36200.000000 -62.528515
36250.000000 -64.091522
36300.000000 -61.245079
36350.000000 -61.551453
36400.000000 -65.229164
36450.000000 -62.979980
36500.000000 -62.064831
36550.000000 -60.637253
36600.000000 -61.490345
36650.000000 -63.527725
36700.000000 -63.429607
36750.000000 -60.185802
36800.000000 -60.754276
36850.000000 -60.467209
36900.000000 -61.934689
36950.000000 -59.515938
37000.000000 -60.754566
37050.000000 -62.942333
37100.000000 -66.812111
37150.000000 -65.972229
37200.000000 -63.486645
37250.000000 -58.094841
37300.000000 -56.889805
37350.000000 -56.146957
37400.000000 -58.874706
37450.000000 -58.725224
37500.000000 -59.529110
37550.000000 -61.262074
37600.000000 -58.541435
37650.000000 -57.464359
37700.000000 -62.222076
37750.000000 -65.276237
37800.000000 -64.622192
37850.000000 -62.605278
37900.000000 -62.417690
37950.000000 -65.338257
38000.000000 -63.114567
38050.000000 -59.466686
38100.000000 -56.582710
38150.000000 -56.322308
38200.000000 -57.585262
38250.000000 -56.093540
38300.000000 -55.995785
38350.000000 -57.443897
38400.000000 -58.255215
38450.000000 -59.942276
38500.000000 -60.820019
38550.000000 -59.948994
38600.000000 -61.456268
38650.000000 -63.881176
38700.000000 -60.864990
38750.000000 -59.079399
38800.000000 -58.459023
38850.000000 -61.932537
38900.000000 -62.304287
38950.000000 -59.653912
39000.000000 -60.856796
39050.000000 -61.224911
39100.000000 -61.209358
39150.000000 -62.585266
39200.000000 -59.420567
39250.000000 -60.568779
39300.000000 -60.505474
39350.000000 -62.376644
39400.000000 -63.997360
39450.000000 -61.541794
39500.000000 -61.521873
39550.000000 -60.863380
39600.000000 -57.147724
39650.000000 -59.632034
39700.000000 -62.118790
39750.000000 -61.402210
39800.000000 -62.691753
39850.000000 -64.233849
39900.000000 -60.773090
39950.000000 -60.371376
40000.000000 -60.768166
