0.000000 -53.955311
50.000000 -53.960667
100.000000 -53.940456
150.000000 -53.978008
200.000000 -55.634789
250.000000 -56.777596
300.000000 -56.607964
350.000000 -54.514431
400.000000 -53.979202
450.000000 -53.951283
500.000000 -53.979401
550.000000 -53.979401
600.000000 -53.973042
650.000000 -54.361362
700.000000 -56.235519
750.000000 -54.220554
800.000000 -54.492676
850.000000 -54.707123
900.000000 -55.003082
950.000000 -55.332607
1000.000000 -55.514389
1050.000000 -55.955090
1100.000000 -56.356308
1150.000000 -56.519360
1200.000000 -56.757408
1250.000000 -57.193172
1300.000000 -57.186844
1350.000000 -57.845047
1400.000000 -58.469021
1450.000000 -58.929485
1500.000000 -59.252598
1550.000000 -59.516815
1600.000000 -59.780792
1650.000000 -60.049046
1700.000000 -60.470707
1750.000000 -60.532207
1800.000000 -60.698799
1850.000000 -61.053860
1900.000000 -61.356075
1950.000000 -61.765285
2000.000000 -62.027592
2050.000000 -62.786774
2100.000000 -62.870842
2150.000000 -63.388985
2200.000000 -63.908360
2250.000000 -64.143478
2300.000000 -64.726616
2350.000000 -65.107811
2400.000000 -65.221909
2450.000000 -65.317451
2500.000000 -65.259949
2550.000000 -65.526764
2600.000000 -65.786804
2650.000000 -66.951431
2700.000000 -67.415337
2750.000000 -67.607941
2800.000000 -68.244217
2850.000000 -68.648987
2900.000000 -68.400383
2950.000000 -69.011238
3000.000000 -70.044250
3050.000000 -69.648979
3100.000000 -69.294449
3150.000000 -69.331619
3200.000000 -69.434288
3250.000000 -70.302925
3300.000000 -70.557465
3350.000000 -70.168991
3400.000000 -70.329872
3450.000000 -71.213058
3500.000000 -70.976784
3550.000000 -71.655975
3600.000000 -72.600082
3650.000000 -72.397232
3700.000000 -72.025841
3750.000000 -71.766212
3800.000000 -72.128586
3850.000000 -72.525772
3900.000000 -72.103989
3950.000000 -73.296074
4000.000000 -74.298782
4050.000000 -74.579651
4100.000000 -75.045685
4150.000000 -74.836929
4200.000000 -76.837524
4250.000000 -77.259239
4300.000000 -77.097382
4350.000000 -77.587273
4400.000000 -79.753830
4450.000000 -79.998154
4500.000000 -83.841904
4550.000000 -84.733932
4600.000000 -84.384483
4650.000000 -83.848091
4700.000000 -82.634491
4750.000000 -85.998901
4800.000000 -84.331947
4850.000000 -83.472404
4900.000000 -81.484535
4950.000000 -80.530945
5000.000000 -79.286102
5050.000000 -79.932152
5100.000000 -79.267815
5150.000000 -80.296043
5200.000000 -79.693489
5250.000000 -80.103470
5300.000000 -82.331116
5350.000000 -78.535728
5400.000000 -76.933830
5450.000000 -76.493568
5500.000000 -76.609406
5550.000000 -76.485603
5600.000000 -76.141434
5650.000000 -75.941460
5700.000000 -75.193794
5750.000000 -75.059181
5800.000000 -75.146667
5850.000000 -75.333618
5900.000000 -74.802620
5950.000000 -75.021744
6000.000000 -75.521507
6050.000000 -75.402824
6100.000000 -75.963081
6150.000000 -76.165268
6200.000000 -76.601334
6250.000000 -74.304283
6300.000000 -74.720680
6350.000000 -74.211906
6400.000000 -73.864334
6450.000000 -75.297287
6500.000000 -75.710327
6550.000000 -77.311600
6600.000000 -79.128838
6650.000000 -77.394661
6700.000000 -77.468620
6750.000000 -76.997383
6800.000000 -78.276497
6850.000000 -79.315453
6900.000000 -80.717499
6950.000000 -79.836678
7000.000000 -81.916496
7050.000000 -82.755600
7100.000000 -82.367592
7150.000000 -82.048042
7200.000000 -81.760902
7250.000000 -82.009537
7300.000000 -79.932152
7350.000000 -81.951271
7400.000000 -80.743446
7450.000000 -78.933243
7500.000000 -80.184319
7550.000000 -80.330391
7600.000000 -80.779617
7650.000000 -79.947945
7700.000000 -79.703728
7750.000000 -79.720413
7800.000000 -79.577835
7850.000000 -85.148239
7900.000000 -82.559433
7950.000000 -85.303047
8000.000000 -86.161705
8050.000000 -86.692162
8100.000000 -84.900093
8150.000000 -86.683578
8200.000000 -86.161705
8250.000000 -83.399574
8300.000000 -80.834885
8350.000000 -80.783966
8400.000000 -80.846565
8450.000000 -81.047577
8500.000000 -81.465683
8550.000000 -85.585823
8600.000000 -82.265495
8650.000000 -81.923111
8700.000000 -81.837532
8750.000000 -81.404709
8800.000000 -82.191833
8850.000000 -83.893623
8900.000000 -85.062592
8950.000000 -81.376709
9000.000000 -78.242867
9050.000000 -77.356453
9100.000000 -77.648727
9150.000000 -78.359489
9200.000000 -76.973030
9250.000000 -78.241783
9300.000000 -78.396873
9350.000000 -78.994408
9400.000000 -77.883400
9450.000000 -78.483261
9500.000000 -77.587273
9550.000000 -77.382889
9600.000000 -77.720810
9650.000000 -77.312576
9700.000000 -78.135277
9750.000000 -79.126442
9800.000000 -81.198402
9850.000000 -81.095558
9900.000000 -78.414520
9950.000000 -78.915680
10000.000000 -79.930840
10050.000000 -79.156456
10100.000000 -78.759201
10150.000000 -77.965851
10200.000000 -78.764915
10250.000000 -78.430000
10300.000000 -78.083038
10350.000000 -77.951180
10400.000000 -77.484482
10450.000000 -78.192131
10500.000000 -78.442177
10550.000000 -79.690926
10600.000000 -79.423920
10650.000000 -78.593025
10700.000000 -77.514297
10750.000000 -77.660873
10800.000000 -77.637611
10850.000000 -76.658882
10900.000000 -76.391495
10950.000000 -76.799850
11000.000000 -76.614784
11050.000000 -77.202393
11100.000000 -80.421738
11150.000000 -80.286446
11200.000000 -78.908661
11250.000000 -77.711639
11300.000000 -77.759636
11350.000000 -77.845055
11400.000000 -78.823746
11450.000000 -80.091408
11500.000000 -78.197517
11550.000000 -77.862648
11600.000000 -76.254364
11650.000000 -76.823723
11700.000000 -77.975288
11750.000000 -78.062866
11800.000000 -77.974243
11850.000000 -77.464661
11900.000000 -76.516617
11950.000000 -75.478088
12000.000000 -75.468651
12050.000000 -74.648804
12100.000000 -73.859756
12150.000000 -74.644508
12200.000000 -76.224274
12250.000000 -77.242821
12300.000000 -76.621971
12350.000000 -77.537224
12400.000000 -79.085785
12450.000000 -79.188988
12500.000000 -64.804153
12550.000000 -64.405357
12600.000000 -69.112053
12650.000000 -59.874344
12700.000000 -60.911968
12750.000000 -60.745754
12800.000000 -60.212788
12850.000000 -60.067860
12900.000000 -63.663876
12950.000000 -61.760899
13000.000000 -60.216866
13050.000000 -62.067352
13100.000000 -59.499657
13150.000000 -62.923199
13200.000000 -62.487118
13250.000000 -61.882187
13300.000000 -62.554085
13350.000000 -58.057880
13400.000000 -62.602058
13450.000000 -65.556870
13500.000000 -63.106411
13550.000000 -56.851349
13600.000000 -60.823654
13650.000000 -62.758141
13700.000000 -62.459106
13750.000000 -60.014992
13800.000000 -61.402832
13850.000000 -61.464737
13900.000000 -59.515186
13950.000000 -59.001842
14000.000000 -61.323288
14050.000000 -64.960403
14100.000000 -62.757591
14150.000000 -60.230053
14200.000000 -64.384254
14250.000000 -60.110172
14300.000000 -57.763832
14350.000000 -59.018166
14400.000000 -59.338509
14450.000000 -61.363514
14500.000000 -60.365292
14550.000000 -63.688759
14600.000000 -59.409416
14650.000000 -61.148335
14700.000000 -60.616314
14750.000000 -60.532066
14800.000000 -63.114567
14850.000000 -59.520954
14900.000000 -60.766285
14950.000000 -63.109825
15000.000000 -62.732868
15050.000000 -61.032932
15100.000000 -58.570843
15150.000000 -59.848255
15200.000000 -57.047142
15250.000000 -60.038788
15300.000000 -59.654041
15350.000000 -58.113377
15400.000000 -58.503536
15450.000000 -61.529930
15500.000000 -58.792778
15550.000000 -61.946457
15600.000000 -58.233452
15650.000000 -62.822834
15700.000000 -63.232212
15750.000000 -61.067631
15800.000000 -60.528824
15850.000000 -61.542900
15900.000000 -60.441235
15950.000000 -61.117683
16000.000000 -60.359211
16050.000000 -60.447243
16100.000000 -60.017910
16150.000000 -58.680134
16200.000000 -60.685596
16250.000000 -57.799767
16300.000000 -61.916080
16350.000000 -64.374382
16400.000000 -61.186234
16450.000000 -64.076256
16500.000000 -59.853077
16550.000000 -61.102470
16600.000000 -61.554474
16650.000000 -61.364906
16700.000000 -60.193386
16750.000000 -62.428024
16800.000000 -63.726536
16850.000000 -64.204765
16900.000000 -62.554264
16950.000000 -61.696213
17000.000000 -60.579113
17050.000000 -60.315258
17100.000000 -60.263054
17150.000000 -60.292198
17200.000000 -62.108986
17250.000000 -60.395477
17300.000000 -61.520134
17350.000000 -59.104290
17400.000000 -58.953888
17450.000000 -60.113392
17500.000000 -59.117569
17550.000000 -57.029705
17600.000000 -57.936638
17650.000000 -57.423775
17700.000000 -59.586422
17750.000000 -55.887054
17800.000000 -60.683224
17850.000000 -59.043175
17900.000000 -59.462078
17950.000000 -58.567360
18000.000000 -60.801247
18050.000000 -60.160381
18100.000000 -58.320835
18150.000000 -60.086044
18200.000000 -58.604183
18250.000000 -57.645088
18300.000000 -57.057148
18350.000000 -59.213284
18400.000000 -61.807449
18450.000000 -63.166889
18500.000000 -62.637539
18550.000000 -59.606285
18600.000000 -59.339230
18650.000000 -58.867840
18700.000000 -62.683086
18750.000000 -58.984142
18800.000000 -60.794125
18850.000000 -62.849472
18900.000000 -63.816971
18950.000000 -61.426071
19000.000000 -61.734966
19050.000000 -60.992573
19100.000000 -61.895531
19150.000000 -60.386604
19200.000000 -59.585289
19250.000000 -59.191032
19300.000000 -61.061939
19350.000000 -61.549709
19400.000000 -60.937622
19450.000000 -58.411541
19500.000000 -57.413040
19550.000000 -59.050182
19600.000000 -57.887447
19650.000000 -59.222607
19700.000000 -58.236694
19750.000000 -60.494804
19800.000000 -61.271427
19850.000000 -60.023624
19900.000000 -60.094883
19950.000000 -59.580608
20000.000000 -59.159817
20050.000000 -62.078625
20100.000000 -60.736515
20150.000000 -59.606030
20200.000000 -58.047073
20250.000000 -61.101723
20300.000000 -60.683014
20350.000000 -59.323906
20400.000000 -59.237530
20450.000000 -59.258556
20500.000000 -59.834072
20550.000000 -60.605934
20600.000000 -57.942703
20650.000000 -60.933933
20700.000000 -59.892124
20750.000000 -59.821075
20800.000000 -58.635277
20850.000000 -62.298065
20900.000000 -60.181469
20950.000000 -62.841942
21000.000000 -62.691936
21050.000000 -59.069927
21100.000000 -63.520767
21150.000000 -65.474831
21200.000000 -63.586411
21250.000000 -62.116253
21300.000000 -62.770962
21350.000000 -62.026756
21400.000000 -62.739044
21450.000000 -62.243156
21500.000000 -62.516994
21550.000000 -60.078014
21600.000000 -60.304272
21650.000000 -60.973869
21700.000000 -62.902809
21750.000000 -61.910873
21800.000000 -61.171055
21850.000000 -64.265198
21900.000000 -62.678936
21950.000000 -58.989094
22000.000000 -64.263680
22050.000000 -61.139263
22100.000000 -64.292091
22150.000000 -58.489712
22200.000000 -62.103413
22250.000000 -61.410313
22300.000000 -58.993225
22350.000000 -60.751675
22400.000000 -61.761711
22450.000000 -62.685974
22500.000000 -61.189579
22550.000000 -61.076630
22600.000000 -61.309410
22650.000000 -60.421593
22700.000000 -57.898262
22750.000000 -62.194733
22800.000000 -62.389549
22850.000000 -60.119438
22900.000000 -61.602627
22950.000000 -58.552872
23000.000000 -60.240540
23050.000000 -58.973415
23100.000000 -59.554504
23150.000000 -60.451557
23200.000000 -59.256973
23250.000000 -59.907322
23300.000000 -61.096153
23350.000000 -63.986237
23400.000000 -59.294407
23450.000000 -62.208221
23500.000000 -64.389961
23550.000000 -61.569218
23600.000000 -59.819519
23650.000000 -62.168324
23700.000000 -59.664234
23750.000000 -59.821987
23800.000000 -60.600960
23850.000000 -60.308662
23900.000000 -62.039986
23950.000000 -59.260868
24000.000000 -60.929802
24050.000000 -60.515877
24100.000000 -60.316219
24150.000000 -61.061489
24200.000000 -59.790752
24250.000000 -63.178349
24300.000000 -61.910213
24350.000000 -62.377689
24400.000000 -62.424698
24450.000000 -62.668839
24500.000000 -63.351086
24550.000000 -58.419048
24600.000000 -57.603447
24650.000000 -57.634380
24700.000000 -59.012840
24750.000000 -57.972664
24800.000000 -56.184204
24850.000000 -58.520958
24900.000000 -58.976242
24950.000000 -59.085659
25000.000000 -61.389915
25050.000000 -58.101868
25100.000000 -59.874344
25150.000000 -62.034622
25200.000000 -59.275364
25250.000000 -62.417690
25300.000000 -64.811081
25350.000000 -58.903160
25400.000000 -60.997772
25450.000000 -59.931355
25500.000000 -62.125729
25550.000000 -58.516823
25600.000000 -60.341686
25650.000000 -60.186886
25700.000000 -61.866070
25750.000000 -60.945007
25800.000000 -60.493683
25850.000000 -60.658817
25900.000000 -59.648056
25950.000000 -58.724537
26000.000000 -64.692657
26050.000000 -59.667679
26100.000000 -57.565514
26150.000000 -57.808727
26200.000000 -62.711109
26250.000000 -57.811813
26300.000000 -62.181942
26350.000000 -62.689587
26400.000000 -60.114201
26450.000000 -62.186375
26500.000000 -60.874954
26550.000000 -62.861622
26600.000000 -60.764694
26650.000000 -61.842934
26700.000000 -62.963558
26750.000000 -61.403767
26800.000000 -61.662766
26850.000000 -60.595707
26900.000000 -60.103596
26950.000000 -61.680115
27000.000000 -60.237408
27050.000000 -61.785606
27100.000000 -63.995888
27150.000000 -57.638519
27200.000000 -58.642757
27250.000000 -57.113525
27300.000000 -58.387070
27350.000000 -57.189430
27400.000000 -56.824364
27450.000000 -57.474361
27500.000000 -58.272686
27550.000000 -59.183311
27600.000000 -56.970783
27650.000000 -58.320946
27700.000000 -60.247082
27750.000000 -59.669716
27800.000000 -59.887543
27850.000000 -57.898991
27900.000000 -60.606503
27950.000000 -61.131561
28000.000000 -58.317558
28050.000000 -60.906967
28100.000000 -58.404808
28150.000000 -58.974361
28200.000000 -57.322887
28250.000000 -58.419601
28300.000000 -58.038506
28350.000000 -57.427025
28400.000000 -59.376911
28450.000000 -60.328323
28500.000000 -59.300762
28550.000000 -59.510300
28600.000000 -61.280182
28650.000000 -61.280178
28700.000000 -58.529678
28750.000000 -61.096756
28800.000000 -61.618420
28850.000000 -61.411560
28900.000000 -61.846867
28950.000000 -62.180920
29000.000000 -61.061787
29050.000000 -63.459755
29100.000000 -60.275627
29150.000000 -62.189102
29200.000000 -61.239880
29250.000000 -61.229645
29300.000000 -63.533298
29350.000000 -59.134109
29400.000000 -60.329838
29450.000000 -61.906746
29500.000000 -59.546326
29550.000000 -60.259502
29600.000000 -59.992451
29650.000000 -60.020966
29700.000000 -61.113159
29750.000000 -57.840294
29800.000000 -58.381126
29850.000000 -58.293354
29900.000000 -59.479038
29950.000000 -57.758202
30000.000000 -58.101120
30050.000000 -58.608589
30100.000000 -59.463200
30150.000000 -61.877743
30200.000000 -62.441006
30250.000000 -58.234531
30300.000000 -60.427299
30350.000000 -60.578548
30400.000000 -61.456738
30450.000000 -63.614296
30500.000000 -58.093243
30550.000000 -58.836834
30600.000000 -59.589706
30650.000000 -58.338768
30700.000000 -59.357079
30750.000000 -57.260300
30800.000000 -59.053749
30850.000000 -59.784153
30900.000000 -60.409496
30950.000000 -63.323059
31000.000000 -61.240799
31050.000000 -61.241714
31100.000000 -62.253124
31150.000000 -62.625156
31200.000000 -60.989006
31250.000000 -60.481907
31300.000000 -61.273884
31350.000000 -61.906609
31400.000000 -61.891079
31450.000000 -62.692478
31500.000000 -61.368629
31550.000000 -62.126404
31600.000000 -61.068081
31650.000000 -60.385078
31700.000000 -62.458576
31750.000000 -61.689770
31800.000000 -62.873795
31850.000000 -60.605221
31900.000000 -62.944748
31950.000000 -60.186344
32000.000000 -59.564964
32050.000000 -63.009167
32100.000000 -60.087784
32150.000000 -61.164536
32200.000000 -61.409065
32250.000000 -61.833763
32300.000000 -60.985889
32350.000000 -57.133514
32400.000000 -58.447403
32450.000000 -58.970001
32500.000000 -63.304428
32550.000000 -60.635258
32600.000000 -60.684464
32650.000000 -63.065762
32700.000000 -61.009525
32750.000000 -63.311020
32800.000000 -62.029766
32850.000000 -64.145401
32900.000000 -62.610287
32950.000000 -59.065758
33000.000000 -62.807987
33050.000000 -61.450630
33100.000000 -60.947372
33150.000000 -57.841530
33200.000000 -59.381851
33250.000000 -58.501972
33300.000000 -63.753445
33350.000000 -64.610237
33400.000000 -61.106834
33450.000000 -62.463680
33500.000000 -58.914150
33550.000000 -63.108307
33600.000000 -60.374279
33650.000000 -60.856503
33700.000000 -62.927097
33750.000000 -58.031319
33800.000000 -56.678566
33850.000000 -56.252983
33900.000000 -60.477703
33950.000000 -66.443726
34000.000000 -62.497890
34050.000000 -60.520096
34100.000000 -61.405479
34150.000000 -61.066280
34200.000000 -62.614048
34250.000000 -63.993790
34300.000000 -57.243397
34350.000000 -60.917862
34400.000000 -61.660198
34450.000000 -59.877087
34500.000000 -62.624622
34550.000000 -58.573315
34600.000000 -61.722515
34650.000000 -59.701805
34700.000000 -58.389488
34750.000000 -58.040409
34800.000000 -58.458138
34850.000000 -56.638424
34900.000000 -56.263062
34950.000000 -58.628372
35000.000000 -56.887581
35050.000000 -56.976673
35100.000000 -58.883095
35150.000000 -57.510113
35200.000000 -58.481918
35250.000000 -57.768955
35300.000000 -58.223831
35350.000000 -61.417175
35400.000000 -59.029297
35450.000000 -60.402416
35500.000000 -57.771111
35550.000000 -58.452812
35600.000000 -57.760349
35650.000000 -56.030121
35700.000000 -57.677486
35750.000000 -57.368679
35800.000000 -56.606533
35850.000000 -58.943558
35900.000000 -54.586613
35950.000000 -56.496384
36000.000000 -55.438099
36050.000000 -55.595985
36100.000000 -55.476513
36150.000000 -55.636066
36200.000000 -55.607807
36250.000000 -54.937050
36300.000000 -53.973507
36350.000000 -54.511265
36400.000000 -55.825775
36450.000000 -54.578796
36500.000000 -54.259068
36550.000000 -54.600052
36600.000000 -54.799046
36650.000000 -55.583061
36700.000000 -57.074448
36750.000000 -57.019920
36800.000000 -55.587925
36850.000000 -55.629025
36900.000000 -53.957626
36950.000000 -55.539810
37000.000000 -53.951481
37050.000000 -55.847607
37100.000000 -55.196991
37150.000000 -53.969597
37200.000000 -53.924770
37250.000000 -53.922070
37300.000000 -56.646797
37350.000000 -53.960537
37400.000000 -54.296581
37450.000000 -56.707096
37500.000000 -55.284725
37550.000000 -54.012424
37600.000000 -54.011799
37650.000000 -54.569996
37700.000000 -53.939533
37750.000000 -55.313808
37800.000000 -54.222393
37850.000000 -53.961525
37900.000000 -55.188988
37950.000000 -55.330288
38000.000000 -53.957363
38050.000000 -53.946793
38100.000000 -53.967152
38150.000000 -53.973835
38200.000000 -58.261944
38250.000000 -53.950489
38300.000000 -54.045055
38350.000000 -55.519871
38400.000000 -53.937489
38450.000000 -54.367252
38500.000000 -53.939598
38550.000000 -54.148632
38600.000000 -53.965233
38650.000000 -53.971851
38700.000000 -58.325100
38750.000000 -53.932014
38800.000000 -53.942635
38850.000000 -55.693031
38900.000000 -54.360531
38950.000000 -53.977680
39000.000000 -58.384708
39050.000000 -53.977146
39100.000000 -53.931160
39150.000000 -53.930172
39200.000000 -58.451591
39250.000000 -59.933659
39300.000000 -54.108185
39350.000000 -53.936962
39400.000000 -54.552353
39450.000000 -57.473076
39500.000000 -56.320919
39550.000000 -54.454235
39600.000000 -54.833344
39650.000000 -57.289936
39700.000000 -55.143360
39750.000000 -54.488598
39800.000000 -55.473526
39850.000000 -60.365578
39900.000000 -65.356422
39950.000000 -58.343151
40000.000000 -54.660912
