0.000000 -73.902344
50.000000 -74.410881
100.000000 -74.471680
150.000000 -74.263107
200.000000 -75.271873
250.000000 -76.327866
300.000000 -75.483604
350.000000 -75.337486
400.000000 -75.164879
450.000000 -75.205231
500.000000 -75.690941
550.000000 -76.213127
600.000000 -77.273750
650.000000 -75.930664
700.000000 -71.577232
750.000000 -66.509659
800.000000 -62.553402
850.000000 -60.258820
900.000000 -58.424355
950.000000 -57.083443
1000.000000 -55.762077
1050.000000 -54.600838
1100.000000 -54.159653
1150.000000 -54.620861
1200.000000 -54.509140
1250.000000 -55.006584
1300.000000 -56.385105
1350.000000 -57.203541
1400.000000 -59.133030
1450.000000 -61.200542
1500.000000 -63.892578
1550.000000 -65.344627
1600.000000 -65.452957
1650.000000 -62.338223
1700.000000 -59.738506
1750.000000 -56.986317
1800.000000 -54.316467
1850.000000 -56.027435
1900.000000 -56.952660
1950.000000 -58.221130
2000.000000 -60.286308
2050.000000 -63.656395
2100.000000 -63.662655
2150.000000 -62.351414
2200.000000 -60.671265
2250.000000 -58.661030
2300.000000 -56.640682
2350.000000 -54.995033
2400.000000 -53.978870
2450.000000 -53.971783
2500.000000 -53.944351
2550.000000 -53.954784
2600.000000 -53.953991
2650.000000 -53.914436
2700.000000 -53.970924
2750.000000 -54.103271
2800.000000 -56.240849
2850.000000 -58.539539
2900.000000 -60.804878
2950.000000 -65.304993
3000.000000 -65.442039
3050.000000 -61.555733
3100.000000 -58.315926
3150.000000 -57.020767
3200.000000 -54.216747
3250.000000 -53.971851
3300.000000 -54.545490
3350.000000 -55.323627
3400.000000 -57.069340
3450.000000 -60.034660
3500.000000 -61.976025
3550.000000 -60.427162
3600.000000 -60.786865
3650.000000 -57.582451
3700.000000 -55.114887
3750.000000 -55.271809
3800.000000 -55.360683
3850.000000 -54.444302
3900.000000 -55.381454
3950.000000 -54.487473
4000.000000 -55.193863
4050.000000 -55.973328
4100.000000 -56.460873
4150.000000 -54.985653
4200.000000 -55.075703
4250.000000 -53.937950
4300.000000 -54.851055
4350.000000 -56.518116
4400.000000 -56.724258
4450.000000 -57.868244
4500.000000 -55.817421
4550.000000 -54.959946
4600.000000 -53.970856
4650.000000 -53.969997
4700.000000 -54.164253
4750.000000 -55.290119
4800.000000 -59.175232
4850.000000 -63.121586
4900.000000 -64.312317
4950.000000 -60.610340
5000.000000 -56.829239
5050.000000 -54.718803
5100.000000 -54.408787
5150.000000 -56.035408
5200.000000 -59.433350
5250.000000 -65.714592
5300.000000 -64.567757
5350.000000 -59.017216
5400.000000 -55.786930
5450.000000 -54.257423
5500.000000 -53.962784
5550.000000 -54.627716
5600.000000 -54.643650
5650.000000 -54.944897
5700.000000 -55.061279
5750.000000 -54.217079
5800.000000 -53.974766
5850.000000 -53.964767
5900.000000 -54.488808
5950.000000 -55.874187
6000.000000 -56.200706
6050.000000 -57.879761
6100.000000 -56.630955
6150.000000 -56.285511
6200.000000 -54.911560
6250.000000 -54.200817
6300.000000 -54.675114
6350.000000 -54.365864
6400.000000 -56.210381
6450.000000 -56.208927
6500.000000 -53.972313
6550.000000 -53.979202
6600.000000 -53.968475
6650.000000 -53.947586
6700.000000 -54.937050
6750.000000 -54.980072
6800.000000 -55.688995
6850.000000 -54.239925
6900.000000 -53.962322
6950.000000 -53.962387
7000.000000 -53.977413
7050.000000 -55.424080
7100.000000 -55.551792
7150.000000 -55.307861
7200.000000 -54.055210
7250.000000 -53.957756
7300.000000 -53.960140
7350.000000 -54.351810
7400.000000 -56.909279
7450.000000 -59.471928
7500.000000 -58.114231
7550.000000 -55.449711
7600.000000 -54.867188
7650.000000 -54.623932
7700.000000 -54.216057
7750.000000 -54.490635
7800.000000 -56.136097
7850.000000 -55.571590
7900.000000 -55.061131
7950.000000 -55.963245
8000.000000 -56.997097
8050.000000 -55.356182
8100.000000 -53.969730
8150.000000 -53.975163
8200.000000 -54.370579
8250.000000 -55.106377
8300.000000 -55.696423
8350.000000 -56.239559
8400.000000 -56.252380
8450.000000 -54.264885
8500.000000 -54.071270
8550.000000 -54.994659
8600.000000 -58.567585
8650.000000 -61.146519
8700.000000 -60.922428
8750.000000 -55.655415
8800.000000 -53.986626
8850.000000 -53.970261
8900.000000 -57.409801
8950.000000 -61.146519
9000.000000 -58.791973
9050.000000 -55.720276
9100.000000 -53.973175
9150.000000 -53.978539
9200.000000 -53.973240
9250.000000 -55.646339
9300.000000 -56.248074
9350.000000 -54.638287
9400.000000 -53.953594
9450.000000 -53.958420
9500.000000 -54.936398
9550.000000 -56.822067
9600.000000 -57.295563
9650.000000 -56.531357
9700.000000 -56.337509
9750.000000 -53.945999
9800.000000 -57.529438
9850.000000 -55.468487
9900.000000 -56.589241
9950.000000 -59.711414
10000.000000 -55.297985
10050.000000 -53.944942
10100.000000 -54.033379
10150.000000 -54.910088
10200.000000 -57.355179
10250.000000 -61.887455
10300.000000 -58.251747
10350.000000 -55.775841
10400.000000 -53.976223
10450.000000 -54.583271
10500.000000 -57.630142
10550.000000 -61.909225
10600.000000 -58.720989
10650.000000 -55.623005
10700.000000 -53.978939
10750.000000 -53.971321
10800.000000 -55.999294
10850.000000 -58.074535
10900.000000 -56.640675
10950.000000 -55.858871
11000.000000 -55.279644
11050.000000 -55.642242
11100.000000 -56.546391
11150.000000 -55.655415
11200.000000 -55.537193
11250.000000 -53.958817
11300.000000 -53.943756
11350.000000 -53.947189
11400.000000 -56.342899
11450.000000 -58.794277
11500.000000 -59.473049
11550.000000 -57.532330
11600.000000 -55.215000
11650.000000 -53.967812
11700.000000 -54.843803
11750.000000 -54.283600
11800.000000 -57.481300
11850.000000 -57.836159
11900.000000 -56.513592
11950.000000 -55.247456
12000.000000 -55.052879
12050.000000 -54.433819
12100.000000 -55.031235
12150.000000 -56.056595
12200.000000 -56.870831
12250.000000 -55.675934
12300.000000 -54.433609
12350.000000 -56.053566
12400.000000 -55.213474
12450.000000 -58.267151
12500.000000 -54.087761
12550.000000 -53.964836
12600.000000 -54.800140
12650.000000 -57.842567
12700.000000 -59.689133
12750.000000 -55.255356
12800.000000 -53.976685
12850.000000 -54.182209
12900.000000 -55.756630
12950.000000 -60.929062
13000.000000 -59.989273
13050.000000 -56.112240
13100.000000 -53.969334
13150.000000 -53.921940
13200.000000 -53.952671
13250.000000 -55.117683
13300.000000 -56.347771
13350.000000 -59.135189
13400.000000 -55.843746
13450.000000 -55.349762
13500.000000 -54.363094
13550.000000 -53.943558
13600.000000 -55.098965
13650.000000 -55.853203
13700.000000 -57.767933
13750.000000 -60.332180
13800.000000 -56.401379
13850.000000 -53.976421
13900.000000 -54.295483
13950.000000 -55.875095
14000.000000 -57.347557
14050.000000 -55.324635
14100.000000 -54.195244
14150.000000 -53.960270
14200.000000 -54.179161
14250.000000 -56.449505
14300.000000 -56.592731
14350.000000 -55.261421
14400.000000 -53.916542
14450.000000 -53.967350
14500.000000 -56.562344
14550.000000 -57.364277
14600.000000 -55.410473
14650.000000 -53.942898
14700.000000 -54.012665
14750.000000 -57.382404
14800.000000 -62.528889
14850.000000 -60.114067
14900.000000 -55.295670
14950.000000 -53.969269
15000.000000 -53.958420
15050.000000 -54.354370
15100.000000 -54.414639
15150.000000 -56.354652
15200.000000 -55.588882
15250.000000 -55.530300
15300.000000 -55.737377
15350.000000 -53.977348
15400.000000 -54.981709
15450.000000 -54.970856
15500.000000 -56.547100
15550.000000 -61.521873
15600.000000 -60.118500
15650.000000 -55.864475
15700.000000 -54.614727
15750.000000 -54.253731
15800.000000 -56.115036
15850.000000 -55.515102
15900.000000 -55.664341
15950.000000 -53.974167
16000.000000 -53.967945
16050.000000 -56.501114
16100.000000 -58.950951
16150.000000 -57.771111
16200.000000 -54.413177
16250.000000 -54.498863
16300.000000 -55.274952
16350.000000 -58.368595
16400.000000 -57.134655
16450.000000 -55.251442
16500.000000 -57.744186
16550.000000 -55.846291
16600.000000 -58.896984
16650.000000 -60.162003
16700.000000 -58.055759
16750.000000 -55.934151
16800.000000 -54.531925
16850.000000 -54.464390
16900.000000 -56.100670
16950.000000 -57.312084
17000.000000 -56.315453
17050.000000 -54.350914
17100.000000 -57.873741
17150.000000 -57.528835
17200.000000 -55.202175
17250.000000 -56.283253
17300.000000 -55.108318
17350.000000 -57.575130
17400.000000 -56.819218
17450.000000 -55.923203
17500.000000 -54.304489
17550.000000 -53.925495
17600.000000 -54.915176
17650.000000 -58.380245
17700.000000 -56.025841
17750.000000 -54.653603
17800.000000 -53.944942
17850.000000 -53.963181
17900.000000 -54.628429
17950.000000 -58.698826
18000.000000 -53.954189
18050.000000 -53.923122
18100.000000 -54.093868
18150.000000 -55.732754
18200.000000 -55.774620
18250.000000 -54.223278
18300.000000 -54.897701
18350.000000 -55.474232
18400.000000 -57.863476
18450.000000 -56.922943
18500.000000 -56.596313
18550.000000 -56.776043
18600.000000 -55.820858
18650.000000 -55.817829
18700.000000 -54.557949
18750.000000 -57.969833
18800.000000 -54.077511
18850.000000 -53.949169
18900.000000 -56.139225
18950.000000 -57.971195
19000.000000 -53.955643
19050.000000 -57.350197
19100.000000 -55.844978
19150.000000 -55.870728
19200.000000 -58.577366
19250.000000 -56.163815
19300.000000 -54.340683
19350.000000 -54.680210
19400.000000 -55.013897
19450.000000 -57.946991
19500.000000 -58.954124
19550.000000 -55.790195
19600.000000 -53.979401
19650.000000 -54.234737
19700.000000 -57.173050
19750.000000 -59.453487
19800.000000 -56.070747
19850.000000 -53.987686
19900.000000 -54.185127
19950.000000 -55.386517
20000.000000 -55.772907
20050.000000 -55.216377
20100.000000 -53.933731
20150.000000 -53.927208
20200.000000 -55.295284
20250.000000 -57.494999
20300.000000 -58.858189
20350.000000 -54.988182
20400.000000 -54.888573
20450.000000 -54.787983
20500.000000 -54.564751
20550.000000 -54.657112
20600.000000 -55.448456
20650.000000 -54.264404
20700.000000 -55.194626
20750.000000 -55.893082
20800.000000 -55.148335
20850.000000 -54.694519
20900.000000 -54.545773
20950.000000 -56.428837
21000.000000 -58.990509
21050.000000 -55.239101
21100.000000 -54.029842
21150.000000 -54.450035
21200.000000 -56.569664
21250.000000 -61.228119
21300.000000 -60.185532
21350.000000 -56.079773
21400.000000 -54.241974
21450.000000 -54.696102
21500.000000 -56.117348
21550.000000 -55.868172
21600.000000 -54.791477
21650.000000 -55.002411
21700.000000 -53.947517
21750.000000 -53.947319
21800.000000 -55.078033
21850.000000 -54.588032
21900.000000 -55.545681
21950.000000 -54.666286
22000.000000 -54.441853
22050.000000 -54.447029
22100.000000 -54.673676
22150.000000 -53.953861
22200.000000 -53.943096
22250.000000 -55.245537
22300.000000 -55.233509
22350.000000 -55.242626
22400.000000 -56.625740
22450.000000 -57.610088
22500.000000 -57.672619
22550.000000 -55.816116
22600.000000 -54.477150
22650.000000 -53.964569
22700.000000 -53.966885
22750.000000 -54.383411
22800.000000 -53.950687
22850.000000 -55.006512
22900.000000 -55.031532
22950.000000 -55.139698
23000.000000 -53.968143
23050.000000 -53.938675
23100.000000 -53.940788
23150.000000 -53.920887
23200.000000 -54.176243
23250.000000 -55.329662
23300.000000 -56.349773
23350.000000 -57.209881
23400.000000 -54.336124
23450.000000 -55.740543
23500.000000 -53.952538
23550.000000 -53.946594
23600.000000 -53.959873
23650.000000 -54.913185
23700.000000 -56.920986
23750.000000 -61.044731
23800.000000 -63.493576
23850.000000 -63.771637
23900.000000 -59.346985
23950.000000 -57.586163
24000.000000 -54.831078
24050.000000 -54.922127
24100.000000 -54.176922
24150.000000 -53.962719
24200.000000 -53.969398
24250.000000 -55.176353
24300.000000 -55.235882
24350.000000 -55.934235
24400.000000 -56.758411
24450.000000 -55.875755
24500.000000 -55.468094
24550.000000 -54.472382
24600.000000 -54.464951
24650.000000 -53.950489
24700.000000 -53.963840
24750.000000 -53.961594
24800.000000 -53.978275
24850.000000 -53.969864
24900.000000 -54.747131
24950.000000 -54.497524
25000.000000 -55.019947
25050.000000 -55.100323
25100.000000 -54.928696
25150.000000 -54.123734
25200.000000 -54.128651
25250.000000 -54.477783
25300.000000 -54.453884
25350.000000 -53.962387
25400.000000 -53.962124
25450.000000 -53.947056
25500.000000 -53.921673
25550.000000 -53.974037
25600.000000 -54.028179
25650.000000 -55.394859
25700.000000 -56.892212
25750.000000 -58.473019
25800.000000 -59.943989
25850.000000 -60.473083
25900.000000 -62.041664
25950.000000 -60.531361
26000.000000 -59.368774
26050.000000 -59.063381
26100.000000 -57.757381
26150.000000 -56.417160
26200.000000 -55.618523
26250.000000 -54.736134
26300.000000 -54.871006
26350.000000 -54.069527
26400.000000 -54.427120
26450.000000 -55.330902
26500.000000 -56.176777
26550.000000 -57.905964
26600.000000 -58.424244
26650.000000 -61.174999
26700.000000 -63.307335
26750.000000 -63.508450
26800.000000 -68.684570
26850.000000 -69.304520
26900.000000 -66.658707
26950.000000 -64.336960
27000.000000 -61.772270
27050.000000 -60.321720
27100.000000 -58.803974
27150.000000 -57.575031
27200.000000 -56.607697
27250.000000 -55.591835
27300.000000 -54.714764
27350.000000 -54.020916
27400.000000 -53.970127
27450.000000 -53.951481
27500.000000 -53.962719
27550.000000 -53.979401
27600.000000 -53.979401
27650.000000 -53.979401
27700.000000 -53.979401
27750.000000 -53.968540
27800.000000 -53.963909
27850.000000 -53.947914
27900.000000 -53.979401
27950.000000 -53.977280
28000.000000 -54.004818
28050.000000 -54.370579
28100.000000 -55.051678
28150.000000 -55.605087
28200.000000 -56.131577
28250.000000 -56.555389
28300.000000 -56.834209
28350.000000 -57.255371
28400.000000 -57.393875
28450.000000 -57.414421
28500.000000 -57.333702
28550.000000 -56.524509
28600.000000 -56.714993
28650.000000 -56.749020
28700.000000 -55.921543
28750.000000 -55.415016
28800.000000 -55.116173
28850.000000 -54.599625
28900.000000 -54.429840
28950.000000 -54.022850
29000.000000 -53.976421
29050.000000 -53.973507
29100.000000 -53.952869
29150.000000 -55.030411
29200.000000 -53.955513
29250.000000 -53.979401
29300.000000 -53.979401
29350.000000 -53.979401
29400.000000 -53.979401
29450.000000 -53.979401
29500.000000 -53.979401
29550.000000 -53.979401
29600.000000 -53.979401
29650.000000 -53.979004
29700.000000 -53.972977
29750.000000 -53.972446
29800.000000 -53.972248
29850.000000 -53.972710
29900.000000 -54.009739
29950.000000 -54.064507
30000.000000 -54.076828
30050.000000 -54.041248
30100.000000 -54.158367
30150.000000 -54.437801
30200.000000 -54.411018
30250.000000 -54.481361
30300.000000 -54.835098
30350.000000 -54.694016
30400.000000 -54.695885
30450.000000 -54.785950
30500.000000 -54.988033
30550.000000 -55.033627
30600.000000 -55.244080
30650.000000 -55.181149
30700.000000 -55.114735
30750.000000 -55.417274
30800.000000 -55.637112
30850.000000 -55.541714
30900.000000 -55.823154
30950.000000 -55.782116
31000.000000 -55.973328
31050.000000 -56.124195
31100.000000 -56.115459
31150.000000 -56.150276
31200.000000 -56.367725
31250.000000 -56.440174
31300.000000 -56.338985
31350.000000 -56.603661
31400.000000 -56.588165
31450.000000 -56.820873
31500.000000 -57.108490
31550.000000 -57.235683
31600.000000 -57.340725
31650.000000 -57.360657
31700.000000 -57.391125
31750.000000 -57.678905
31800.000000 -57.811092
31850.000000 -57.941132
31900.000000 -58.069225
31950.000000 -58.023293
32000.000000 -58.195141
32050.000000 -58.347202
32100.000000 -58.422367
32150.000000 -58.550518
32200.000000 -58.617062
32250.000000 -58.603733
32300.000000 -58.590202
32350.000000 -58.850407
32400.000000 -59.013073
32450.000000 -58.887524
32500.000000 -59.251259
32550.000000 -59.289276
32600.000000 -59.232796
32650.000000 -59.545570
32700.000000 -59.719879
32750.000000 -59.777306
32800.000000 -59.722187
32850.000000 -59.599194
32900.000000 -59.868729
32950.000000 -59.886631
33000.000000 -60.106548
33050.000000 -60.017780
33100.000000 -60.001858
33150.000000 -60.424377
33200.000000 -60.403664
33250.000000 -60.611763
33300.000000 -60.529388
33350.000000 -60.688175
33400.000000 -60.857525
33450.000000 -60.760063
33500.000000 -61.016228
33550.000000 -61.144100
33600.000000 -61.238506
33650.000000 -61.254734
33700.000000 -61.491291
33750.000000 -61.582409
33800.000000 -61.675453
33850.000000 -61.927406
33900.000000 -61.877087
33950.000000 -61.878567
34000.000000 -62.013710
34050.000000 -62.303421
34100.000000 -62.397579
34150.000000 -62.502132
34200.000000 -62.593658
34250.000000 -62.706223
34300.000000 -62.860519
34350.000000 -62.895962
34400.000000 -63.023235
34450.000000 -63.058407
34500.000000 -63.119877
34550.000000 -63.314514
34600.000000 -63.462124
34650.000000 -63.778187
34700.000000 -63.770817
34750.000000 -64.080276
34800.000000 -64.089828
34850.000000 -64.206490
34900.000000 -63.969475
34950.000000 -64.119591
35000.000000 -63.996517
35050.000000 -64.360573
35100.000000 -64.465652
35150.000000 -64.652031
35200.000000 -64.621513
35250.000000 -64.721138
35300.000000 -64.782059
35350.000000 -65.022087
35400.000000 -64.839485
35450.000000 -65.033203
35500.000000 -65.130508
35550.000000 -65.147034
35600.000000 -65.032494
35650.000000 -65.289879
35700.000000 -65.361076
35750.000000 -65.252670
35800.000000 -65.540298
35850.000000 -65.296700
35900.000000 -65.678841
35950.000000 -65.823257
36000.000000 -65.689812
36050.000000 -65.521004
36100.000000 -65.802811
36150.000000 -66.030678
36200.000000 -66.124603
36250.000000 -66.229042
36300.000000 -66.522842
36350.000000 -66.496765
36400.000000 -66.533806
36450.000000 -66.728310
36500.000000 -66.796448
36550.000000 -67.174385
36600.000000 -66.985725
36650.000000 -66.985428
36700.000000 -66.991356
36750.000000 -67.291107
36800.000000 -67.287735
36850.000000 -67.636307
36900.000000 -67.561920
36950.000000 -67.761398
37000.000000 -67.680801
37050.000000 -67.582199
37100.000000 -67.673424
37150.000000 -67.755241
37200.000000 -67.955292
37250.000000 -68.416435
37300.000000 -68.518318
37350.000000 -68.732613
37400.000000 -68.994423
37450.000000 -69.284790
37500.000000 -69.306046
37550.000000 -69.797150
37600.000000 -69.556488
37650.000000 -69.751823
37700.000000 -69.582809
37750.000000 -69.442543
37800.000000 -69.635696
37850.000000 -69.703079
37900.000000 -69.727013
37950.000000 -69.959984
38000.000000 -70.125084
38050.000000 -70.004318
38100.000000 -70.053101
38150.000000 -70.077171
38200.000000 -69.934990
38250.000000 -69.859604
38300.000000 -69.972931
38350.000000 -70.175400
38400.000000 -70.613953
38450.000000 -70.727600
38500.000000 -70.729874
38550.000000 -70.636024
38600.000000 -70.728508
38650.000000 -71.351021
38700.000000 -71.048363
38750.000000 -71.047890
38800.000000 -70.928139
38850.000000 -70.827980
38900.000000 -71.173630
38950.000000 -70.958511
39000.000000 -71.403572
39050.000000 -71.577721
39100.000000 -71.732895
39150.000000 -71.912804
39200.000000 -71.798637
39250.000000 -71.387329
39300.000000 -71.286621
39350.000000 -71.671204
39400.000000 -71.565666
39450.000000 -71.510132
39500.000000 -71.729309
39550.000000 -72.204964
39600.000000 -72.468781
39650.000000 -73.021156
39700.000000 -72.290192
39750.000000 -72.885132
39800.000000 -73.043732
39850.000000 -73.273445
39900.000000 -73.676086
39950.000000 -73.991470
40000.000000 -73.999435
