0.000000 -83.872894
50.000000 -86.735229
100.000000 -87.193184
150.000000 -87.619095
200.000000 -88.308495
250.000000 -86.552956
300.000000 -85.361816
350.000000 -86.810379
400.000000 -87.075661
450.000000 -86.427055
500.000000 -86.097290
550.000000 -86.371674
600.000000 -91.948410
650.000000 -91.219345
700.000000 -87.039818
750.000000 -88.830978
800.000000 -87.300018
850.000000 -76.586113
900.000000 -68.553017
950.000000 -64.491844
1000.000000 -61.769184
1050.000000 -59.510052
1100.000000 -57.552902
1150.000000 -56.371216
1200.000000 -55.384804
1250.000000 -53.977016
1300.000000 -53.974895
1350.000000 -53.979401
1400.000000 -53.972580
1450.000000 -54.093334
1500.000000 -54.877323
1550.000000 -55.586571
1600.000000 -56.834393
1650.000000 -57.784145
1700.000000 -58.814140
1750.000000 -60.717072
1800.000000 -61.866737
1850.000000 -63.756100
1900.000000 -64.589981
1950.000000 -63.445557
2000.000000 -61.676613
2050.000000 -60.440674
2100.000000 -58.316360
2150.000000 -56.574936
2200.000000 -56.639954
2250.000000 -55.603970
2300.000000 -55.195999
2350.000000 -54.521404
2400.000000 -53.978207
2450.000000 -54.453537
2500.000000 -54.217693
2550.000000 -54.290192
2600.000000 -53.951744
2650.000000 -53.932674
2700.000000 -53.946659
2750.000000 -53.944878
2800.000000 -53.963909
2850.000000 -53.968540
2900.000000 -53.968407
2950.000000 -53.969532
3000.000000 -53.975491
3050.000000 -54.739246
3100.000000 -54.786022
3150.000000 -54.325706
3200.000000 -54.988407
3250.000000 -55.512650
3300.000000 -54.984238
3350.000000 -54.942974
3400.000000 -54.737438
3450.000000 -53.978142
3500.000000 -53.948246
3550.000000 -53.948311
3600.000000 -53.946991
3650.000000 -53.933533
3700.000000 -53.923584
3750.000000 -53.937424
3800.000000 -53.971916
3850.000000 -53.976089
3900.000000 -55.034077
3950.000000 -56.141346
4000.000000 -57.559006
4050.000000 -58.473244
4100.000000 -59.498905
4150.000000 -61.424198
4200.000000 -62.547153
4250.000000 -61.835072
4300.000000 -61.058193
4350.000000 -59.788422
4400.000000 -58.521626
4450.000000 -56.697937
4500.000000 -55.640400
4550.000000 -54.386467
4600.000000 -54.307102
4650.000000 -54.256535
4700.000000 -55.074200
4750.000000 -55.903168
4800.000000 -57.330875
4850.000000 -58.600010
4900.000000 -59.757946
4950.000000 -60.520378
5000.000000 -60.435795
5050.000000 -61.673363
5100.000000 -60.721382
5150.000000 -59.200336
5200.000000 -57.987789
5250.000000 -56.516872
5300.000000 -55.269798
5350.000000 -54.515694
5400.000000 -54.571346
5450.000000 -54.525566
5500.000000 -55.595264
5550.000000 -56.140835
5600.000000 -57.144001
5650.000000 -58.242104
5700.000000 -57.617844
5750.000000 -57.185883
5800.000000 -56.827583
5850.000000 -55.971584
5900.000000 -54.610451
5950.000000 -55.019497
6000.000000 -55.108475
6050.000000 -54.151199
6100.000000 -53.972645
6150.000000 -54.558231
6200.000000 -54.226551
6250.000000 -54.388065
6300.000000 -54.217762
6350.000000 -54.873428
6400.000000 -54.666718
6450.000000 -55.512253
6500.000000 -55.749882
6550.000000 -54.859779
6600.000000 -55.031681
6650.000000 -53.958683
6700.000000 -53.945869
6750.000000 -53.952999
6800.000000 -53.941315
6850.000000 -53.939335
6900.000000 -53.961262
6950.000000 -53.971916
7000.000000 -53.973637
7050.000000 -54.925663
7100.000000 -56.323002
7150.000000 -56.419617
7200.000000 -55.810463
7250.000000 -55.887714
7300.000000 -54.969223
7350.000000 -54.682079
7400.000000 -53.967945
7450.000000 -53.979004
7500.000000 -53.979401
7550.000000 -53.971916
7600.000000 -53.943031
7650.000000 -53.971584
7700.000000 -54.080917
7750.000000 -55.482658
7800.000000 -56.777966
7850.000000 -58.430767
7900.000000 -60.167675
7950.000000 -62.683086
8000.000000 -66.454308
8050.000000 -64.191872
8100.000000 -62.101555
8150.000000 -60.466801
8200.000000 -59.045818
8250.000000 -57.550903
8300.000000 -55.855907
8350.000000 -54.769024
8400.000000 -53.977810
8450.000000 -53.979668
8500.000000 -53.970989
8550.000000 -53.978207
8600.000000 -54.929138
8650.000000 -55.266109
8700.000000 -56.157253
8750.000000 -56.690331
8800.000000 -56.940350
8850.000000 -57.247162
8900.000000 -56.920338
8950.000000 -57.212383
9000.000000 -55.880291
9050.000000 -55.674324
9100.000000 -55.343300
9150.000000 -54.237125
9200.000000 -53.964966
9250.000000 -54.683445
9300.000000 -54.299057
9350.000000 -54.969967
9400.000000 -55.618122
9450.000000 -56.823814
9500.000000 -58.254238
9550.000000 -59.839405
9600.000000 -61.520607
9650.000000 -62.936939
9700.000000 -62.245216
9750.000000 -63.019104
9800.000000 -61.141682
9850.000000 -59.463200
9900.000000 -57.825420
9950.000000 -56.461845
10000.000000 -55.148106
10050.000000 -53.973835
10100.000000 -53.958023
10150.000000 -53.924374
10200.000000 -53.957890
10250.000000 -53.956635
10300.000000 -53.967281
10350.000000 -53.999172
10400.000000 -54.314056
10450.000000 -56.891102
10500.000000 -57.195187
10550.000000 -54.631001
10600.000000 -59.057793
10650.000000 -58.503868
10700.000000 -56.221272
10750.000000 -56.111057
10800.000000 -53.961857
10850.000000 -53.956703
10900.000000 -53.963314
10950.000000 -53.967682
11000.000000 -53.916740
11050.000000 -53.955246
11100.000000 -53.972050
11150.000000 -54.277840
11200.000000 -55.361309
11250.000000 -56.276863
11300.000000 -57.982117
11350.000000 -59.696167
11400.000000 -60.799500
11450.000000 -62.650837
11500.000000 -65.274529
11550.000000 -65.931992
11600.000000 -64.927849
11650.000000 -62.085026
11700.000000 -59.958088
11750.000000 -58.249794
11800.000000 -56.882763
11850.000000 -55.421967
11900.000000 -54.330669
11950.000000 -53.978474
12000.000000 -53.979401
12050.000000 -53.967216
12100.000000 -53.935841
12150.000000 -53.960800
12200.000000 -53.937553
12250.000000 -53.966686
12300.000000 -53.961460
12350.000000 -54.160397
12400.000000 -55.847687
12450.000000 -54.677124
12500.000000 -54.656322
12550.000000 -54.594006
12600.000000 -55.715176
12650.000000 -55.920055
12700.000000 -54.807209
12750.000000 -54.898438
12800.000000 -54.166557
12850.000000 -53.946793
12900.000000 -53.939995
12950.000000 -53.896893
13000.000000 -53.948971
13050.000000 -53.953266
13100.000000 -53.970592
13150.000000 -54.449337
13200.000000 -55.033188
13250.000000 -55.955421
13300.000000 -57.489441
13350.000000 -58.546253
13400.000000 -60.756012
13450.000000 -61.054302
13500.000000 -61.664047
13550.000000 -61.633442
13600.000000 -60.548283
13650.000000 -59.236557
13700.000000 -57.966476
13750.000000 -57.312958
13800.000000 -56.331089
13850.000000 -55.174301
13900.000000 -53.976421
13950.000000 -53.977943
14000.000000 -53.979401
14050.000000 -53.960140
14100.000000 -53.962387
14150.000000 -53.946068
14200.000000 -53.947586
14250.000000 -54.030376
14300.000000 -55.264111
14350.000000 -56.192238
14400.000000 -56.743004
14450.000000 -57.613712
14500.000000 -57.867935
14550.000000 -56.856422
14600.000000 -55.841526
14650.000000 -54.106163
14700.000000 -53.969269
14750.000000 -53.936764
14800.000000 -53.946857
14850.000000 -53.964172
14900.000000 -53.936764
14950.000000 -53.979401
15000.000000 -53.977016
15050.000000 -54.095947
15100.000000 -55.189754
15150.000000 -56.672600
15200.000000 -57.862125
15250.000000 -59.539158
15300.000000 -62.485004
15350.000000 -65.722786
15400.000000 -65.369926
15450.000000 -68.180763
15500.000000 -64.364952
15550.000000 -61.730286
15600.000000 -58.802471
15650.000000 -57.723560
15700.000000 -56.107922
15750.000000 -55.042011
15800.000000 -54.102871
15850.000000 -53.977810
15900.000000 -53.929710
15950.000000 -53.962982
16000.000000 -53.975689
16050.000000 -53.971649
16100.000000 -53.969467
16150.000000 -53.973373
16200.000000 -54.678848
16250.000000 -54.751839
16300.000000 -54.749886
16350.000000 -55.103111
16400.000000 -54.703876
16450.000000 -54.869541
16500.000000 -54.121239
16550.000000 -53.963181
16600.000000 -53.965630
16650.000000 -53.979401
16700.000000 -53.979401
16750.000000 -53.958485
16800.000000 -53.976948
16850.000000 -53.978008
16900.000000 -54.758579
16950.000000 -55.944946
17000.000000 -57.359581
17050.000000 -58.806053
17100.000000 -60.936886
17150.000000 -63.560215
17200.000000 -66.435104
17250.000000 -72.623856
17300.000000 -67.696854
17350.000000 -64.225006
17400.000000 -60.901096
17450.000000 -59.065639
17500.000000 -57.124084
17550.000000 -55.635666
17600.000000 -54.676693
17650.000000 -53.977547
17700.000000 -53.979401
17750.000000 -53.948444
17800.000000 -53.965031
17850.000000 -53.978870
17900.000000 -53.974960
17950.000000 -53.949566
18000.000000 -54.485085
18050.000000 -55.606926
18100.000000 -55.101456
18150.000000 -56.680374
18200.000000 -55.772339
18250.000000 -56.078674
18300.000000 -55.007034
18350.000000 -55.046131
18400.000000 -54.726093
18450.000000 -54.075558
18500.000000 -53.963379
18550.000000 -53.951744
18600.000000 -53.900764
18650.000000 -53.979401
18700.000000 -53.977943
18750.000000 -54.219734
18800.000000 -55.162292
18850.000000 -56.535175
18900.000000 -57.504341
18950.000000 -59.432354
19000.000000 -61.283096
19050.000000 -62.371765
19100.000000 -65.101608
19150.000000 -64.328667
19200.000000 -62.828888
19250.000000 -59.991257
19300.000000 -58.871796
19350.000000 -57.491028
19400.000000 -56.230625
19450.000000 -55.012630
19500.000000 -53.976818
19550.000000 -53.978142
19600.000000 -53.979401
19650.000000 -53.953133
19700.000000 -53.947983
19750.000000 -53.936764
19800.000000 -53.944481
19850.000000 -53.975426
19900.000000 -53.969002
19950.000000 -55.690125
20000.000000 -55.634464
20050.000000 -54.743946
20100.000000 -54.626144
20150.000000 -55.810135
20200.000000 -54.158909
20250.000000 -53.963245
20300.000000 -53.955776
20350.000000 -53.952274
20400.000000 -53.955643
20450.000000 -53.938412
20500.000000 -53.975758
20550.000000 -53.946728
20600.000000 -53.976551
20650.000000 -54.222733
20700.000000 -55.222721
20750.000000 -56.245583
20800.000000 -57.838741
20850.000000 -59.590214
20900.000000 -60.154446
20950.000000 -61.682369
21000.000000 -62.591335
21050.000000 -64.036293
21100.000000 -65.652122
21150.000000 -66.690147
21200.000000 -67.619720
21250.000000 -67.014511
21300.000000 -66.281876
21350.000000 -64.549828
21400.000000 -64.407776
21450.000000 -64.490730
21500.000000 -63.868542
21550.000000 -62.542534
21600.000000 -62.486237
21650.000000 -61.574459
21700.000000 -59.613129
21750.000000 -59.691692
21800.000000 -59.409294
21850.000000 -59.569504
21900.000000 -58.964943
21950.000000 -58.687195
22000.000000 -57.758915
22050.000000 -57.427914
22100.000000 -57.307224
22150.000000 -57.174007
22200.000000 -56.450741
22250.000000 -56.206360
22300.000000 -56.090076
22350.000000 -55.666275
22400.000000 -54.940529
22450.000000 -55.033180
22500.000000 -54.659904
22550.000000 -54.467682
22600.000000 -53.966621
22650.000000 -53.973042
22700.000000 -53.969269
22750.000000 -53.961132
22800.000000 -53.961922
22850.000000 -53.969597
22900.000000 -53.972645
22950.000000 -53.971851
23000.000000 -53.957890
23050.000000 -53.967945
23100.000000 -54.184113
23150.000000 -53.966820
23200.000000 -53.932083
23250.000000 -53.947716
23300.000000 -53.949829
23350.000000 -53.962917
23400.000000 -53.979267
23450.000000 -53.979401
23500.000000 -53.979401
23550.000000 -53.979401
23600.000000 -53.979401
23650.000000 -53.979401
23700.000000 -53.979401
23750.000000 -53.979401
23800.000000 -53.977547
23850.000000 -53.976223
23900.000000 -53.977810
23950.000000 -53.975163
24000.000000 -53.975426
24050.000000 -53.977680
24100.000000 -53.976948
24150.000000 -53.976421
24200.000000 -53.974895
24250.000000 -53.974831
24300.000000 -53.975559
24350.000000 -53.976089
24400.000000 -53.977943
24450.000000 -53.977943
24500.000000 -53.976685
24550.000000 -53.976883
24600.000000 -53.977810
24650.000000 -53.975758
24700.000000 -53.977943
24750.000000 -53.974632
24800.000000 -53.972977
24850.000000 -53.977146
24900.000000 -53.976685
24950.000000 -53.969398
25000.000000 -53.970329
25050.000000 -53.968605
25100.000000 -55.278721
25150.000000 -54.172855
25200.000000 -54.677052
25250.000000 -54.314472
25300.000000 -54.793877
25350.000000 -53.989414
25400.000000 -54.042252
25450.000000 -53.998772
25500.000000 -54.006546
25550.000000 -54.183228
25600.000000 -54.091988
25650.000000 -54.118881
25700.000000 -54.228050
25750.000000 -54.420143
25800.000000 -54.374611
25850.000000 -54.322876
25900.000000 -54.389317
25950.000000 -54.638432
26000.000000 -54.595074
26050.000000 -54.598915
26100.000000 -54.748798
26150.000000 -54.908760
26200.000000 -54.929951
26250.000000 -54.918427
26300.000000 -55.257813
26350.000000 -55.349506
26400.000000 -55.612041
26450.000000 -55.631016
26500.000000 -56.021816
26550.000000 -56.047760
26600.000000 -56.115971
26650.000000 -56.382221
26700.000000 -56.494270
26750.000000 -56.520336
26800.000000 -56.607517
26850.000000 -56.675583
26900.000000 -56.743004
26950.000000 -56.948364
27000.000000 -56.794716
27050.000000 -56.852821
27100.000000 -57.158417
27150.000000 -57.350975
27200.000000 -57.203827
27250.000000 -57.440441
27300.000000 -57.367699
27350.000000 -57.499767
27400.000000 -57.748276
27450.000000 -57.713470
27500.000000 -58.000626
27550.000000 -57.967419
27600.000000 -58.236046
27650.000000 -58.418827
27700.000000 -58.393894
27750.000000 -58.694603
27800.000000 -58.802700
27850.000000 -58.877151
27900.000000 -59.115414
27950.000000 -59.192242
28000.000000 -59.164993
28050.000000 -59.343792
28100.000000 -59.608055
28150.000000 -59.703854
28200.000000 -59.724628
28250.000000 -59.809013
28300.000000 -59.943722
28350.000000 -60.081627
28400.000000 -60.048111
28450.000000 -60.099171
28500.000000 -60.362942
28550.000000 -60.449741
28600.000000 -60.467907
28650.000000 -60.541653
28700.000000 -60.724838
28750.000000 -60.629555
28800.000000 -60.915211
28850.000000 -60.964981
28900.000000 -61.090443
28950.000000 -61.184261
29000.000000 -61.198551
29050.000000 -61.287861
29100.000000 -61.430134
29150.000000 -61.247375
29200.000000 -61.445305
29250.000000 -61.559696
29300.000000 -61.523926
29350.000000 -61.566521
29400.000000 -61.648491
29450.000000 -61.937672
29500.000000 -62.081318
29550.000000 -62.228413
29600.000000 -62.210613
29650.000000 -62.231838
29700.000000 -62.638077
29750.000000 -62.769253
29800.000000 -62.828339
29850.000000 -62.989883
29900.000000 -63.290672
29950.000000 -63.356937
30000.000000 -63.463112
30050.000000 -63.566006
30100.000000 -63.590019
30150.000000 -63.592022
30200.000000 -63.643883
30250.000000 -63.617512
30300.000000 -63.903374
30350.000000 -63.832001
30400.000000 -64.029549
30450.000000 -64.055511
30500.000000 -63.863785
30550.000000 -64.290787
30600.000000 -64.271263
30650.000000 -64.294044
30700.000000 -64.478294
30750.000000 -64.591103
30800.000000 -64.431808
30850.000000 -64.681290
30900.000000 -64.831390
30950.000000 -64.870079
31000.000000 -64.959465
31050.000000 -65.327477
31100.000000 -65.167191
31150.000000 -65.395790
31200.000000 -65.742020
31250.000000 -65.748955
31300.000000 -65.781128
31350.000000 -65.976448
31400.000000 -65.907097
31450.000000 -65.713829
31500.000000 -66.163315
31550.000000 -66.275597
31600.000000 -66.187065
31650.000000 -66.459602
31700.000000 -66.654434
31750.000000 -66.350441
31800.000000 -66.975365
31850.000000 -66.444839
31900.000000 -67.203796
31950.000000 -66.944359
32000.000000 -67.284973
32050.000000 -67.790924
32100.000000 -67.469666
32150.000000 -67.379311
32200.000000 -67.726807
32250.000000 -67.724548
32300.000000 -67.730682
32350.000000 -67.650368
32400.000000 -67.648445
32450.000000 -68.149887
32500.000000 -67.942711
32550.000000 -68.555855
32600.000000 -68.305725
32650.000000 -68.308487
32700.000000 -68.637871
32750.000000 -68.754379
32800.000000 -68.992554
32850.000000 -68.832802
32900.000000 -69.036705
32950.000000 -69.139717
33000.000000 -69.265518
33050.000000 -68.886833
33100.000000 -68.808289
33150.000000 -69.436256
33200.000000 -69.222107
33250.000000 -69.614021
33300.000000 -69.325417
33350.000000 -69.474831
33400.000000 -69.347549
33450.000000 -69.563660
33500.000000 -69.634094
33550.000000 -69.957901
33600.000000 -70.013969
33650.000000 -70.059006
33700.000000 -70.424416
33750.000000 -70.419136
33800.000000 -70.621155
33850.000000 -70.561935
33900.000000 -70.716667
33950.000000 -71.099106
34000.000000 -71.254120
34050.000000 -71.546616
34100.000000 -71.607925
34150.000000 -71.608940
34200.000000 -71.730339
34250.000000 -72.106659
34300.000000 -72.155403
34350.000000 -72.656807
34400.000000 -72.755814
34450.000000 -72.430435
34500.000000 -72.842590
34550.000000 -72.695587
34600.000000 -73.102242
34650.000000 -73.214378
34700.000000 -73.605347
34750.000000 -72.455978
34800.000000 -72.457092
34850.000000 -72.520729
34900.000000 -73.551552
34950.000000 -73.431892
35000.000000 -73.583153
35050.000000 -73.483688
35100.000000 -73.912857
35150.000000 -74.116463
35200.000000 -74.054077
35250.000000 -74.054077
35300.000000 -74.010086
35350.000000 -73.842781
35400.000000 -74.370583
35450.000000 -74.042053
35500.000000 -73.881348
35550.000000 -74.057419
35600.000000 -73.999435
35650.000000 -73.960999
35700.000000 -74.170486
35750.000000 -74.244644
35800.000000 -74.496262
35850.000000 -74.509636
35900.000000 -73.924706
35950.000000 -74.346352
36000.000000 -74.542099
36050.000000 -74.742355
36100.000000 -74.327019
36150.000000 -74.573265
36200.000000 -73.549026
36250.000000 -73.963646
36300.000000 -74.001434
36350.000000 -74.406700
36400.000000 -73.877502
36450.000000 -73.649246
36500.000000 -73.434380
36550.000000 -73.975563
36600.000000 -74.162361
36650.000000 -74.196945
36700.000000 -74.487122
36750.000000 -75.088493
36800.000000 -75.061432
36850.000000 -75.070442
36900.000000 -75.525467
36950.000000 -75.696587
37000.000000 -75.199127
37050.000000 -75.780983
37100.000000 -75.298836
37150.000000 -75.962250
37200.000000 -75.541321
37250.000000 -75.794853
37300.000000 -76.404625
37350.000000 -75.748421
37400.000000 -76.474998
37450.000000 -76.604019
37500.000000 -77.018982
37550.000000 -77.329124
37600.000000 -76.750519
37650.000000 -76.666100
37700.000000 -75.922379
37750.000000 -76.871666
37800.000000 -77.067070
37850.000000 -77.797607
37900.000000 -77.617447
37950.000000 -77.808929
38000.000000 -77.709602
38050.000000 -77.068962
38100.000000 -78.055450
38150.000000 -78.372665
38200.000000 -79.110870
38250.000000 -79.163673
38300.000000 -79.402863
38350.000000 -80.233192
38400.000000 -80.176201
38450.000000 -81.119644
38500.000000 -81.568268
38550.000000 -79.984909
38600.000000 -80.313896
38650.000000 -81.793434
38700.000000 -80.804298
38750.000000 -81.058052
38800.000000 -81.839172
38850.000000 -80.749222
38900.000000 -81.412498
38950.000000 -82.301697
39000.000000 -82.777618
39050.000000 -81.542908
39100.000000 -82.338051
39150.000000 -81.401588
39200.000000 -81.630409
39250.000000 -82.226021
39300.000000 -80.708862
39350.000000 -82.958160
39400.000000 -81.534996
39450.000000 -81.608055
39500.000000 -82.611191
39550.000000 -82.142509
39600.000000 -83.167473
39650.000000 -82.272385
39700.000000 -83.593834
39750.000000 -83.450691
39800.000000 -84.242928
39850.000000 -83.593834
39900.000000 -83.215317
39950.000000 -83.798691
40000.000000 -83.881187
