0.000000 -75.822662
50.000000 -76.110039
100.000000 -76.534378
150.000000 -76.188309
200.000000 -76.016541
250.000000 -75.338264
300.000000 -75.910782
350.000000 -76.447662
400.000000 -76.618378
450.000000 -76.416901
500.000000 -76.121910
550.000000 -76.196861
600.000000 -76.763252
650.000000 -76.869820
700.000000 -76.236298
750.000000 -77.639633
800.000000 -70.739006
850.000000 -66.314445
900.000000 -62.287712
950.000000 -60.167542
1000.000000 -58.260853
1050.000000 -56.656891
1100.000000 -55.507118
1150.000000 -54.644009
1200.000000 -54.973904
1250.000000 -55.038719
1300.000000 -54.716854
1350.000000 -55.158192
1400.000000 -55.639999
1450.000000 -55.818237
1500.000000 -55.880947
1550.000000 -55.509171
1600.000000 -54.952011
1650.000000 -54.217766
1700.000000 -53.978275
1750.000000 -54.235897
1800.000000 -54.316467
1850.000000 -56.027435
1900.000000 -56.952660
1950.000000 -58.221130
2000.000000 -60.286308
2050.000000 -63.656395
2100.000000 -63.662655
2150.000000 -62.351414
2200.000000 -60.671265
2250.000000 -58.661030
2300.000000 -56.640682
2350.000000 -54.995033
2400.000000 -53.978870
2450.000000 -53.971783
2500.000000 -53.944351
2550.000000 -53.954784
2600.000000 -53.953991
2650.000000 -53.914436
2700.000000 -53.970924
2750.000000 -54.103271
2800.000000 -56.240849
2850.000000 -58.539539
2900.000000 -60.804878
2950.000000 -65.304993
3000.000000 -65.442039
3050.000000 -61.555733
3100.000000 -58.315926
3150.000000 -57.020767
3200.000000 -54.216747
3250.000000 -53.971851
3300.000000 -54.545490
3350.000000 -55.323627
3400.000000 -57.069340
3450.000000 -60.034660
3500.000000 -61.976025
3550.000000 -60.427162
3600.000000 -60.786865
3650.000000 -57.582451
3700.000000 -55.114887
3750.000000 -55.271809
3800.000000 -55.360683
3850.000000 -54.444302
3900.000000 -55.381454
3950.000000 -54.487473
4000.000000 -55.193863
4050.000000 -55.973328
4100.000000 -56.460873
4150.000000 -54.985653
4200.000000 -55.075703
4250.000000 -53.937950
4300.000000 -54.851055
4350.000000 -56.518116
4400.000000 -56.724258
4450.000000 -57.868244
4500.000000 -55.817421
4550.000000 -54.959946
4600.000000 -53.970856
4650.000000 -53.969997
4700.000000 -54.164253
4750.000000 -55.290119
4800.000000 -54.491829
4850.000000 -56.450916
4900.000000 -57.996204
4950.000000 -57.490532
5000.000000 -56.566540
5050.000000 -56.246784
5100.000000 -54.475407
5150.000000 -53.974102
5200.000000 -54.510548
5250.000000 -55.676338
5300.000000 -56.650131
5350.000000 -58.359371
5400.000000 -58.639694
5450.000000 -56.402344
5500.000000 -54.594433
5550.000000 -53.944878
5600.000000 -53.933994
5650.000000 -53.951481
5700.000000 -53.950554
5750.000000 -54.586185
5800.000000 -54.624146
5850.000000 -56.148235
5900.000000 -54.507381
5950.000000 -54.681435
6000.000000 -55.581467
6050.000000 -56.210812
6100.000000 -55.519848
6150.000000 -54.163441
6200.000000 -53.970261
6250.000000 -53.957825
6300.000000 -53.969334
6350.000000 -54.100517
6400.000000 -56.225220
6450.000000 -58.226749
6500.000000 -60.498592
6550.000000 -61.244625
6600.000000 -58.284863
6650.000000 -56.433933
6700.000000 -53.979267
6750.000000 -53.946857
6800.000000 -53.971916
6850.000000 -54.656536
6900.000000 -57.223640
6950.000000 -55.382778
7000.000000 -54.534958
7050.000000 -55.013035
7100.000000 -53.965363
7150.000000 -53.903656
7200.000000 -53.967152
7250.000000 -55.559978
7300.000000 -56.992226
7350.000000 -58.291828
7400.000000 -55.593750
7450.000000 -54.038113
7500.000000 -55.195770
7550.000000 -56.048183
7600.000000 -55.767941
7650.000000 -58.268776
7700.000000 -57.158417
7750.000000 -56.733364
7800.000000 -54.855747
7850.000000 -53.961395
7900.000000 -53.940456
7950.000000 -53.957230
8000.000000 -53.964836
8050.000000 -54.759666
8100.000000 -56.519093
8150.000000 -58.733578
8200.000000 -56.707367
8250.000000 -56.422863
8300.000000 -54.679996
8350.000000 -53.962452
8400.000000 -53.964050
8450.000000 -54.927734
8500.000000 -60.194744
8550.000000 -61.444836
8600.000000 -56.968910
8650.000000 -54.734402
8700.000000 -53.946926
8750.000000 -53.945011
8800.000000 -54.971600
8850.000000 -56.002911
8900.000000 -55.609406
8950.000000 -54.792133
9000.000000 -53.954651
9050.000000 -53.944679
9100.000000 -53.971386
9150.000000 -56.118343
9200.000000 -57.396626
9250.000000 -59.015915
9300.000000 -54.928398
9350.000000 -54.835392
9400.000000 -54.494640
9450.000000 -54.425583
9500.000000 -56.712269
9550.000000 -61.286171
9600.000000 -64.292526
9650.000000 -60.212116
9700.000000 -56.206963
9750.000000 -53.975887
9800.000000 -53.924770
9850.000000 -53.918911
9900.000000 -53.974895
9950.000000 -55.077961
10000.000000 -58.628372
10050.000000 -62.156082
10100.000000 -62.023239
10150.000000 -57.933712
10200.000000 -54.896229
10250.000000 -54.399811
10300.000000 -53.958286
10350.000000 -54.891296
10400.000000 -54.585262
10450.000000 -56.318748
10500.000000 -55.474625
10550.000000 -53.974102
10600.000000 -53.949104
10650.000000 -53.977745
10700.000000 -53.969269
10750.000000 -54.462357
10800.000000 -57.541012
10850.000000 -54.401829
10900.000000 -53.948181
10950.000000 -54.190151
11000.000000 -53.957428
11050.000000 -55.568645
11100.000000 -55.272491
11150.000000 -54.918205
11200.000000 -53.972313
11250.000000 -53.955578
11300.000000 -53.950687
11350.000000 -54.810925
11400.000000 -57.474266
11450.000000 -63.440632
11500.000000 -59.986755
11550.000000 -57.054787
11600.000000 -55.183125
11650.000000 -54.844246
11700.000000 -53.925495
11750.000000 -53.956966
11800.000000 -54.370579
11850.000000 -57.001415
11900.000000 -60.401028
11950.000000 -61.212406
12000.000000 -57.231537
12050.000000 -54.230782
12100.000000 -53.939201
12150.000000 -55.162144
12200.000000 -55.027721
12250.000000 -56.299946
12300.000000 -56.297695
12350.000000 -55.628853
12400.000000 -54.743660
12450.000000 -53.973969
12500.000000 -53.962585
12550.000000 -54.224846
12600.000000 -54.945564
12650.000000 -55.053478
12700.000000 -57.227104
12750.000000 -54.828152
12800.000000 -54.570282
12850.000000 -55.523331
12900.000000 -58.899544
12950.000000 -57.613914
13000.000000 -55.235657
13050.000000 -53.964569
13100.000000 -53.955048
13150.000000 -53.969467
13200.000000 -55.786602
13250.000000 -57.538116
13300.000000 -61.189590
13350.000000 -59.862854
13400.000000 -55.670620
13450.000000 -55.266571
13500.000000 -55.665630
13550.000000 -53.959145
13600.000000 -55.267338
13650.000000 -55.376316
13700.000000 -56.568771
13750.000000 -56.756950
13800.000000 -59.852684
13850.000000 -56.942028
13900.000000 -54.857506
13950.000000 -54.839123
14000.000000 -55.033028
14050.000000 -53.962055
14100.000000 -56.712357
14150.000000 -56.791325
14200.000000 -57.409500
14250.000000 -53.971718
14300.000000 -53.972115
14350.000000 -53.973175
14400.000000 -55.758987
14450.000000 -58.887173
14500.000000 -55.830940
14550.000000 -54.437592
14600.000000 -53.968872
14650.000000 -53.952339
14700.000000 -54.134655
14750.000000 -56.996254
14800.000000 -55.769566
14850.000000 -55.434887
14900.000000 -53.950687
14950.000000 -53.942635
15000.000000 -53.965363
15050.000000 -54.689053
15100.000000 -55.804001
15150.000000 -57.713264
15200.000000 -56.877213
15250.000000 -55.913757
15300.000000 -56.411469
15350.000000 -54.211090
15400.000000 -53.940193
15450.000000 -55.341438
15500.000000 -55.165634
15550.000000 -56.084332
15600.000000 -56.006489
15650.000000 -57.576637
15700.000000 -55.600632
15750.000000 -53.972778
15800.000000 -53.952473
15850.000000 -54.388004
15900.000000 -53.977547
15950.000000 -55.572468
16000.000000 -57.893894
16050.000000 -56.576809
16100.000000 -54.209251
16150.000000 -53.972179
16200.000000 -54.816833
16250.000000 -55.753948
16300.000000 -57.619553
16350.000000 -56.525753
16400.000000 -55.138332
16450.000000 -53.949169
16500.000000 -53.949894
16550.000000 -54.410736
16600.000000 -57.853325
16650.000000 -58.026775
16700.000000 -55.571911
16750.000000 -54.482979
16800.000000 -55.528873
16850.000000 -53.958683
16900.000000 -56.233372
16950.000000 -57.760864
17000.000000 -55.938633
17050.000000 -56.204388
17100.000000 -57.872807
17150.000000 -56.945477
17200.000000 -54.343307
17250.000000 -53.963577
17300.000000 -55.032356
17350.000000 -55.468418
17400.000000 -54.922783
17450.000000 -56.318661
17500.000000 -57.050446
17550.000000 -55.821022
17600.000000 -54.483891
17650.000000 -53.966354
17700.000000 -54.451298
17750.000000 -54.373768
17800.000000 -56.461052
17850.000000 -57.271717
17900.000000 -56.252895
17950.000000 -53.958355
18000.000000 -53.950161
18050.000000 -54.782387
18100.000000 -58.013271
18150.000000 -58.962826
18200.000000 -57.010429
18250.000000 -53.981590
18300.000000 -53.955513
18350.000000 -54.052937
18400.000000 -56.147297
18450.000000 -59.687088
18500.000000 -55.138634
18550.000000 -53.974102
18600.000000 -53.924309
18650.000000 -54.218239
18700.000000 -55.362629
18750.000000 -59.657227
18800.000000 -57.690582
18850.000000 -53.971321
18900.000000 -53.974365
18950.000000 -56.787113
19000.000000 -56.174133
19050.000000 -55.016289
19100.000000 -55.873116
19150.000000 -56.360226
19200.000000 -54.102398
19250.000000 -53.966953
19300.000000 -54.740120
19350.000000 -57.819645
19400.000000 -56.240078
19450.000000 -54.628429
19500.000000 -53.960934
19550.000000 -53.976154
19600.000000 -56.201134
19650.000000 -57.878307
19700.000000 -57.626511
19750.000000 -55.637760
19800.000000 -54.492393
19850.000000 -54.507732
19900.000000 -57.705730
19950.000000 -61.559063
20000.000000 -60.730892
20050.000000 -55.764687
20100.000000 -54.399811
20150.000000 -54.617226
20200.000000 -58.087925
20250.000000 -59.247486
20300.000000 -56.226334
20350.000000 -54.394108
20400.000000 -54.144444
20450.000000 -53.960602
20500.000000 -54.582348
20550.000000 -55.607246
20600.000000 -56.647881
20650.000000 -54.057751
20700.000000 -54.066048
20750.000000 -55.503563
20800.000000 -57.000195
20850.000000 -56.782352
20900.000000 -55.457558
20950.000000 -55.840790
21000.000000 -54.923523
21050.000000 -56.461670
21100.000000 -58.916958
21150.000000 -58.869701
21200.000000 -60.256920
21250.000000 -56.178825
21300.000000 -54.166420
21350.000000 -53.974831
21400.000000 -54.194363
21450.000000 -55.522934
21500.000000 -56.940254
21550.000000 -57.060360
21600.000000 -56.530018
21650.000000 -54.590878
21700.000000 -53.965233
21750.000000 -53.977810
21800.000000 -54.745251
21850.000000 -58.181801
21900.000000 -60.658100
21950.000000 -60.745899
22000.000000 -58.261288
22050.000000 -55.554256
22100.000000 -54.114441
22150.000000 -53.974499
22200.000000 -53.965958
22250.000000 -55.075855
22300.000000 -55.192265
22350.000000 -56.550488
22400.000000 -58.259987
22450.000000 -55.884331
22500.000000 -56.013523
22550.000000 -53.966686
22600.000000 -53.961525
22650.000000 -54.426144
22700.000000 -55.052128
22750.000000 -55.368069
22800.000000 -54.647945
22850.000000 -55.132881
22900.000000 -54.322533
22950.000000 -53.975361
23000.000000 -54.264065
23050.000000 -54.164795
23100.000000 -54.947121
23150.000000 -56.694042
23200.000000 -59.271343
23250.000000 -61.505306
23300.000000 -65.262619
23350.000000 -63.204762
23400.000000 -59.712181
23450.000000 -57.524483
23500.000000 -55.615482
23550.000000 -54.274616
23600.000000 -54.487965
23650.000000 -54.942009
23700.000000 -56.822624
23750.000000 -58.808823
23800.000000 -61.995846
23850.000000 -64.037987
23900.000000 -64.414383
23950.000000 -62.420841
24000.000000 -58.780102
24050.000000 -57.271427
24100.000000 -55.805149
24150.000000 -54.345795
24200.000000 -53.978008
24250.000000 -53.975094
24300.000000 -53.974300
24350.000000 -53.950424
24400.000000 -53.953991
24450.000000 -54.285336
24500.000000 -54.755825
24550.000000 -54.899765
24600.000000 -55.372814
24650.000000 -56.076904
24700.000000 -57.415501
24750.000000 -58.803970
24800.000000 -60.363926
24850.000000 -63.475006
24900.000000 -65.114288
24950.000000 -64.773560
25000.000000 -62.084518
25050.000000 -61.055798
25100.000000 -59.219944
25150.000000 -57.525249
25200.000000 -56.336723
25250.000000 -55.157890
25300.000000 -54.128262
25350.000000 -53.973309
25400.000000 -54.114979
25450.000000 -53.972645
25500.000000 -54.306141
25550.000000 -55.083450
25600.000000 -55.876663
25650.000000 -56.607250
25700.000000 -57.839569
25750.000000 -58.116470
25800.000000 -59.088879
25850.000000 -60.314571
25900.000000 -60.868359
25950.000000 -61.869850
26000.000000 -61.404858
26050.000000 -60.321171
26100.000000 -59.768288
26150.000000 -58.863304
26200.000000 -58.041149
26250.000000 -57.133896
26300.000000 -56.196598
26350.000000 -55.535686
26400.000000 -54.668007
26450.000000 -54.075825
26500.000000 -54.105625
26550.000000 -53.977478
26600.000000 -53.968872
26650.000000 -53.968475
26700.000000 -53.976353
26750.000000 -53.969135
26800.000000 -53.970924
26850.000000 -53.975426
26900.000000 -53.973835
26950.000000 -53.977879
27000.000000 -53.974697
27050.000000 -53.945538
27100.000000 -53.943161
27150.000000 -53.979267
27200.000000 -54.150253
27250.000000 -54.685600
27300.000000 -55.377796
27350.000000 -55.867020
27400.000000 -56.617027
27450.000000 -56.880543
27500.000000 -57.267845
27550.000000 -57.474461
27600.000000 -57.695866
27650.000000 -58.015274
27700.000000 -58.122128
27750.000000 -58.157112
27800.000000 -57.686417
27850.000000 -57.451500
27900.000000 -57.230572
27950.000000 -57.095863
28000.000000 -56.412861
28050.000000 -56.146957
28100.000000 -55.806046
28150.000000 -55.228764
28200.000000 -54.903378
28250.000000 -54.584980
28300.000000 -53.979336
28350.000000 -53.976818
28400.000000 -53.971188
28450.000000 -53.943954
28500.000000 -53.947716
28550.000000 -53.959476
28600.000000 -53.964108
28650.000000 -53.948509
28700.000000 -53.979401
28750.000000 -53.979401
28800.000000 -53.979401
28850.000000 -53.979401
28900.000000 -53.979401
28950.000000 -53.979401
29000.000000 -53.978607
29050.000000 -53.979401
29100.000000 -53.974564
29150.000000 -53.976818
29200.000000 -53.976551
29250.000000 -53.977680
29300.000000 -53.976421
29350.000000 -53.992001
29400.000000 -54.035244
29450.000000 -54.040916
29500.000000 -54.108250
29550.000000 -54.349461
29600.000000 -54.412338
29650.000000 -54.564468
29700.000000 -54.596565
29750.000000 -54.675900
29800.000000 -54.785660
29850.000000 -55.044186
29900.000000 -54.996223
29950.000000 -55.133411
30000.000000 -55.167915
30050.000000 -55.154629
30100.000000 -55.268494
30150.000000 -55.456226
30200.000000 -55.553780
30250.000000 -55.704098
30300.000000 -55.796318
30350.000000 -55.936310
30400.000000 -56.027187
30450.000000 -56.281181
30500.000000 -56.590405
30550.000000 -56.683090
30600.000000 -56.971809
30650.000000 -56.923500
30700.000000 -56.845539
30750.000000 -56.986786
30800.000000 -56.990723
30850.000000 -57.149918
30900.000000 -57.392502
30950.000000 -57.662487
31000.000000 -57.719173
31050.000000 -57.915134
31100.000000 -57.898369
31150.000000 -58.127895
31200.000000 -58.178040
31250.000000 -58.015800
31300.000000 -58.270947
31350.000000 -58.176857
31400.000000 -58.558037
31450.000000 -58.736790
31500.000000 -58.835556
31550.000000 -58.867954
31600.000000 -59.064335
31650.000000 -59.160660
31700.000000 -59.130390
31750.000000 -59.394199
31800.000000 -59.343300
31850.000000 -59.562820
31900.000000 -59.736065
31950.000000 -59.987286
32000.000000 -60.129387
32050.000000 -60.119034
32100.000000 -60.228420
32150.000000 -60.162815
32200.000000 -60.466507
32250.000000 -60.501541
32300.000000 -60.738678
32350.000000 -60.842327
32400.000000 -60.854454
32450.000000 -60.833275
32500.000000 -60.983215
32550.000000 -60.989899
32600.000000 -61.114365
32650.000000 -61.363823
32700.000000 -61.363667
32750.000000 -61.710239
32800.000000 -61.788540
32850.000000 -62.001350
32900.000000 -62.215061
32950.000000 -62.274788
33000.000000 -61.983681
33050.000000 -62.104595
33100.000000 -62.184669
33150.000000 -62.265835
33200.000000 -62.266178
33250.000000 -62.529579
33300.000000 -62.576881
33350.000000 -62.683266
33400.000000 -62.946423
33450.000000 -62.758141
33500.000000 -62.946983
33550.000000 -63.069725
33600.000000 -63.255516
33650.000000 -63.318008
33700.000000 -63.231445
33750.000000 -63.417618
33800.000000 -63.403484
33850.000000 -63.356739
33900.000000 -63.572803
33950.000000 -63.609276
34000.000000 -63.685921
34050.000000 -64.040100
34100.000000 -64.055511
34150.000000 -63.897766
34200.000000 -63.997780
34250.000000 -64.348320
34300.000000 -64.407776
34350.000000 -64.254158
34400.000000 -64.441086
34450.000000 -64.523018
34500.000000 -64.696518
34550.000000 -64.471191
34600.000000 -64.730042
34650.000000 -65.114021
34700.000000 -65.469604
34750.000000 -65.412575
34800.000000 -65.411835
34850.000000 -65.809799
34900.000000 -65.962746
34950.000000 -66.041832
35000.000000 -65.983833
35050.000000 -66.056725
35100.000000 -66.175446
35150.000000 -66.527336
35200.000000 -66.486687
35250.000000 -66.579765
35300.000000 -66.415108
35350.000000 -66.912865
35400.000000 -66.985725
35450.000000 -67.150803
35500.000000 -67.121269
35550.000000 -67.222954
35600.000000 -67.195602
35650.000000 -67.066078
35700.000000 -67.532211
35750.000000 -67.461525
35800.000000 -67.699112
35850.000000 -67.266289
35900.000000 -67.375618
35950.000000 -67.608894
36000.000000 -67.688179
36050.000000 -67.958931
36100.000000 -67.933128
36150.000000 -68.326439
36200.000000 -68.289879
36250.000000 -68.480942
36300.000000 -68.397942
36350.000000 -68.654007
36400.000000 -68.799522
36450.000000 -68.752563
36500.000000 -69.082588
36550.000000 -68.899742
36600.000000 -69.464973
36650.000000 -69.562065
36700.000000 -69.413109
36750.000000 -69.432716
36800.000000 -69.578018
36850.000000 -69.785286
36900.000000 -70.217415
36950.000000 -70.692574
37000.000000 -70.698479
37050.000000 -70.543617
37100.000000 -71.108627
37150.000000 -70.870964
37200.000000 -70.888123
37250.000000 -70.917885
37300.000000 -71.251213
37350.000000 -71.355919
37400.000000 -71.530106
37450.000000 -71.329498
37500.000000 -71.211128
37550.000000 -71.524605
37600.000000 -71.289055
37650.000000 -71.423294
37700.000000 -71.701736
37750.000000 -71.188995
37800.000000 -71.430702
37850.000000 -71.111961
37900.000000 -71.133904
37950.000000 -71.582245
38000.000000 -71.529106
38050.000000 -71.669678
38100.000000 -71.715515
38150.000000 -72.026367
38200.000000 -71.931625
38250.000000 -72.053406
38300.000000 -72.292374
38350.000000 -72.682449
38400.000000 -73.009293
38450.000000 -73.143074
38500.000000 -73.095657
38550.000000 -73.033028
38600.000000 -73.129242
38650.000000 -73.173820
38700.000000 -73.121429
38750.000000 -73.206497
38800.000000 -73.390923
38850.000000 -74.103004
38900.000000 -73.857140
38950.000000 -74.106369
39000.000000 -74.544930
39050.000000 -74.012733
39100.000000 -74.602402
39150.000000 -74.383064
39200.000000 -74.738014
39250.000000 -74.755394
39300.000000 -75.109604
39350.000000 -75.402824
39400.000000 -75.281128
39450.000000 -75.140602
39500.000000 -75.418449
39550.000000 -75.268036
39600.000000 -75.802208
39650.000000 -75.561966
39700.000000 -75.538940
39750.000000 -76.467049
39800.000000 -75.978081
39850.000000 -76.014862
39900.000000 -75.938972
39950.000000 -75.732193
40000.000000 -75.657913
