0.000000 -80.184319
50.000000 -80.271393
100.000000 -79.986237
150.000000 -81.481384
200.000000 -81.625610
250.000000 -81.152878
300.000000 -82.112030
350.000000 -82.355415
400.000000 -83.725121
450.000000 -83.543884
500.000000 -82.915413
550.000000 -83.194229
600.000000 -83.611893
650.000000 -85.748703
700.000000 -85.067108
750.000000 -86.105316
800.000000 -85.626259
850.000000 -84.800476
900.000000 -78.709908
950.000000 -68.597839
1000.000000 -64.257401
1050.000000 -61.442177
1100.000000 -59.589329
1150.000000 -57.559006
1200.000000 -56.355957
1250.000000 -55.291199
1300.000000 -53.978142
1350.000000 -53.969997
1400.000000 -53.972580
1450.000000 -54.093334
1500.000000 -54.877323
1550.000000 -55.586571
1600.000000 -56.834393
1650.000000 -57.784145
1700.000000 -58.814140
1750.000000 -60.717072
1800.000000 -61.866737
1850.000000 -63.756100
1900.000000 -64.589981
1950.000000 -63.445557
2000.000000 -61.676613
2050.000000 -60.440674
2100.000000 -58.316360
2150.000000 -56.574936
2200.000000 -56.639954
2250.000000 -55.603970
2300.000000 -55.195999
2350.000000 -54.521404
2400.000000 -53.978207
2450.000000 -54.453537
2500.000000 -54.217693
2550.000000 -54.290192
2600.000000 -53.951744
2650.000000 -53.932674
2700.000000 -53.946659
2750.000000 -53.944878
2800.000000 -53.963909
2850.000000 -53.968540
2900.000000 -53.968407
2950.000000 -53.969532
3000.000000 -53.975491
3050.000000 -54.739246
3100.000000 -54.786022
3150.000000 -54.325706
3200.000000 -54.988407
3250.000000 -55.512650
3300.000000 -54.984238
3350.000000 -54.942974
3400.000000 -54.737438
3450.000000 -53.978142
3500.000000 -53.948246
3550.000000 -53.948311
3600.000000 -53.946991
3650.000000 -53.933533
3700.000000 -53.923584
3750.000000 -53.937424
3800.000000 -53.971916
3850.000000 -53.976089
3900.000000 -55.034077
3950.000000 -56.141346
4000.000000 -57.559006
4050.000000 -58.473244
4100.000000 -59.498905
4150.000000 -61.424198
4200.000000 -62.547153
4250.000000 -61.835072
4300.000000 -61.058193
4350.000000 -59.788422
4400.000000 -58.521626
4450.000000 -56.697937
4500.000000 -55.640400
4550.000000 -54.386467
4600.000000 -56.334118
4650.000000 -56.623226
4700.000000 -55.881195
4750.000000 -54.329361
4800.000000 -54.327431
4850.000000 -58.383106
4900.000000 -54.808594
4950.000000 -55.293201
5000.000000 -56.006153
5050.000000 -56.224960
5100.000000 -56.000130
5150.000000 -56.230885
5200.000000 -55.444920
5250.000000 -55.152958
5300.000000 -54.262558
5350.000000 -53.958553
5400.000000 -53.972843
5450.000000 -55.296440
5500.000000 -55.794441
5550.000000 -55.044186
5600.000000 -55.268875
5650.000000 -54.631935
5700.000000 -54.583344
5750.000000 -55.615643
5800.000000 -53.964371
5850.000000 -53.957561
5900.000000 -53.954586
5950.000000 -53.947651
6000.000000 -53.964108
6050.000000 -53.977612
6100.000000 -55.513046
6150.000000 -54.576172
6200.000000 -54.993542
6250.000000 -55.576767
6300.000000 -56.338116
6350.000000 -53.973835
6400.000000 -53.953331
6450.000000 -53.942833
6500.000000 -53.959808
6550.000000 -53.989479
6600.000000 -55.178715
6650.000000 -54.780277
6700.000000 -55.117607
6750.000000 -55.706520
6800.000000 -56.604736
6850.000000 -55.842350
6900.000000 -54.954903
6950.000000 -55.102749
7000.000000 -54.612591
7050.000000 -54.561348
7100.000000 -55.397121
7150.000000 -55.751671
7200.000000 -55.848099
7250.000000 -56.122242
7300.000000 -54.876884
7350.000000 -54.972046
7400.000000 -56.753941
7450.000000 -57.087044
7500.000000 -54.845490
7550.000000 -54.851860
7600.000000 -56.095486
7650.000000 -57.390732
7700.000000 -56.645897
7750.000000 -55.591114
7800.000000 -56.374359
7850.000000 -55.625328
7900.000000 -53.972446
7950.000000 -53.965298
8000.000000 -53.961594
8050.000000 -54.127373
8100.000000 -54.840805
8150.000000 -55.804901
8200.000000 -54.831444
8250.000000 -55.124561
8300.000000 -54.663132
8350.000000 -53.978607
8400.000000 -53.951744
8450.000000 -53.973969
8500.000000 -53.950623
8550.000000 -53.971649
8600.000000 -54.972939
8650.000000 -56.230110
8700.000000 -58.343807
8750.000000 -58.879364
8800.000000 -61.017120
8850.000000 -61.667099
8900.000000 -59.655186
8950.000000 -56.820503
9000.000000 -55.465656
9050.000000 -54.283192
9100.000000 -53.975956
9150.000000 -53.977413
9200.000000 -53.965298
9250.000000 -53.949036
9300.000000 -53.946991
9350.000000 -54.652313
9400.000000 -55.953758
9450.000000 -58.217026
9500.000000 -61.753761
9550.000000 -62.424007
9600.000000 -66.520317
9650.000000 -60.819866
9700.000000 -58.332531
9750.000000 -56.178909
9800.000000 -54.313988
9850.000000 -53.972179
9900.000000 -53.977348
9950.000000 -55.433083
10000.000000 -57.386024
10050.000000 -57.668766
10100.000000 -59.521580
10150.000000 -57.146004
10200.000000 -57.082970
10250.000000 -56.336987
10300.000000 -53.964767
10350.000000 -54.115250
10400.000000 -54.126362
10450.000000 -54.901535
10500.000000 -57.423084
10550.000000 -59.607548
10600.000000 -62.039051
10650.000000 -61.686390
10700.000000 -61.039799
10750.000000 -58.730831
10800.000000 -56.329086
10850.000000 -54.408371
10900.000000 -53.972115
10950.000000 -53.967415
11000.000000 -54.746552
11050.000000 -53.940392
11100.000000 -53.955379
11150.000000 -54.059956
11200.000000 -55.700783
11250.000000 -57.388577
11300.000000 -60.427437
11350.000000 -61.212559
11400.000000 -62.554974
11450.000000 -60.467346
11500.000000 -57.950550
11550.000000 -56.237068
11600.000000 -54.496964
11650.000000 -54.516468
11700.000000 -54.583557
11750.000000 -56.262543
11800.000000 -58.338879
11850.000000 -60.461479
11900.000000 -62.333019
11950.000000 -61.701210
12000.000000 -59.439190
12050.000000 -57.387985
12100.000000 -55.323860
12150.000000 -54.199799
12200.000000 -54.216671
12250.000000 -55.056332
12300.000000 -56.386505
12350.000000 -59.137707
12400.000000 -60.814480
12450.000000 -62.229099
12500.000000 -62.114563
12550.000000 -59.138908
12600.000000 -56.948090
12650.000000 -54.426079
12700.000000 -53.972908
12750.000000 -53.934193
12800.000000 -53.934719
12850.000000 -53.934982
12900.000000 -53.940720
12950.000000 -53.978207
13000.000000 -55.176964
13050.000000 -56.834301
13100.000000 -59.923862
13150.000000 -62.500191
13200.000000 -66.478302
13250.000000 -63.477539
13300.000000 -60.348579
13350.000000 -57.412563
13400.000000 -55.350826
13450.000000 -54.119621
13500.000000 -54.097561
13550.000000 -54.936607
13600.000000 -55.525787
13650.000000 -57.955681
13700.000000 -58.500412
13750.000000 -59.673805
13800.000000 -56.251259
13850.000000 -55.575016
13900.000000 -55.305313
13950.000000 -53.948639
14000.000000 -54.385635
14050.000000 -54.214561
14100.000000 -55.648106
14150.000000 -58.122875
14200.000000 -61.108192
14250.000000 -65.941177
14300.000000 -67.981491
14350.000000 -63.180450
14400.000000 -59.885979
14450.000000 -57.051010
14500.000000 -55.013897
14550.000000 -53.975624
14600.000000 -54.689339
14650.000000 -53.961792
14700.000000 -53.919239
14750.000000 -53.964108
14800.000000 -54.057751
14850.000000 -55.188000
14900.000000 -56.925358
14950.000000 -59.940845
15000.000000 -63.027740
15050.000000 -64.133232
15100.000000 -64.581444
15150.000000 -60.581665
15200.000000 -57.490234
15250.000000 -54.756332
15300.000000 -53.972248
15350.000000 -53.946926
15400.000000 -53.956371
15450.000000 -54.176853
15500.000000 -54.919830
15550.000000 -55.452141
15600.000000 -58.261395
15650.000000 -56.343422
15700.000000 -56.350296
15750.000000 -55.378181
15800.000000 -53.960205
15850.000000 -53.956371
15900.000000 -53.951878
15950.000000 -53.978939
16000.000000 -55.866608
16050.000000 -57.618649
16100.000000 -58.261723
16150.000000 -62.955730
16200.000000 -60.318970
16250.000000 -58.678879
16300.000000 -58.478024
16350.000000 -56.882027
16400.000000 -55.579636
16450.000000 -54.379108
16500.000000 -54.386189
16550.000000 -54.632286
16600.000000 -55.042610
16650.000000 -53.925098
16700.000000 -54.868290
16750.000000 -56.096924
16800.000000 -56.027603
16850.000000 -57.266296
16900.000000 -58.679794
16950.000000 -60.012867
17000.000000 -60.019505
17050.000000 -58.445938
17100.000000 -56.685532
17150.000000 -54.715485
17200.000000 -53.962849
17250.000000 -53.964039
17300.000000 -53.962719
17350.000000 -53.965561
17400.000000 -54.280113
17450.000000 -55.531803
17500.000000 -57.189335
17550.000000 -56.802876
17600.000000 -54.891666
17650.000000 -55.003601
17700.000000 -53.963646
17750.000000 -53.972179
17800.000000 -53.946594
17850.000000 -53.977745
17900.000000 -55.524288
17950.000000 -57.783939
18000.000000 -60.762379
18050.000000 -63.082943
18100.000000 -62.421017
18150.000000 -60.061451
18200.000000 -58.408558
18250.000000 -56.563061
18300.000000 -54.604324
18350.000000 -55.049358
18400.000000 -53.964966
18450.000000 -53.961460
18500.000000 -53.962719
18550.000000 -53.958286
18600.000000 -53.969997
18650.000000 -54.861023
18700.000000 -56.161598
18750.000000 -58.143616
18800.000000 -61.289093
18850.000000 -63.047108
18900.000000 -62.742676
18950.000000 -59.572910
19000.000000 -57.461491
19050.000000 -55.398525
19100.000000 -53.978539
19150.000000 -53.969269
19200.000000 -53.966885
19250.000000 -53.968273
19300.000000 -54.106300
19350.000000 -55.308323
19400.000000 -55.749313
19450.000000 -55.938881
19500.000000 -56.414967
19550.000000 -55.642887
19600.000000 -54.037579
19650.000000 -53.968605
19700.000000 -53.964504
19750.000000 -53.977680
19800.000000 -54.929661
19850.000000 -57.091881
19900.000000 -58.509338
19950.000000 -62.395657
20000.000000 -65.402695
20050.000000 -64.529938
20100.000000 -60.330528
20150.000000 -57.772449
20200.000000 -55.626774
20250.000000 -53.976620
20300.000000 -53.998177
20350.000000 -53.943890
20400.000000 -53.971455
20450.000000 -53.979004
20500.000000 -54.225052
20550.000000 -54.249287
20600.000000 -56.168247
20650.000000 -57.957706
20700.000000 -60.482746
20750.000000 -60.884487
20800.000000 -62.086712
20850.000000 -59.886497
20900.000000 -56.729534
20950.000000 -56.405235
21000.000000 -56.077579
21050.000000 -55.728134
21100.000000 -55.099720
21150.000000 -54.628784
21200.000000 -54.633785
21250.000000 -54.128315
21300.000000 -54.445004
21350.000000 -55.355328
21400.000000 -55.878063
21450.000000 -57.117142
21500.000000 -57.723663
21550.000000 -59.081722
21600.000000 -60.006897
21650.000000 -59.989273
21700.000000 -60.373310
21750.000000 -59.631908
21800.000000 -58.990509
21850.000000 -60.126293
21900.000000 -59.601597
21950.000000 -57.799149
22000.000000 -58.752274
22050.000000 -56.357437
22100.000000 -55.673759
22150.000000 -55.470612
22200.000000 -55.250675
22250.000000 -55.115265
22300.000000 -54.525707
22350.000000 -54.226482
22400.000000 -53.978275
22450.000000 -53.970924
22500.000000 -53.954720
22550.000000 -53.975094
22600.000000 -53.938873
22650.000000 -53.952934
22700.000000 -53.952076
22750.000000 -53.977810
22800.000000 -53.978737
22850.000000 -53.979401
22900.000000 -53.973770
22950.000000 -53.966423
23000.000000 -53.967083
23050.000000 -53.944481
23100.000000 -53.951416
23150.000000 -53.955048
23200.000000 -53.977745
23250.000000 -54.027779
23300.000000 -54.396057
23350.000000 -54.754810
23400.000000 -54.863079
23450.000000 -55.038567
23500.000000 -55.469982
23550.000000 -55.811691
23600.000000 -55.725216
23650.000000 -56.373573
23700.000000 -56.234318
23750.000000 -56.216724
23800.000000 -56.359882
23850.000000 -56.215012
23900.000000 -56.516342
23950.000000 -55.919224
24000.000000 -55.985760
24050.000000 -55.900192
24100.000000 -55.863808
24150.000000 -55.614365
24200.000000 -55.541634
24250.000000 -54.800869
24300.000000 -54.723637
24350.000000 -54.369053
24400.000000 -53.982250
24450.000000 -53.977943
24500.000000 -53.975163
24550.000000 -53.971321
24600.000000 -53.974102
24650.000000 -53.969666
24700.000000 -53.973637
24750.000000 -53.955311
24800.000000 -53.954651
24850.000000 -53.947651
24900.000000 -53.960072
24950.000000 -53.979401
25000.000000 -53.979401
25050.000000 -53.979401
25100.000000 -53.978008
25150.000000 -54.044922
25200.000000 -54.226212
25250.000000 -54.281818
25300.000000 -54.482063
25350.000000 -54.672676
25400.000000 -54.879013
25450.000000 -55.080742
25500.000000 -55.037670
25550.000000 -55.231060
25600.000000 -55.218517
25650.000000 -55.059780
25700.000000 -55.233204
25750.000000 -55.600136
25800.000000 -55.480217
25850.000000 -55.623966
25900.000000 -55.541714
25950.000000 -55.452690
26000.000000 -55.374760
26050.000000 -55.222721
26100.000000 -55.011284
26150.000000 -55.089249
26200.000000 -55.100021
26250.000000 -54.862125
26300.000000 -54.878353
26350.000000 -54.868435
26400.000000 -54.658615
26450.000000 -54.645226
26500.000000 -54.690205
26550.000000 -54.923595
26600.000000 -54.503647
26650.000000 -54.652454
26700.000000 -54.903080
26750.000000 -54.516914
26800.000000 -54.358318
26850.000000 -54.312061
26900.000000 -54.333431
26950.000000 -54.524792
27000.000000 -55.307938
27050.000000 -54.646729
27100.000000 -54.644440
27150.000000 -54.386883
27200.000000 -54.235008
27250.000000 -54.308136
27300.000000 -54.135937
27350.000000 -54.307175
27400.000000 -54.437244
27450.000000 -54.356792
27500.000000 -54.450314
27550.000000 -54.577377
27600.000000 -54.810051
27650.000000 -54.873135
27700.000000 -55.065033
27750.000000 -55.090149
27800.000000 -55.184040
27850.000000 -55.158955
27900.000000 -55.335781
27950.000000 -55.471790
28000.000000 -55.580273
28050.000000 -55.617641
28100.000000 -55.696178
28150.000000 -55.534180
28200.000000 -55.748177
28250.000000 -55.730892
28300.000000 -56.096756
28350.000000 -56.252293
28400.000000 -56.401466
28450.000000 -56.282219
28500.000000 -56.342117
28550.000000 -56.680645
28600.000000 -56.882118
28650.000000 -56.937275
28700.000000 -56.890728
28750.000000 -57.092731
28800.000000 -57.059322
28850.000000 -57.314419
28900.000000 -57.337994
28950.000000 -57.489338
29000.000000 -57.797298
29050.000000 -57.821602
29100.000000 -57.919621
29150.000000 -57.868866
29200.000000 -58.165585
29250.000000 -58.202576
29300.000000 -58.303703
29350.000000 -58.308720
29400.000000 -58.500523
29450.000000 -58.485256
29500.000000 -58.486481
29550.000000 -58.771927
29600.000000 -58.694035
29650.000000 -58.791164
29700.000000 -59.158134
29750.000000 -59.222126
29800.000000 -59.336052
29850.000000 -59.299297
29900.000000 -59.332249
29950.000000 -59.369144
30000.000000 -59.285248
30050.000000 -59.520584
30100.000000 -59.916374
30150.000000 -59.595142
30200.000000 -59.744812
30250.000000 -59.856594
30300.000000 -59.953606
30350.000000 -60.085777
30400.000000 -60.235909
30450.000000 -60.284527
30500.000000 -60.329563
30550.000000 -60.621719
30600.000000 -60.837215
30650.000000 -61.026516
30700.000000 -61.104275
30750.000000 -61.263916
30800.000000 -61.426697
30850.000000 -61.414524
30900.000000 -61.535461
30950.000000 -61.598640
31000.000000 -61.605495
31050.000000 -61.753922
31100.000000 -61.905922
31150.000000 -61.915833
31200.000000 -62.194389
31250.000000 -62.105606
31300.000000 -62.411213
31350.000000 -62.268417
31400.000000 -62.480953
31450.000000 -62.654072
31500.000000 -62.824116
31550.000000 -62.900219
31600.000000 -63.139450
31650.000000 -63.396233
31700.000000 -63.518181
31750.000000 -63.415260
31800.000000 -63.729996
31850.000000 -63.607868
31900.000000 -63.769588
31950.000000 -63.931255
32000.000000 -64.016281
32050.000000 -64.025757
32100.000000 -63.766113
32150.000000 -64.152023
32200.000000 -64.118736
32250.000000 -64.292091
32300.000000 -64.603706
32350.000000 -64.797012
32400.000000 -65.011696
32450.000000 -64.814995
32500.000000 -65.105667
32550.000000 -65.313293
32600.000000 -65.039825
32650.000000 -65.123573
32700.000000 -65.228439
32750.000000 -65.403435
32800.000000 -65.291573
32850.000000 -65.618149
32900.000000 -65.590607
32950.000000 -65.550339
33000.000000 -66.292259
33050.000000 -66.140442
33100.000000 -66.258141
33150.000000 -66.737518
33200.000000 -66.753365
33250.000000 -67.058907
33300.000000 -67.087334
33350.000000 -67.114647
33400.000000 -67.087936
33450.000000 -66.912865
33500.000000 -67.117050
33550.000000 -66.988693
33600.000000 -66.972702
33650.000000 -66.748177
33700.000000 -67.062492
33750.000000 -67.017479
33800.000000 -67.300011
33850.000000 -67.618446
33900.000000 -67.538841
33950.000000 -67.737785
34000.000000 -67.872879
34050.000000 -67.937752
34100.000000 -68.187904
34150.000000 -68.355873
34200.000000 -68.311592
34250.000000 -68.640739
34300.000000 -68.648987
34350.000000 -68.897896
34400.000000 -68.797699
34450.000000 -69.028458
34500.000000 -69.347160
34550.000000 -69.661057
34600.000000 -69.584808
34650.000000 -70.017754
34700.000000 -69.620445
34750.000000 -70.029938
34800.000000 -70.416061
34850.000000 -70.356468
34900.000000 -70.500450
34950.000000 -70.874207
35000.000000 -70.238495
35050.000000 -70.572670
35100.000000 -70.453957
35150.000000 -70.569534
35200.000000 -70.582077
35250.000000 -70.553444
35300.000000 -70.923012
35350.000000 -70.991798
35400.000000 -70.976784
35450.000000 -71.531601
35500.000000 -71.658005
35550.000000 -71.351509
35600.000000 -71.858124
35650.000000 -71.680351
35700.000000 -71.820831
35750.000000 -71.676285
35800.000000 -71.400612
35850.000000 -71.199097
35900.000000 -71.352974
35950.000000 -71.699699
36000.000000 -71.131035
36050.000000 -72.093849
36100.000000 -72.321350
36150.000000 -72.702446
36200.000000 -72.634636
36250.000000 -72.213608
36300.000000 -72.786377
36350.000000 -72.662498
36400.000000 -72.882217
36450.000000 -73.144875
36500.000000 -73.803078
36550.000000 -72.665344
36600.000000 -73.095657
36650.000000 -73.300980
36700.000000 -73.415108
36750.000000 -73.590752
36800.000000 -74.016060
36850.000000 -73.334755
36900.000000 -73.891838
36950.000000 -73.728073
37000.000000 -73.775200
37050.000000 -73.832344
37100.000000 -74.431099
37150.000000 -74.268585
37200.000000 -74.347046
37250.000000 -74.827423
37300.000000 -74.671738
37350.000000 -74.995628
37400.000000 -74.309105
37450.000000 -74.316681
37500.000000 -74.263794
37550.000000 -73.724854
37600.000000 -74.477295
37650.000000 -74.628784
37700.000000 -74.356033
37750.000000 -74.660263
37800.000000 -74.936981
37850.000000 -74.757568
37900.000000 -75.306549
37950.000000 -75.092262
38000.000000 -74.804077
38050.000000 -74.945862
38100.000000 -74.702660
38150.000000 -74.598846
38200.000000 -74.781517
38250.000000 -74.523033
38300.000000 -74.062767
38350.000000 -75.065186
38400.000000 -74.320122
38450.000000 -74.773521
38500.000000 -75.341362
38550.000000 -75.871964
38600.000000 -75.341362
38650.000000 -75.515984
38700.000000 -75.387222
38750.000000 -75.523888
38800.000000 -75.725708
38850.000000 -75.802208
38900.000000 -75.833321
38950.000000 -76.146538
39000.000000 -76.628265
39050.000000 -76.926384
39100.000000 -76.942215
39150.000000 -77.424171
39200.000000 -77.919830
39250.000000 -78.219078
39300.000000 -78.148117
39350.000000 -78.753426
39400.000000 -79.178131
39450.000000 -79.281227
39500.000000 -79.547585
39550.000000 -78.582886
39600.000000 -79.069099
39650.000000 -79.412766
39700.000000 -79.266594
39750.000000 -79.472427
39800.000000 -78.659782
39850.000000 -79.603127
39900.000000 -78.474358
39950.000000 -78.716759
40000.000000 -79.642464
