0.000000 -80.072670
50.000000 -79.925575
100.000000 -79.486160
150.000000 -78.448822
200.000000 -79.079819
250.000000 -79.174515
300.000000 -79.954536
350.000000 -79.516190
400.000000 -79.412766
450.000000 -79.575310
500.000000 -80.079361
550.000000 -80.276863
600.000000 -79.912445
650.000000 -78.622375
700.000000 -80.191086
750.000000 -79.335075
800.000000 -81.152878
850.000000 -71.083435
900.000000 -65.877327
950.000000 -63.018169
1000.000000 -60.584358
1050.000000 -58.608475
1100.000000 -57.228363
1150.000000 -56.041542
1200.000000 -54.674896
1250.000000 -53.974895
1300.000000 -53.948711
1350.000000 -53.946659
1400.000000 -53.945538
1450.000000 -53.954651
1500.000000 -53.939995
1550.000000 -53.930897
1600.000000 -53.951878
1650.000000 -53.947784
1700.000000 -53.958618
1750.000000 -54.269817
1800.000000 -54.355339
1850.000000 -54.621574
1900.000000 -54.898808
1950.000000 -54.956757
2000.000000 -54.951565
2050.000000 -55.210876
2100.000000 -55.107262
2150.000000 -55.014046
2200.000000 -54.682583
2250.000000 -54.488598
2300.000000 -54.238560
2350.000000 -55.218212
2400.000000 -55.168068
2450.000000 -57.816654
2500.000000 -54.925884
2550.000000 -54.582848
2600.000000 -55.326954
2650.000000 -55.787338
2700.000000 -55.904572
2750.000000 -55.515259
2800.000000 -55.090225
2850.000000 -54.221645
2900.000000 -53.970062
2950.000000 -53.958485
3000.000000 -53.961063
3050.000000 -53.967350
3100.000000 -54.368916
3150.000000 -55.016361
3200.000000 -56.450211
3250.000000 -58.535275
3300.000000 -58.128002
3350.000000 -57.896912
3400.000000 -57.091690
3450.000000 -57.453476
3500.000000 -55.604610
3550.000000 -54.595287
3600.000000 -53.975758
3650.000000 -53.942963
3700.000000 -53.920887
3750.000000 -53.924835
3800.000000 -53.970524
3850.000000 -54.462219
3900.000000 -54.139782
3950.000000 -54.570423
4000.000000 -55.858707
4050.000000 -56.760418
4100.000000 -57.329704
4150.000000 -57.179657
4200.000000 -57.902946
4250.000000 -57.658436
4300.000000 -56.696308
4350.000000 -56.577793
4400.000000 -56.656982
4450.000000 -56.538734
4500.000000 -54.799923
4550.000000 -54.296169
4600.000000 -54.105827
4650.000000 -54.184994
4700.000000 -54.459217
4750.000000 -56.134296
4800.000000 -56.860668
4850.000000 -58.324879
4900.000000 -58.348190
4950.000000 -57.890358
5000.000000 -57.299065
5050.000000 -54.755398
5100.000000 -53.967945
5150.000000 -53.969532
5200.000000 -53.954254
5250.000000 -53.957493
5300.000000 -53.965958
5350.000000 -54.321083
5400.000000 -55.152504
5450.000000 -55.064209
5500.000000 -55.194168
5550.000000 -54.411503
5600.000000 -54.400578
5650.000000 -53.958683
5700.000000 -53.965561
5750.000000 -53.963444
5800.000000 -54.228050
5850.000000 -55.108921
5900.000000 -56.129642
5950.000000 -58.718128
6000.000000 -58.455475
6050.000000 -61.525032
6100.000000 -59.865078
6150.000000 -57.591587
6200.000000 -55.374916
6250.000000 -54.231327
6300.000000 -54.442841
6350.000000 -53.963379
6400.000000 -53.967747
6450.000000 -53.975163
6500.000000 -55.754761
6550.000000 -56.686710
6600.000000 -57.346874
6650.000000 -55.169205
6700.000000 -55.738274
6750.000000 -53.968872
6800.000000 -53.975361
6850.000000 -53.935841
6900.000000 -53.974434
6950.000000 -54.133911
7000.000000 -54.974720
7050.000000 -56.263405
7100.000000 -55.424862
7150.000000 -55.939133
7200.000000 -55.086010
7250.000000 -53.971188
7300.000000 -53.958286
7350.000000 -53.935707
7400.000000 -53.955643
7450.000000 -53.965099
7500.000000 -55.708302
7550.000000 -54.744236
7600.000000 -55.273796
7650.000000 -55.142876
7700.000000 -54.722481
7750.000000 -54.395985
7800.000000 -53.974304
7850.000000 -53.961262
7900.000000 -55.294357
7950.000000 -55.376316
8000.000000 -55.287575
8050.000000 -56.745281
8100.000000 -57.611797
8150.000000 -56.936996
8200.000000 -54.843803
8250.000000 -56.140076
8300.000000 -55.630215
8350.000000 -56.878784
8400.000000 -53.963314
8450.000000 -54.560711
8500.000000 -55.631096
8550.000000 -56.272980
8600.000000 -56.931316
8650.000000 -55.573582
8700.000000 -55.114285
8750.000000 -53.974831
8800.000000 -53.964108
8850.000000 -53.933270
8900.000000 -54.036579
8950.000000 -55.471947
9000.000000 -55.385971
9050.000000 -55.259811
9100.000000 -55.820942
9150.000000 -54.820557
9200.000000 -54.478836
9250.000000 -53.974434
9300.000000 -53.978870
9350.000000 -53.939533
9400.000000 -53.969799
9450.000000 -54.043720
9500.000000 -55.401337
9550.000000 -56.860577
9600.000000 -56.870369
9650.000000 -59.315331
9700.000000 -57.144573
9750.000000 -56.584053
9800.000000 -56.075130
9850.000000 -54.970932
9900.000000 -55.245155
9950.000000 -53.961460
10000.000000 -53.962719
10050.000000 -53.954586
10100.000000 -53.969002
10150.000000 -55.275028
10200.000000 -55.142799
10250.000000 -56.044483
10300.000000 -58.955887
10350.000000 -62.645443
10400.000000 -63.993580
10450.000000 -64.231476
10500.000000 -60.367504
10550.000000 -57.395645
10600.000000 -55.307476
10650.000000 -53.976883
10700.000000 -53.948376
10750.000000 -53.959412
10800.000000 -54.341099
10850.000000 -55.228992
10900.000000 -56.831539
10950.000000 -56.244461
11000.000000 -56.158703
11050.000000 -55.256432
11100.000000 -54.927658
11150.000000 -53.961727
11200.000000 -53.964241
11250.000000 -53.971252
11300.000000 -54.970039
11350.000000 -56.933849
11400.000000 -59.386547
11450.000000 -62.935825
11500.000000 -65.580017
11550.000000 -64.720459
11600.000000 -60.628986
11650.000000 -57.729988
11700.000000 -55.509964
11750.000000 -53.977081
11800.000000 -53.941116
11850.000000 -53.955513
11900.000000 -53.950226
11950.000000 -53.907467
12000.000000 -53.962849
12050.000000 -55.005768
12100.000000 -56.953503
12150.000000 -59.599953
12200.000000 -61.399719
12250.000000 -62.993439
12300.000000 -63.122917
12350.000000 -59.989666
12400.000000 -57.955578
12450.000000 -55.531010
12500.000000 -54.047325
12550.000000 -53.972645
12600.000000 -53.958420
12650.000000 -55.268414
12700.000000 -55.731861
12750.000000 -57.769062
12800.000000 -57.656006
12850.000000 -56.946503
12900.000000 -56.257030
12950.000000 -55.341438
13000.000000 -53.986164
13050.000000 -54.211567
13100.000000 -54.037113
13150.000000 -55.619884
13200.000000 -57.938938
13250.000000 -60.085239
13300.000000 -63.645096
13350.000000 -61.604221
13400.000000 -60.601101
13450.000000 -57.739792
13500.000000 -56.209698
13550.000000 -55.000771
13600.000000 -53.962189
13650.000000 -56.529041
13700.000000 -55.041187
13750.000000 -55.723190
13800.000000 -53.977879
13850.000000 -53.977081
13900.000000 -55.503563
13950.000000 -58.085690
14000.000000 -60.454628
14050.000000 -64.637550
14100.000000 -69.511604
14150.000000 -62.623543
14200.000000 -59.517445
14250.000000 -56.801510
14300.000000 -54.802399
14350.000000 -53.979401
14400.000000 -53.968407
14450.000000 -54.377789
14500.000000 -55.144089
14550.000000 -56.524689
14600.000000 -58.333080
14650.000000 -56.888783
14700.000000 -56.522556
14750.000000 -56.308258
14800.000000 -54.040382
14850.000000 -53.958088
14900.000000 -53.969799
14950.000000 -54.180721
15000.000000 -56.381695
15050.000000 -58.653080
15100.000000 -62.094299
15150.000000 -63.832619
15200.000000 -65.854935
15250.000000 -61.319298
15300.000000 -58.159576
15350.000000 -55.932575
15400.000000 -54.120834
15450.000000 -53.953529
15500.000000 -53.947056
15550.000000 -53.953991
15600.000000 -53.927799
15650.000000 -53.948376
15700.000000 -54.528461
15750.000000 -56.143642
15800.000000 -58.113270
15850.000000 -60.862209
15900.000000 -63.733051
15950.000000 -64.478073
16000.000000 -60.382446
16050.000000 -57.843910
16100.000000 -56.778694
16150.000000 -54.653965
16200.000000 -53.951614
16250.000000 -53.971783
16300.000000 -53.975887
16350.000000 -54.609169
16400.000000 -55.735107
16450.000000 -57.268234
16500.000000 -56.847660
16550.000000 -56.270908
16600.000000 -55.488174
16650.000000 -54.147755
16700.000000 -53.965233
16750.000000 -53.939137
16800.000000 -53.978008
16850.000000 -55.050629
16900.000000 -57.090649
16950.000000 -59.566483
17000.000000 -62.587406
17050.000000 -63.794582
17100.000000 -61.945293
17150.000000 -58.712643
17200.000000 -55.751427
17250.000000 -54.264065
17300.000000 -54.278183
17350.000000 -54.771206
17400.000000 -53.955444
17450.000000 -53.960865
17500.000000 -53.972580
17550.000000 -54.113228
17600.000000 -55.327961
17650.000000 -57.069908
17700.000000 -58.848202
17750.000000 -61.585907
17800.000000 -60.837364
17850.000000 -59.849297
17900.000000 -57.140278
17950.000000 -55.955090
18000.000000 -54.673820
18050.000000 -53.969864
18100.000000 -53.967613
18150.000000 -53.971649
18200.000000 -54.345657
18250.000000 -54.791767
18300.000000 -55.192799
18350.000000 -55.888374
18400.000000 -55.073448
18450.000000 -54.525425
18500.000000 -53.967945
18550.000000 -53.968075
18600.000000 -53.969597
18650.000000 -53.963379
18700.000000 -54.423771
18750.000000 -55.696262
18800.000000 -57.390144
18850.000000 -59.701164
18900.000000 -60.056377
18950.000000 -58.528782
19000.000000 -56.226082
19050.000000 -55.131744
19100.000000 -55.123577
19150.000000 -55.641842
19200.000000 -54.969074
19250.000000 -53.957165
19300.000000 -53.969929
19350.000000 -53.971916
19400.000000 -55.689075
19450.000000 -54.939495
19500.000000 -55.107944
19550.000000 -55.757523
19600.000000 -57.996838
19650.000000 -58.479805
19700.000000 -57.759327
19750.000000 -55.951763
19800.000000 -55.618122
19850.000000 -53.976883
19900.000000 -53.959347
19950.000000 -53.936962
20000.000000 -53.948574
20050.000000 -54.437939
20100.000000 -53.975361
20150.000000 -55.318069
20200.000000 -55.814884
20250.000000 -56.086021
20300.000000 -55.757278
20350.000000 -53.950424
20400.000000 -53.952141
20450.000000 -53.961922
20500.000000 -53.967480
20550.000000 -53.965298
20600.000000 -56.188477
20650.000000 -55.928177
20700.000000 -56.096500
20750.000000 -57.838432
20800.000000 -58.080170
20850.000000 -56.982853
20900.000000 -56.577255
20950.000000 -56.040867
21000.000000 -55.523643
21050.000000 -54.894241
21100.000000 -54.786240
21150.000000 -53.975227
21200.000000 -53.955048
21250.000000 -53.967018
21300.000000 -53.944550
21350.000000 -53.913582
21400.000000 -53.955379
21450.000000 -53.921478
21500.000000 -53.935577
21550.000000 -53.979401
21600.000000 -53.974960
21650.000000 -53.991138
21700.000000 -54.469574
21750.000000 -55.466759
21800.000000 -55.617882
21850.000000 -55.395794
21900.000000 -55.920551
21950.000000 -55.346634
22000.000000 -54.945343
22050.000000 -54.976875
22100.000000 -54.521900
22150.000000 -54.230846
22200.000000 -53.960667
22250.000000 -53.965363
22300.000000 -53.968010
22350.000000 -53.979401
22400.000000 -53.976818
22450.000000 -53.947453
22500.000000 -53.946991
22550.000000 -53.975491
22600.000000 -53.961262
22650.000000 -53.956371
22700.000000 -54.017124
22750.000000 -53.966820
22800.000000 -55.402794
22850.000000 -54.325497
22900.000000 -54.362957
22950.000000 -54.728043
23000.000000 -54.943714
23050.000000 -54.794750
23100.000000 -54.978882
23150.000000 -55.067436
23200.000000 -55.700058
23250.000000 -55.138027
23300.000000 -54.898293
23350.000000 -54.885555
23400.000000 -55.619164
23450.000000 -55.277027
23500.000000 -54.749451
23550.000000 -55.073071
23600.000000 -55.214474
23650.000000 -55.014496
23700.000000 -54.815083
23750.000000 -54.697395
23800.000000 -54.121578
23850.000000 -54.284149
23900.000000 -54.218987
23950.000000 -54.415825
24000.000000 -54.311718
24050.000000 -54.323154
24100.000000 -54.450733
24150.000000 -54.764088
24200.000000 -54.744888
24250.000000 -55.010540
24300.000000 -55.160397
24350.000000 -55.130611
24400.000000 -55.140377
24450.000000 -54.772652
24500.000000 -55.058353
24550.000000 -54.741562
24600.000000 -54.851128
24650.000000 -54.445000
24700.000000 -54.292870
24750.000000 -54.104549
24800.000000 -53.972977
24850.000000 -53.976154
24900.000000 -53.979401
24950.000000 -53.968010
25000.000000 -53.953461
25050.000000 -53.977810
25100.000000 -53.979401
25150.000000 -53.978870
25200.000000 -54.039780
25250.000000 -54.425655
25300.000000 -54.756840
25350.000000 -54.983570
25400.000000 -55.353546
25450.000000 -55.642242
25500.000000 -55.849991
25550.000000 -56.198910
25600.000000 -56.600616
25650.000000 -56.629066
25700.000000 -56.988098
25750.000000 -56.718170
25800.000000 -57.206615
25850.000000 -57.278690
25900.000000 -57.192596
25950.000000 -57.366230
26000.000000 -57.046764
26050.000000 -56.503216
26100.000000 -56.418476
26150.000000 -56.486309
26200.000000 -55.771114
26250.000000 -55.850155
26300.000000 -55.601974
26350.000000 -55.211182
26400.000000 -55.079464
26450.000000 -55.235882
26500.000000 -54.991085
26550.000000 -54.927956
26600.000000 -54.527897
26650.000000 -54.792713
26700.000000 -54.295071
26750.000000 -54.093800
26800.000000 -53.979069
26850.000000 -53.970524
26900.000000 -54.487278
26950.000000 -54.783913
27000.000000 -53.965031
27050.000000 -53.965893
27100.000000 -53.977215
27150.000000 -53.974236
27200.000000 -53.975361
27250.000000 -53.977612
27300.000000 -53.977215
27350.000000 -53.988018
27400.000000 -53.978405
27450.000000 -54.067719
27500.000000 -54.019386
27550.000000 -54.284081
27600.000000 -54.543369
27650.000000 -54.505901
27700.000000 -54.617794
27750.000000 -54.968704
27800.000000 -54.906105
27850.000000 -55.091957
27900.000000 -55.033779
27950.000000 -55.065708
28000.000000 -55.269722
28050.000000 -55.362862
28100.000000 -55.605808
28150.000000 -55.651478
28200.000000 -55.640961
28250.000000 -55.737865
28300.000000 -55.959251
28350.000000 -55.987011
28400.000000 -56.024586
28450.000000 -56.017376
28500.000000 -55.896717
28550.000000 -56.179253
28600.000000 -56.095821
28650.000000 -56.237583
28700.000000 -56.371132
28750.000000 -56.554138
28800.000000 -56.664021
28850.000000 -56.801041
28900.000000 -56.828964
28950.000000 -57.176495
29000.000000 -57.326199
29050.000000 -57.168839
29100.000000 -57.407829
29150.000000 -57.387596
29200.000000 -57.616432
29250.000000 -57.677788
29300.000000 -58.030792
29350.000000 -58.247734
29400.000000 -58.304142
29450.000000 -58.497513
29500.000000 -58.421036
29550.000000 -58.655689
29600.000000 -58.781597
29650.000000 -58.895573
29700.000000 -59.045074
29750.000000 -59.293919
29800.000000 -59.296848
29850.000000 -59.365078
29900.000000 -59.476292
29950.000000 -59.581997
30000.000000 -59.499405
30050.000000 -59.508797
30100.000000 -59.559544
30150.000000 -59.839924
30200.000000 -60.069061
30250.000000 -60.102257
30300.000000 -60.087383
30350.000000 -60.306602
30400.000000 -60.542500
30450.000000 -60.407692
30500.000000 -60.689037
30550.000000 -60.710300
30600.000000 -60.867481
30650.000000 -60.879059
30700.000000 -61.047573
30750.000000 -61.078728
30800.000000 -61.279102
30850.000000 -61.375149
30900.000000 -61.366615
30950.000000 -61.446243
31000.000000 -61.515083
31050.000000 -61.581295
31100.000000 -61.757660
31150.000000 -61.810387
31200.000000 -61.996014
31250.000000 -62.155235
31300.000000 -62.245388
31350.000000 -62.262741
31400.000000 -62.449085
31450.000000 -62.672626
31500.000000 -62.726334
31550.000000 -62.870102
31600.000000 -62.985397
31650.000000 -62.903736
31700.000000 -63.122536
31750.000000 -63.200928
31800.000000 -63.339397
31850.000000 -63.222027
31900.000000 -63.581406
31950.000000 -63.594627
32000.000000 -63.797455
32050.000000 -63.877445
32100.000000 -63.887184
32150.000000 -63.717583
32200.000000 -63.874752
32250.000000 -64.114906
32300.000000 -64.226517
32350.000000 -64.106606
32400.000000 -64.357071
32450.000000 -64.283844
32500.000000 -64.679695
32550.000000 -64.752235
32600.000000 -64.904274
32650.000000 -65.072800
32700.000000 -64.907539
32750.000000 -65.430389
32800.000000 -65.213203
32850.000000 -65.371895
32900.000000 -65.538544
32950.000000 -65.659500
33000.000000 -66.048210
33050.000000 -65.867165
33100.000000 -66.033867
33150.000000 -66.466850
33200.000000 -66.405952
33250.000000 -66.297737
33300.000000 -66.470207
33350.000000 -66.660706
33400.000000 -66.883247
33450.000000 -66.772713
33500.000000 -66.988693
33550.000000 -67.128189
33600.000000 -67.226608
33650.000000 -67.396370
33700.000000 -67.165306
33750.000000 -67.419693
33800.000000 -67.384270
33850.000000 -67.871567
33900.000000 -67.984489
33950.000000 -68.126541
34000.000000 -68.501015
34050.000000 -68.316772
34100.000000 -68.464066
34150.000000 -68.565086
34200.000000 -68.465118
34250.000000 -68.472496
34300.000000 -68.537773
34350.000000 -68.589996
34400.000000 -68.633934
34450.000000 -68.953827
34500.000000 -68.743126
34550.000000 -68.689262
34600.000000 -68.964981
34650.000000 -69.326965
34700.000000 -69.410370
34750.000000 -69.612823
34800.000000 -69.525879
34850.000000 -69.760780
34900.000000 -69.700653
34950.000000 -70.175400
35000.000000 -70.142105
35050.000000 -70.080978
35100.000000 -70.530693
35150.000000 -70.419579
35200.000000 -70.856148
35250.000000 -71.275940
35300.000000 -70.650467
35350.000000 -70.995560
35400.000000 -70.683502
35450.000000 -70.876060
35500.000000 -71.182266
35550.000000 -70.969284
35600.000000 -71.379951
35650.000000 -71.477280
35700.000000 -71.332428
35750.000000 -71.730850
35800.000000 -71.685951
35850.000000 -71.882034
35900.000000 -72.153252
35950.000000 -72.106659
36000.000000 -71.991508
36050.000000 -72.214691
36100.000000 -72.310951
36150.000000 -72.032722
36200.000000 -72.382889
36250.000000 -71.992035
36300.000000 -72.553284
36350.000000 -72.929062
36400.000000 -72.442642
36450.000000 -73.080109
36500.000000 -73.325531
36550.000000 -73.539574
36600.000000 -73.870216
36650.000000 -73.931290
36700.000000 -73.681847
36750.000000 -74.120499
36800.000000 -74.709137
36850.000000 -74.523033
36900.000000 -75.154251
36950.000000 -74.092255
37000.000000 -75.296516
37050.000000 -75.022491
37100.000000 -74.650238
37150.000000 -74.668869
37200.000000 -74.617371
37250.000000 -74.685387
37300.000000 -74.441574
37350.000000 -74.506111
37400.000000 -74.600983
37450.000000 -75.577087
37500.000000 -75.018753
37550.000000 -75.649071
37600.000000 -74.989670
37650.000000 -75.612206
37700.000000 -74.945122
37750.000000 -74.937721
37800.000000 -75.400482
37850.000000 -75.304237
37900.000000 -75.528633
37950.000000 -75.342918
38000.000000 -75.194550
38050.000000 -76.072014
38100.000000 -75.172478
38150.000000 -75.711136
38200.000000 -75.848923
38250.000000 -75.600220
38300.000000 -76.078766
38350.000000 -75.734627
38400.000000 -76.129539
38450.000000 -76.238014
38500.000000 -77.236069
38550.000000 -77.322311
38600.000000 -77.298965
38650.000000 -77.329124
38700.000000 -78.031113
38750.000000 -78.472137
38800.000000 -77.334000
38850.000000 -77.878204
38900.000000 -78.406799
38950.000000 -79.007401
39000.000000 -78.797165
39050.000000 -78.104317
39100.000000 -77.812019
39150.000000 -77.627525
39200.000000 -78.747696
39250.000000 -78.472137
39300.000000 -78.689362
39350.000000 -78.263458
39400.000000 -78.820274
39450.000000 -78.340851
39500.000000 -78.761467
39550.000000 -78.128860
39600.000000 -78.462135
39650.000000 -78.255867
39700.000000 -78.050148
39750.000000 -77.330101
39800.000000 -77.311600
39850.000000 -78.056503
39900.000000 -77.698410
39950.000000 -79.676872
40000.000000 -78.663193
