0.000000 -62.578842
50.000000 -56.990723
100.000000 -53.968475
150.000000 -53.966953
200.000000 -54.954533
250.000000 -54.954159
300.000000 -56.956860
350.000000 -54.503296
400.000000 -54.500832
450.000000 -53.972511
500.000000 -53.972446
550.000000 -59.299911
600.000000 -58.470463
650.000000 -54.321980
700.000000 -55.193027
750.000000 -59.136509
800.000000 -57.565613
850.000000 -54.317570
900.000000 -54.768806
950.000000 -59.635517
1000.000000 -59.368408
1050.000000 -54.338402
1100.000000 -53.963116
1150.000000 -53.977879
1200.000000 -55.057529
1250.000000 -55.751507
1300.000000 -55.553619
1350.000000 -54.303249
1400.000000 -53.956039
1450.000000 -53.974831
1500.000000 -57.494606
1550.000000 -62.775642
1600.000000 -55.078712
1650.000000 -53.966686
1700.000000 -56.720078
1750.000000 -59.682487
1800.000000 -55.175819
1850.000000 -54.804874
1900.000000 -58.525318
1950.000000 -58.341946
2000.000000 -54.295551
2050.000000 -53.969467
2100.000000 -54.221714
2150.000000 -56.024918
2200.000000 -57.137897
2250.000000 -58.863071
2300.000000 -54.488461
2350.000000 -53.946461
2400.000000 -53.966091
2450.000000 -54.784424
2500.000000 -54.352642
2550.000000 -53.966553
2600.000000 -53.959476
2650.000000 -53.965496
2700.000000 -56.006828
2750.000000 -56.814625
2800.000000 -53.976154
2850.000000 -53.985302
2900.000000 -56.611649
2950.000000 -59.469429
3000.000000 -56.816551
3050.000000 -54.212994
3100.000000 -54.394455
3150.000000 -54.455074
3200.000000 -54.869976
3250.000000 -55.324017
3300.000000 -55.365894
3350.000000 -53.960468
3400.000000 -53.939072
3450.000000 -53.928062
3500.000000 -54.793297
3550.000000 -54.882763
3600.000000 -56.130386
3650.000000 -54.438221
3700.000000 -54.449127
3750.000000 -53.970459
3800.000000 -53.975491
3850.000000 -54.471397
3900.000000 -56.036083
3950.000000 -57.973293
4000.000000 -58.411209
4050.000000 -57.026226
4100.000000 -55.337643
4150.000000 -54.588673
4200.000000 -54.421959
4250.000000 -55.733162
4300.000000 -58.295967
4350.000000 -61.382919
4400.000000 -65.164314
4450.000000 -65.644257
4500.000000 -62.439426
4550.000000 -59.032379
4600.000000 -57.039223
4650.000000 -55.465656
4700.000000 -54.011135
4750.000000 -53.978607
4800.000000 -53.979069
4850.000000 -53.889740
4900.000000 -53.942436
4950.000000 -53.979401
5000.000000 -53.979401
5050.000000 -53.977348
5100.000000 -54.463829
5150.000000 -54.720894
5200.000000 -55.013973
5250.000000 -55.107811
5300.000000 -54.976280
5350.000000 -54.381676
5400.000000 -54.156944
5450.000000 -53.974632
5500.000000 -53.973637
5550.000000 -53.974499
5600.000000 -53.975227
5650.000000 -53.975292
5700.000000 -53.977810
5750.000000 -54.356792
5800.000000 -54.561420
5850.000000 -54.592869
5900.000000 -55.060604
5950.000000 -55.352455
6000.000000 -55.412895
6050.000000 -55.573421
6100.000000 -55.873859
6150.000000 -56.065861
6200.000000 -56.166542
6250.000000 -56.600166
6300.000000 -56.832642
6350.000000 -56.794991
6400.000000 -57.234138
6450.000000 -57.440834
6500.000000 -57.412746
6550.000000 -57.873325
6600.000000 -58.326847
6650.000000 -58.347534
6700.000000 -58.512909
6750.000000 -58.955418
6800.000000 -58.949543
6850.000000 -59.323170
6900.000000 -59.456226
6950.000000 -59.736835
7000.000000 -59.837322
7050.000000 -60.240814
7100.000000 -60.325985
7150.000000 -60.656242
7200.000000 -61.050114
7250.000000 -61.194141
7300.000000 -61.367699
7350.000000 -61.454700
7400.000000 -61.813488
7450.000000 -62.081673
7500.000000 -62.030437
7550.000000 -62.382221
7600.000000 -62.731785
7650.000000 -62.970085
7700.000000 -63.142498
7750.000000 -63.404076
7800.000000 -63.645096
7850.000000 -63.856964
7900.000000 -64.208641
7950.000000 -64.246155
8000.000000 -64.470749
8050.000000 -64.698112
8100.000000 -64.880302
8150.000000 -65.018074
8200.000000 -65.359108
8250.000000 -65.426926
8300.000000 -65.645271
8350.000000 -65.764641
8400.000000 -66.019279
8450.000000 -66.278603
8500.000000 -66.336136
8550.000000 -66.619148
8600.000000 -66.877983
8650.000000 -67.194389
8700.000000 -67.214737
8750.000000 -67.699432
8800.000000 -67.717133
8850.000000 -68.093506
8900.000000 -68.688904
8950.000000 -68.814499
9000.000000 -68.973907
9050.000000 -69.211380
9100.000000 -69.446075
9150.000000 -69.960823
9200.000000 -69.975433
9250.000000 -70.019852
9300.000000 -70.381393
9350.000000 -70.659508
9400.000000 -71.165474
9450.000000 -70.984291
9500.000000 -71.613983
9550.000000 -71.596840
9600.000000 -72.079460
9650.000000 -72.115204
9700.000000 -72.194702
9750.000000 -72.129120
9800.000000 -72.037491
9850.000000 -72.667053
9900.000000 -72.626694
9950.000000 -73.638428
10000.000000 -73.024712
10050.000000 -73.849960
10100.000000 -73.746117
10150.000000 -73.571762
10200.000000 -73.637779
10250.000000 -74.398354
10300.000000 -74.484314
10350.000000 -74.702660
10400.000000 -74.339439
10450.000000 -74.849373
10500.000000 -75.438019
10550.000000 -75.358437
10600.000000 -75.920715
10650.000000 -75.902504
10700.000000 -75.669975
10750.000000 -75.755737
10800.000000 -76.139732
10850.000000 -76.560204
10900.000000 -76.885544
10950.000000 -77.936539
11000.000000 -78.003685
11050.000000 -78.185677
11100.000000 -77.694344
11150.000000 -77.932358
11200.000000 -78.640495
11250.000000 -78.680252
11300.000000 -78.932068
11350.000000 -79.125237
11400.000000 -79.134834
11450.000000 -79.618332
11500.000000 -80.119576
11550.000000 -79.341217
11600.000000 -79.338760
11650.000000 -80.181610
11700.000000 -79.688370
11750.000000 -80.030006
11800.000000 -80.027351
11850.000000 -81.026665
11900.000000 -81.241112
11950.000000 -81.376709
12000.000000 -81.566681
12050.000000 -81.880219
12100.000000 -82.079979
12150.000000 -81.498703
12200.000000 -81.459412
12250.000000 -82.579025
12300.000000 -83.555832
12350.000000 -83.110397
12400.000000 -82.265495
12450.000000 -83.660240
12500.000000 -82.874725
12550.000000 -84.752243
12600.000000 -84.492737
12650.000000 -85.222885
12700.000000 -85.993614
12750.000000 -86.660721
12800.000000 -86.253799
12850.000000 -83.887398
12900.000000 -83.914398
12950.000000 -85.425941
13000.000000 -86.030685
13050.000000 -86.094612
13100.000000 -87.178024
13150.000000 -87.165924
13200.000000 -86.202217
13250.000000 -84.904747
13300.000000 -84.930542
13350.000000 -84.424095
13400.000000 -86.180649
13450.000000 -84.904747
13500.000000 -87.162895
13550.000000 -84.640732
13600.000000 -84.557449
13650.000000 -86.752510
13700.000000 -86.600998
13750.000000 -87.874535
13800.000000 -88.161423
13850.000000 -87.361671
13900.000000 -88.871376
13950.000000 -88.097221
14000.000000 -89.355728
14050.000000 -88.603203
14100.000000 -91.321220
14150.000000 -91.384888
14200.000000 -90.827995
14250.000000 -87.536644
14300.000000 -89.516769
14350.000000 -91.695129
14400.000000 -90.488930
14450.000000 -88.046860
14500.000000 -89.872833
14550.000000 -93.357567
14600.000000 -90.981491
14650.000000 -91.828606
14700.000000 -93.494362
14750.000000 -89.692978
14800.000000 -94.024071
14850.000000 -91.725754
14900.000000 -93.314491
14950.000000 -93.036621
15000.000000 -94.616684
15050.000000 -92.579208
15100.000000 -95.306580
15150.000000 -93.180489
15200.000000 -91.679863
15250.000000 -92.732841
15300.000000 -90.073380
15350.000000 -93.150314
15400.000000 -93.519463
15450.000000 -89.823410
15500.000000 -91.838959
15550.000000 -90.995575
15600.000000 -93.826508
15650.000000 -93.716515
15700.000000 -90.511124
15750.000000 -93.997467
15800.000000 -98.399117
15850.000000 -94.988213
15900.000000 -93.607903
15950.000000 -95.047958
16000.000000 -89.552521
16050.000000 -94.709885
16100.000000 -94.811394
16150.000000 -90.827995
16200.000000 -89.848083
16250.000000 -91.974678
16300.000000 -92.038040
16350.000000 -89.839851
16400.000000 -90.569107
16450.000000 -93.481834
16500.000000 -91.429237
16550.000000 -91.771881
16600.000000 -92.511787
16650.000000 -90.524467
16700.000000 -89.178543
16750.000000 -90.291664
16800.000000 -89.540588
16850.000000 -90.052269
16900.000000 -89.968346
16950.000000 -89.359619
17000.000000 -89.266678
17050.000000 -89.741653
17100.000000 -91.037979
17150.000000 -88.823662
17200.000000 -90.244118
17250.000000 -88.409119
17300.000000 -88.700089
17350.000000 -92.895096
17400.000000 -88.772568
17450.000000 -89.524696
17500.000000 -88.003464
17550.000000 -87.963585
17600.000000 -88.263771
17650.000000 -89.102615
17700.000000 -92.117958
17750.000000 -92.590492
17800.000000 -91.009689
17850.000000 -91.321220
17900.000000 -90.235497
17950.000000 -91.619049
18000.000000 -88.761650
18050.000000 -91.700264
18100.000000 -89.121536
18150.000000 -90.832611
18200.000000 -94.260391
18250.000000 -93.332932
18300.000000 -91.751350
18350.000000 -90.925362
18400.000000 -93.351402
18450.000000 -93.898430
18500.000000 -94.702682
18550.000000 -91.613998
18600.000000 -92.534203
18650.000000 -92.906799
18700.000000 -92.942009
18750.000000 -92.263519
18800.000000 -92.709908
18850.000000 -91.735985
18900.000000 -93.030678
18950.000000 -93.924728
19000.000000 -92.579208
19050.000000 -90.081833
19100.000000 -93.302223
19150.000000 -93.400864
19200.000000 -90.972107
19250.000000 -91.360344
19300.000000 -92.658531
19350.000000 -92.802010
19400.000000 -92.193100
19450.000000 -91.128189
19500.000000 -93.588875
19550.000000 -92.329033
19600.000000 -92.209305
19650.000000 -90.930023
19700.000000 -93.513176
19750.000000 -95.085510
19800.000000 -95.161110
19850.000000 -96.140617
19900.000000 -91.543625
19950.000000 -96.399467
20000.000000 -93.488091
20050.000000 -95.176308
20100.000000 -95.391922
20150.000000 -95.161110
20200.000000 -94.524467
20250.000000 -91.195259
20300.000000 -90.916039
20350.000000 -95.407532
20400.000000 -91.901337
20450.000000 -90.493362
20500.000000 -93.716515
20550.000000 -93.742271
20600.000000 -90.591507
20650.000000 -88.437080
20700.000000 -92.630119
20750.000000 -91.444077
20800.000000 -90.704399
20850.000000 -91.296852
20900.000000 -92.444885
20950.000000 -92.995102
21000.000000 -94.158325
21050.000000 -90.759117
21100.000000 -94.869934
21150.000000 -92.230949
21200.000000 -92.252647
21250.000000 -90.546761
21300.000000 -88.134331
21350.000000 -92.279854
21400.000000 -94.709885
21450.000000 -91.528625
21500.000000 -93.078331
21550.000000 -89.072426
21600.000000 -91.813103
21650.000000 -94.943665
21700.000000 -97.332085
21750.000000 -95.938995
21800.000000 -94.315323
21850.000000 -90.786606
21900.000000 -91.609016
21950.000000 -88.889793
22000.000000 -91.316338
22050.000000 -95.314301
22100.000000 -93.228981
22150.000000 -69.457100
22200.000000 -63.191357
22250.000000 -60.048244
22300.000000 -57.525547
22350.000000 -55.845963
22400.000000 -54.446327
22450.000000 -53.970856
22500.000000 -53.953197
22550.000000 -53.923649
22600.000000 -53.977081
22650.000000 -54.107174
22700.000000 -55.402115
22750.000000 -57.176975
22800.000000 -59.278782
22850.000000 -62.541824
22900.000000 -64.779991
22950.000000 -62.217285
23000.000000 -58.666367
23050.000000 -56.186340
23100.000000 -54.365311
23150.000000 -53.965828
23200.000000 -53.929775
23250.000000 -54.139580
23300.000000 -56.165520
23350.000000 -57.940506
23400.000000 -60.102390
23450.000000 -58.867493
23500.000000 -56.987164
23550.000000 -55.370636
23600.000000 -54.350983
23650.000000 -54.031776
23700.000000 -54.220146
23750.000000 -53.971054
23800.000000 -53.970062
23850.000000 -55.932659
23900.000000 -59.706413
23950.000000 -68.307449
24000.000000 -60.969425
24050.000000 -56.252552
24100.000000 -54.272217
24150.000000 -54.758652
24200.000000 -57.633976
24250.000000 -60.052376
24300.000000 -59.761570
24350.000000 -56.338638
24400.000000 -54.407814
24450.000000 -53.956768
24500.000000 -53.970657
24550.000000 -54.734112
24600.000000 -55.216606
24650.000000 -58.681042
24700.000000 -60.232914
24750.000000 -57.226337
24800.000000 -53.965431
24850.000000 -53.947586
24900.000000 -53.947716
24950.000000 -54.164455
25000.000000 -56.072010
25050.000000 -54.864841
25100.000000 -53.924244
25150.000000 -53.870281
25200.000000 -53.958817
25250.000000 -54.547825
25300.000000 -55.549015
25350.000000 -54.881145
25400.000000 -53.976620
25450.000000 -54.586254
25500.000000 -57.620766
25550.000000 -59.814198
25600.000000 -55.662251
25650.000000 -54.116390
25700.000000 -55.112621
25750.000000 -55.564350
25800.000000 -56.242313
25850.000000 -56.050034
25900.000000 -54.717793
25950.000000 -54.059555
26000.000000 -54.579365
26050.000000 -54.784424
26100.000000 -54.298439
26150.000000 -53.963444
26200.000000 -53.972580
26250.000000 -54.257217
26300.000000 -56.062656
26350.000000 -55.088268
26400.000000 -53.976486
26450.000000 -53.967613
26500.000000 -54.899395
26550.000000 -56.607250
26600.000000 -55.369858
26650.000000 -53.951481
26700.000000 -53.955181
26750.000000 -56.531441
26800.000000 -57.185501
26850.000000 -58.152077
26900.000000 -54.021385
26950.000000 -54.251541
27000.000000 -54.250244
27050.000000 -56.920242
27100.000000 -59.053986
27150.000000 -54.470978
27200.000000 -53.962982
27250.000000 -53.956108
27300.000000 -56.895084
27350.000000 -55.661446
27400.000000 -53.972908
27450.000000 -53.948444
27500.000000 -54.629074
27550.000000 -56.838352
27600.000000 -55.001141
27650.000000 -53.962719
27700.000000 -53.916080
27750.000000 -56.070072
27800.000000 -63.886372
27850.000000 -58.290306
27900.000000 -54.067921
27950.000000 -53.971188
28000.000000 -54.139107
28050.000000 -55.595745
28100.000000 -55.684639
28150.000000 -53.959347
28200.000000 -53.925362
28250.000000 -54.955715
28300.000000 -59.407928
28350.000000 -55.351059
28400.000000 -53.972710
28450.000000 -53.963974
28500.000000 -55.798115
28550.000000 -54.783695
28600.000000 -53.968937
28650.000000 -53.962322
28700.000000 -53.977146
28750.000000 -57.181408
28800.000000 -64.589767
28850.000000 -56.956299
28900.000000 -53.955116
28950.000000 -53.956703
29000.000000 -54.173531
29050.000000 -56.570469
29100.000000 -55.722794
29150.000000 -54.296375
29200.000000 -53.977146
29250.000000 -57.747967
29300.000000 -57.951283
29350.000000 -54.763744
29400.000000 -53.968143
29450.000000 -55.189369
29500.000000 -56.345421
29550.000000 -53.971188
29600.000000 -53.955643
29650.000000 -53.959015
29700.000000 -55.624046
29750.000000 -61.388046
29800.000000 -58.683662
29850.000000 -53.978207
29900.000000 -53.936893
29950.000000 -53.939468
30000.000000 -54.627071
30050.000000 -54.908020
30100.000000 -54.420563
30150.000000 -53.972050
30200.000000 -56.556816
30250.000000 -59.876694
30300.000000 -55.431438
30350.000000 -53.977016
30400.000000 -53.976486
30450.000000 -55.421028
30500.000000 -53.975163
30550.000000 -53.934982
30600.000000 -53.930962
30650.000000 -54.424400
30700.000000 -60.152294
30750.000000 -60.394230
30800.000000 -54.267651
30850.000000 -53.965298
30900.000000 -53.958817
30950.000000 -55.414627
31000.000000 -55.950680
31050.000000 -53.966953
31100.000000 -53.972313
31150.000000 -55.708946
31200.000000 -60.305916
31250.000000 -56.724712
31300.000000 -54.348560
31350.000000 -54.824211
31400.000000 -56.432701
31450.000000 -54.475746
31500.000000 -53.943558
31550.000000 -53.963974
31600.000000 -54.088028
31650.000000 -58.877033
31700.000000 -58.780910
31750.000000 -54.785149
31800.000000 -53.949497
31850.000000 -53.954784
31900.000000 -55.277267
31950.000000 -56.993721
32000.000000 -56.162365
32050.000000 -54.192257
32100.000000 -55.598701
32150.000000 -61.816101
32200.000000 -57.357819
32250.000000 -53.984306
32300.000000 -54.359077
32350.000000 -57.222099
32400.000000 -56.855038
32450.000000 -53.927402
32500.000000 -53.948971
32550.000000 -54.603756
32600.000000 -58.096966
32650.000000 -60.147568
32700.000000 -55.324791
32750.000000 -53.960800
32800.000000 -53.949368
32850.000000 -53.977478
32900.000000 -57.777901
32950.000000 -56.346119
33000.000000 -54.011734
33050.000000 -54.454865
33100.000000 -60.318974
33150.000000 -59.406075
33200.000000 -54.677483
33250.000000 -54.128113
33300.000000 -56.522202
33350.000000 -56.576096
33400.000000 -53.975094
33450.000000 -53.908123
33500.000000 -53.966225
33550.000000 -56.094471
33600.000000 -59.987156
33650.000000 -56.562969
33700.000000 -53.956238
33750.000000 -53.932743
33800.000000 -53.958286
33850.000000 -56.932713
33900.000000 -57.948875
33950.000000 -54.427258
34000.000000 -54.556675
34050.000000 -58.813911
34100.000000 -61.184109
34150.000000 -54.988483
34200.000000 -53.977478
34250.000000 -56.204559
34300.000000 -58.551750
34350.000000 -54.692360
34400.000000 -54.897778
34450.000000 -54.507732
34500.000000 -55.022861
34550.000000 -59.412888
34600.000000 -57.313740
34650.000000 -54.828373
34700.000000 -53.944218
34750.000000 -53.943756
34800.000000 -55.316513
34850.000000 -58.296185
34900.000000 -55.813980
34950.000000 -53.973309
35000.000000 -56.475708
35050.000000 -62.020061
35100.000000 -56.679565
35150.000000 -54.199593
35200.000000 -55.237949
35250.000000 -57.537018
35300.000000 -54.751186
35350.000000 -53.935970
35400.000000 -54.132698
35450.000000 -54.855305
35500.000000 -57.612907
35550.000000 -58.174171
35600.000000 -55.205227
35650.000000 -53.961197
35700.000000 -53.950886
35750.000000 -55.114887
35800.000000 -56.616131
35850.000000 -55.622208
35900.000000 -54.534676
35950.000000 -54.977470
36000.000000 -60.044651
36050.000000 -57.279854
36100.000000 -53.972977
36150.000000 -53.976883
36200.000000 -57.940613
36250.000000 -56.228649
36300.000000 -53.980461
36350.000000 -53.960007
36400.000000 -54.968628
36450.000000 -55.649391
36500.000000 -57.330585
36550.000000 -55.229084
36600.000000 -53.943691
36650.000000 -53.961132
36700.000000 -55.368382
36750.000000 -57.079372
36800.000000 -57.396931
36850.000000 -54.234398
36900.000000 -54.647587
36950.000000 -61.180019
37000.000000 -59.261723
37050.000000 -55.172703
37100.000000 -54.449894
37150.000000 -60.207901
37200.000000 -58.401390
37250.000000 -53.963974
37300.000000 -53.973309
37350.000000 -54.522533
37400.000000 -56.582355
37450.000000 -56.957886
37500.000000 -55.504192
37550.000000 -54.053806
37600.000000 -54.224236
37650.000000 -54.147549
37700.000000 -56.960873
37750.000000 -58.307629
37800.000000 -54.310959
37850.000000 -54.456615
37900.000000 -58.643551
37950.000000 -60.080959
38000.000000 -54.662128
38050.000000 -54.525990
38100.000000 -56.580654
38150.000000 -58.009369
38200.000000 -54.418400
38250.000000 -53.975956
38300.000000 -54.386604
38350.000000 -55.587048
38400.000000 -56.850151
38450.000000 -56.740818
38500.000000 -57.004044
38550.000000 -53.946793
38600.000000 -54.163372
38650.000000 -55.057457
38700.000000 -60.427162
38750.000000 -55.592873
38800.000000 -54.609097
38850.000000 -56.692696
38900.000000 -61.910709
38950.000000 -56.239735
39000.000000 -54.442623
39050.000000 -56.415237
39100.000000 -60.219444
39150.000000 -55.304466
39200.000000 -53.974632
39250.000000 -53.972908
39300.000000 -55.723598
39350.000000 -55.802612
39400.000000 -57.022648
39450.000000 -55.806618
39500.000000 -53.960403
39550.000000 -53.956966
39600.000000 -54.926476
39650.000000 -60.622860
39700.000000 -57.790100
39750.000000 -54.269405
39800.000000 -55.102283
39850.000000 -62.380478
39900.000000 -57.671097
39950.000000 -54.659332
40000.000000 -55.154476
