0.000000 -63.192310
50.000000 -60.025085
100.000000 -57.570721
150.000000 -55.981087
200.000000 -54.419308
250.000000 -54.285866
300.000000 -54.315090
350.000000 -55.534657
400.000000 -56.046417
450.000000 -55.829220
500.000000 -55.377720
550.000000 -54.509068
600.000000 -54.297543
650.000000 -54.767353
700.000000 -55.910366
750.000000 -57.881012
800.000000 -60.510815
850.000000 -63.968430
900.000000 -68.448273
950.000000 -66.606750
1000.000000 -62.373333
1050.000000 -59.570908
1100.000000 -57.239063
1150.000000 -55.609566
1200.000000 -54.618580
1250.000000 -54.401550
1300.000000 -54.938530
1350.000000 -55.950432
1400.000000 -56.218010
1450.000000 -55.969662
1500.000000 -55.147049
1550.000000 -54.131012
1600.000000 -54.040180
1650.000000 -54.854500
1700.000000 -56.366592
1750.000000 -58.631542
1800.000000 -61.169083
1850.000000 -64.683105
1900.000000 -69.389641
1950.000000 -64.200684
2000.000000 -64.193375
2050.000000 -65.287437
2100.000000 -64.942123
2150.000000 -64.505638
2200.000000 -63.384876
2250.000000 -62.518589
2300.000000 -61.283096
2350.000000 -61.190796
2400.000000 -60.294392
2450.000000 -59.732723
2500.000000 -58.734982
2550.000000 -58.486149
2600.000000 -57.932354
2650.000000 -57.310627
2700.000000 -57.075207
2750.000000 -56.574486
2800.000000 -55.913094
2850.000000 -55.604530
2900.000000 -55.367290
2950.000000 -55.068863
3000.000000 -54.789658
3050.000000 -54.460255
3100.000000 -54.411781
3150.000000 -54.073410
3200.000000 -53.978672
3250.000000 -53.971054
3300.000000 -54.056812
3350.000000 -53.977280
3400.000000 -53.977810
3450.000000 -54.068321
3500.000000 -54.290192
3550.000000 -54.393970
3600.000000 -54.607246
3650.000000 -54.948082
3700.000000 -55.223869
3750.000000 -55.458424
3800.000000 -55.578758
3850.000000 -55.843170
3900.000000 -56.150616
3950.000000 -56.266251
4000.000000 -56.561901
4050.000000 -56.777870
4100.000000 -56.926476
4150.000000 -57.231247
4200.000000 -57.275883
4250.000000 -57.665928
4300.000000 -57.918369
4350.000000 -57.948456
4400.000000 -58.373100
4450.000000 -58.551525
4500.000000 -58.809750
4550.000000 -59.144672
4600.000000 -59.244209
4650.000000 -59.329792
4700.000000 -59.652893
4750.000000 -59.832642
4800.000000 -59.922024
4850.000000 -60.249538
4900.000000 -60.615173
4950.000000 -60.729881
5000.000000 -61.041145
5050.000000 -61.240185
5100.000000 -61.322983
5150.000000 -61.602943
5200.000000 -61.991512
5250.000000 -62.204121
5300.000000 -62.200195
5350.000000 -62.698082
5400.000000 -62.930065
5450.000000 -63.156780
5500.000000 -63.452259
5550.000000 -63.454033
5600.000000 -63.637840
5650.000000 -63.925213
5700.000000 -64.249397
5750.000000 -64.517670
5800.000000 -64.453468
5850.000000 -65.036751
5900.000000 -65.136971
5950.000000 -65.296700
6000.000000 -65.514000
6050.000000 -65.832855
6100.000000 -66.120308
6150.000000 -65.992546
6200.000000 -66.531555
6250.000000 -66.918449
6300.000000 -67.251923
6350.000000 -67.484398
6400.000000 -67.574272
6450.000000 -67.843079
6500.000000 -68.040497
6550.000000 -68.237373
6600.000000 -68.238060
6650.000000 -68.697197
6700.000000 -68.767464
6750.000000 -69.058487
6800.000000 -69.268593
6850.000000 -69.291740
6900.000000 -69.784874
6950.000000 -69.754669
7000.000000 -70.098335
7050.000000 -70.442924
7100.000000 -70.407272
7150.000000 -70.837212
7200.000000 -71.235252
7250.000000 -71.410469
7300.000000 -71.468346
7350.000000 -71.844124
7400.000000 -72.096512
7450.000000 -72.231476
7500.000000 -72.232559
7550.000000 -72.252090
7600.000000 -72.953171
7650.000000 -72.972633
7700.000000 -73.593285
7750.000000 -73.651802
7800.000000 -73.651802
7850.000000 -73.773254
7900.000000 -74.323570
7950.000000 -74.396263
8000.000000 -74.395569
8050.000000 -74.463974
8100.000000 -75.133034
8150.000000 -75.076454
8200.000000 -75.778534
8250.000000 -76.368774
8300.000000 -76.506851
8350.000000 -76.830162
8400.000000 -76.564667
8450.000000 -77.014282
8500.000000 -77.224510
8550.000000 -77.672012
8600.000000 -78.223396
8650.000000 -78.247200
8700.000000 -78.562645
8750.000000 -78.727058
8800.000000 -78.473244
8850.000000 -78.755722
8900.000000 -78.411209
8950.000000 -79.335075
9000.000000 -78.609947
9050.000000 -78.829536
9100.000000 -79.582886
9150.000000 -79.961128
9200.000000 -80.779617
9250.000000 -80.456589
9300.000000 -80.584648
9350.000000 -79.266594
9400.000000 -80.737671
9450.000000 -80.703117
9500.000000 -81.031143
9550.000000 -81.849007
9600.000000 -81.448441
9650.000000 -82.960022
9700.000000 -82.706589
9750.000000 -83.029251
9800.000000 -82.222595
9850.000000 -83.525940
9900.000000 -81.914848
9950.000000 -82.764702
10000.000000 -83.387817
10050.000000 -84.561935
10100.000000 -83.767960
10150.000000 -85.153046
10200.000000 -85.086128
10250.000000 -86.510788
10300.000000 -84.264557
10350.000000 -85.169846
10400.000000 -85.259232
10450.000000 -84.886124
10500.000000 -84.537315
10550.000000 -84.848984
10600.000000 -83.255707
10650.000000 -84.468315
10700.000000 -85.448250
10750.000000 -84.470535
10800.000000 -84.676979
10850.000000 -84.830475
10900.000000 -84.037987
10950.000000 -84.084526
11000.000000 -84.602364
11050.000000 -83.182755
11100.000000 -84.763702
11150.000000 -84.775177
11200.000000 -85.528023
11250.000000 -86.121445
11300.000000 -84.818924
11350.000000 -86.618019
11400.000000 -85.654167
11450.000000 -86.944954
11500.000000 -86.880333
11550.000000 -86.156319
11600.000000 -86.761169
11650.000000 -86.272881
11700.000000 -86.194099
11750.000000 -86.589668
11800.000000 -88.510910
11850.000000 -87.269363
11900.000000 -89.151886
11950.000000 -86.764053
12000.000000 -86.695023
12050.000000 -89.102615
12100.000000 -88.585381
12150.000000 -87.757195
12200.000000 -87.324631
12250.000000 -87.741028
12300.000000 -89.976700
12350.000000 -88.539200
12400.000000 -89.500923
12450.000000 -89.889366
12500.000000 -92.230949
12550.000000 -91.330986
12600.000000 -88.517975
12650.000000 -90.183975
12700.000000 -90.158325
12750.000000 -91.751350
12800.000000 -94.233055
12850.000000 -91.533623
12900.000000 -91.399643
12950.000000 -90.841843
13000.000000 -91.156868
13050.000000 -92.522987
13100.000000 -91.927460
13150.000000 -93.222900
13200.000000 -91.503670
13250.000000 -92.318085
13300.000000 -93.450600
13350.000000 -93.204697
13400.000000 -89.876961
13450.000000 -93.180489
13500.000000 -94.804100
13550.000000 -94.581100
13600.000000 -94.782272
13650.000000 -95.376343
13700.000000 -91.802780
13750.000000 -94.855263
13800.000000 -97.148811
13850.000000 -92.511787
13900.000000 -93.271629
13950.000000 -96.867081
14000.000000 -94.652412
14050.000000 -95.100578
14100.000000 -91.922226
14150.000000 -90.892784
14200.000000 -92.709908
14250.000000 -93.006943
14300.000000 -93.108253
14350.000000 -94.322212
14400.000000 -92.692749
14450.000000 -92.176933
14500.000000 -93.924728
14550.000000 -91.468857
14600.000000 -89.922539
14650.000000 -89.117744
14700.000000 -89.113960
14750.000000 -97.025604
14800.000000 -93.132263
14850.000000 -95.661156
14900.000000 -93.096275
14950.000000 -92.107208
15000.000000 -87.917297
15050.000000 -95.709541
15100.000000 -94.315323
15150.000000 -92.825188
15200.000000 -93.126259
15250.000000 -94.524467
15300.000000 -92.367477
15350.000000 -93.222900
15400.000000 -95.306580
15450.000000 -94.267242
15500.000000 -92.635796
15550.000000 -93.308357
15600.000000 -91.598877
15650.000000 -91.990479
15700.000000 -91.598877
15750.000000 -91.613998
15800.000000 -93.138275
15850.000000 -89.684883
15900.000000 -94.738770
15950.000000 -93.891861
16000.000000 -91.634216
16050.000000 -91.075851
16100.000000 -93.488091
16150.000000 -92.624443
16200.000000 -94.630959
16250.000000 -95.693382
16300.000000 -94.595314
16350.000000 -92.133957
16400.000000 -93.658844
16450.000000 -92.340004
16500.000000 -93.277740
16550.000000 -90.604980
16600.000000 -92.767357
16650.000000 -93.180489
16700.000000 -93.357567
16750.000000 -92.704185
16800.000000 -89.336296
16850.000000 -92.085869
16900.000000 -87.470612
16950.000000 -89.209145
17000.000000 -90.809578
17050.000000 -92.378494
17100.000000 -91.142517
17150.000000 -92.761597
17200.000000 -93.265526
17250.000000 -91.483757
17300.000000 -91.071106
17350.000000 -92.016869
17400.000000 -94.943665
17450.000000 -91.911774
17500.000000 -94.695480
17550.000000 -92.220116
17600.000000 -94.760490
17650.000000 -95.214417
17700.000000 -91.137741
17750.000000 -90.804977
17800.000000 -91.238655
17850.000000 -91.340759
17900.000000 -91.513641
17950.000000 -92.318085
18000.000000 -92.865898
18050.000000 -94.192215
18100.000000 -94.260391
18150.000000 -93.302246
18200.000000 -93.235062
18250.000000 -92.006302
18300.000000 -92.001022
18350.000000 -90.944031
18400.000000 -90.841843
18450.000000 -99.860168
18500.000000 -91.404572
18550.000000 -90.546761
18600.000000 -92.285301
18650.000000 -89.819305
18700.000000 -91.593834
18750.000000 -93.382278
18800.000000 -92.236366
18850.000000 -90.309013
18900.000000 -91.700226
18950.000000 -94.659576
19000.000000 -94.673920
19050.000000 -92.750084
19100.000000 -93.755180
19150.000000 -90.777435
19200.000000 -90.480064
19250.000000 -92.225533
19300.000000 -89.608429
19350.000000 -92.069893
19400.000000 -91.019112
19450.000000 -89.959999
19500.000000 -88.682068
19550.000000 -89.270531
19600.000000 -88.461617
19650.000000 -89.508842
19700.000000 -87.386452
19750.000000 -88.678467
19800.000000 -90.077606
19850.000000 -89.935005
19900.000000 -90.137009
19950.000000 -90.920700
20000.000000 -89.406471
20050.000000 -88.787132
20100.000000 -87.818924
20150.000000 -91.389801
20200.000000 -89.197639
20250.000000 -89.053612
20300.000000 -86.550140
20350.000000 -88.363869
20400.000000 -89.778351
20450.000000 -88.592499
20500.000000 -87.439346
20550.000000 -89.794708
20600.000000 -90.291664
20650.000000 -88.532120
20700.000000 -90.484497
20750.000000 -87.647820
20800.000000 -86.992256
20850.000000 -87.426872
20900.000000 -89.102615
20950.000000 -88.188599
21000.000000 -90.972107
21050.000000 -88.349991
21100.000000 -86.524818
21150.000000 -89.132904
21200.000000 -89.061134
21250.000000 -89.106392
21300.000000 -88.454597
21350.000000 -88.454597
21400.000000 -90.356918
21450.000000 -89.437843
21500.000000 -89.823410
21550.000000 -88.750763
21600.000000 -90.542297
21650.000000 -89.640541
21700.000000 -89.794708
21750.000000 -91.350548
21800.000000 -91.751350
21850.000000 -90.090302
21900.000000 -92.918518
21950.000000 -91.166451
22000.000000 -93.132263
22050.000000 -70.267845
22100.000000 -64.383392
22150.000000 -60.425907
22200.000000 -58.184059
22250.000000 -56.177799
22300.000000 -54.981113
22350.000000 -53.973969
22400.000000 -53.969135
22450.000000 -54.603615
22500.000000 -55.606213
22550.000000 -57.226719
22600.000000 -59.120445
22650.000000 -62.653915
22700.000000 -65.883324
22750.000000 -68.724289
22800.000000 -67.723907
22850.000000 -62.709480
22900.000000 -60.709724
22950.000000 -58.389713
23000.000000 -56.380657
23050.000000 -54.202045
23100.000000 -53.976021
23150.000000 -54.073345
23200.000000 -54.420284
23250.000000 -55.783176
23300.000000 -57.256725
23350.000000 -59.372723
23400.000000 -62.252598
23450.000000 -66.327614
23500.000000 -73.312630
23550.000000 -67.097527
23600.000000 -62.771992
23650.000000 -59.498653
23700.000000 -57.373295
23750.000000 -55.499218
23800.000000 -53.971916
23850.000000 -53.977146
23900.000000 -53.931820
23950.000000 -53.979137
24000.000000 -53.966225
24050.000000 -53.966225
24100.000000 -54.277634
24150.000000 -55.164268
24200.000000 -54.506252
24250.000000 -54.742573
24300.000000 -54.352505
24350.000000 -54.158596
24400.000000 -53.970062
24450.000000 -53.969200
24500.000000 -53.949303
24550.000000 -54.103676
24600.000000 -55.947441
24650.000000 -57.959137
24700.000000 -59.993385
24750.000000 -61.836384
24800.000000 -61.002979
24850.000000 -58.667847
24900.000000 -56.529842
24950.000000 -54.627583
25000.000000 -54.160801
25050.000000 -54.791187
25100.000000 -56.545143
25150.000000 -58.713783
25200.000000 -61.159386
25250.000000 -64.626717
25300.000000 -65.764122
25350.000000 -62.836239
25400.000000 -59.225281
25450.000000 -57.058186
25500.000000 -55.161919
25550.000000 -54.312336
25600.000000 -53.974300
25650.000000 -54.521969
25700.000000 -54.725803
25750.000000 -54.549595
25800.000000 -53.978077
25850.000000 -53.997116
25900.000000 -54.246964
25950.000000 -55.752972
26000.000000 -57.689667
26050.000000 -60.396450
26100.000000 -64.267792
26150.000000 -69.752640
26200.000000 -66.029785
26250.000000 -61.856384
26300.000000 -58.932301
26350.000000 -56.632935
26400.000000 -54.799347
26450.000000 -54.121307
26500.000000 -53.975559
26550.000000 -54.455143
26600.000000 -54.757202
26650.000000 -54.862934
26700.000000 -54.173130
26750.000000 -53.970459
26800.000000 -54.443180
26850.000000 -55.046356
26900.000000 -56.411896
26950.000000 -58.504429
27000.000000 -61.697823
27050.000000 -65.153267
27100.000000 -66.848190
27150.000000 -63.725315
27200.000000 -60.626019
27250.000000 -57.852848
27300.000000 -55.652042
27350.000000 -54.537079
27400.000000 -54.386536
27450.000000 -54.243683
27500.000000 -55.578438
27550.000000 -56.520512
27600.000000 -57.602642
27650.000000 -57.344238
27700.000000 -55.936226
27750.000000 -54.802254
27800.000000 -54.219055
27850.000000 -54.284218
27900.000000 -55.498272
27950.000000 -57.732235
28000.000000 -59.699883
28050.000000 -61.266369
28100.000000 -62.284435
28150.000000 -62.625519
28200.000000 -61.039501
28250.000000 -58.166016
28300.000000 -56.548180
28350.000000 -55.110508
28400.000000 -54.414360
28450.000000 -54.816910
28500.000000 -55.648266
28550.000000 -56.748016
28600.000000 -57.300034
28650.000000 -56.853470
28700.000000 -56.225044
28750.000000 -54.828228
28800.000000 -54.581356
28850.000000 -54.338058
28900.000000 -55.280651
28950.000000 -57.006672
29000.000000 -59.649963
29050.000000 -61.950603
29100.000000 -64.601227
29150.000000 -64.258049
29200.000000 -60.946484
29250.000000 -58.218754
29300.000000 -56.491970
29350.000000 -54.864033
29400.000000 -54.868362
29450.000000 -54.803345
29500.000000 -54.762203
29550.000000 -56.230366
29600.000000 -56.410053
29650.000000 -56.293022
29700.000000 -55.361153
29750.000000 -54.528248
29800.000000 -54.239582
29850.000000 -54.507664
29900.000000 -56.274807
29950.000000 -58.523190
30000.000000 -60.891094
30050.000000 -63.615704
30100.000000 -66.324867
30150.000000 -64.363205
30200.000000 -61.047421
30250.000000 -58.115952
30300.000000 -56.053059
30350.000000 -54.770981
30400.000000 -54.307449
30450.000000 -54.675114
30500.000000 -55.165787
30550.000000 -56.354389
30600.000000 -56.307217
30650.000000 -55.633102
30700.000000 -54.685528
30750.000000 -54.518444
30800.000000 -54.441086
30850.000000 -55.351601
30900.000000 -57.266106
30950.000000 -59.937668
31000.000000 -62.951263
31050.000000 -66.641327
31100.000000 -65.564911
31150.000000 -62.735229
31200.000000 -59.584286
31250.000000 -57.304306
31300.000000 -55.392532
31350.000000 -54.316193
31400.000000 -54.375710
31450.000000 -55.143711
31500.000000 -55.880623
31550.000000 -56.904083
31600.000000 -56.367725
31650.000000 -56.048687
31700.000000 -54.687756
31750.000000 -54.228870
31800.000000 -54.350636
31850.000000 -56.005234
31900.000000 -57.919201
31950.000000 -59.843571
32000.000000 -62.259472
32050.000000 -65.551842
32100.000000 -63.902126
32150.000000 -61.185780
32200.000000 -58.279427
32250.000000 -56.622238
32300.000000 -54.925663
32350.000000 -54.533829
32400.000000 -54.586754
32450.000000 -55.304928
32500.000000 -56.357700
32550.000000 -56.938580
32600.000000 -56.960781
32650.000000 -55.462902
32700.000000 -54.662701
32750.000000 -54.594360
32800.000000 -54.526978
32850.000000 -56.248676
32900.000000 -57.898159
32950.000000 -60.911236
33000.000000 -63.175674
33050.000000 -65.228195
33100.000000 -63.083698
33150.000000 -60.182552
33200.000000 -57.934761
33250.000000 -55.989853
33300.000000 -54.814793
33350.000000 -54.232826
33400.000000 -54.922264
33450.000000 -55.574539
33500.000000 -56.254101
33550.000000 -56.133701
33600.000000 -56.407162
33650.000000 -55.478798
33700.000000 -54.560429
33750.000000 -54.539410
33800.000000 -54.731003
33850.000000 -56.685902
33900.000000 -58.211742
33950.000000 -60.890652
34000.000000 -63.072933
34050.000000 -63.108879
34100.000000 -61.994019
34150.000000 -59.085545
34200.000000 -57.595402
34250.000000 -55.730808
34300.000000 -54.352921
34350.000000 -54.445000
34400.000000 -54.478134
34450.000000 -55.812836
34500.000000 -56.590942
34550.000000 -57.121799
34600.000000 -56.081882
34650.000000 -55.126297
34700.000000 -54.713318
34750.000000 -54.229553
34800.000000 -55.218060
34850.000000 -56.844063
34900.000000 -59.404343
34950.000000 -61.816593
35000.000000 -64.136642
35050.000000 -65.079933
35100.000000 -61.872810
35150.000000 -59.381969
35200.000000 -57.219791
35250.000000 -55.330132
35300.000000 -54.684235
35350.000000 -54.417564
35400.000000 -54.994884
35450.000000 -56.219555
35500.000000 -56.960503
35550.000000 -56.819218
35600.000000 -55.637913
35650.000000 -54.842926
35700.000000 -54.256809
35750.000000 -54.319843
35800.000000 -55.967243
35850.000000 -57.664513
35900.000000 -59.839924
35950.000000 -63.132416
36000.000000 -65.689552
36050.000000 -63.885735
36100.000000 -61.208755
36150.000000 -58.731747
36200.000000 -56.770466
36250.000000 -54.985355
36300.000000 -54.409275
36350.000000 -54.165810
36400.000000 -55.745983
36450.000000 -56.307304
36500.000000 -56.791599
36550.000000 -56.592018
36600.000000 -55.298523
36650.000000 -54.762783
36700.000000 -54.337021
36750.000000 -54.419376
36800.000000 -56.249107
36850.000000 -57.649837
36900.000000 -60.693775
36950.000000 -62.730507
37000.000000 -66.661560
37050.000000 -64.273216
37100.000000 -61.358707
37150.000000 -58.910759
37200.000000 -56.828503
37250.000000 -54.935646
37300.000000 -54.624287
37350.000000 -54.346279
37400.000000 -55.441959
37450.000000 -56.359268
37500.000000 -56.790592
37550.000000 -56.229164
37600.000000 -55.047180
37650.000000 -54.354370
37700.000000 -54.433331
37750.000000 -54.818077
37800.000000 -56.379074
37850.000000 -58.590992
37900.000000 -61.602783
37950.000000 -64.941887
38000.000000 -66.240479
38050.000000 -64.101509
38100.000000 -60.888153
38150.000000 -57.911278
38200.000000 -56.222984
38250.000000 -54.852226
38300.000000 -54.335709
38350.000000 -54.296719
38400.000000 -55.305393
38450.000000 -56.146107
38500.000000 -56.229424
38550.000000 -55.802296
38600.000000 -54.435497
38650.000000 -54.252567
38700.000000 -54.399811
38750.000000 -55.270569
38800.000000 -56.947060
38850.000000 -59.080532
38900.000000 -61.685104
38950.000000 -64.336967
39000.000000 -65.641205
39050.000000 -63.535488
39100.000000 -60.030804
39150.000000 -57.911385
39200.000000 -55.784973
39250.000000 -54.469925
39300.000000 -55.251980
39350.000000 -54.223961
39400.000000 -55.002560
39450.000000 -55.811119
39500.000000 -56.050621
39550.000000 -55.236115
39600.000000 -54.627071
39650.000000 -54.408718
39700.000000 -54.399185
39750.000000 -55.425018
39800.000000 -57.443005
39850.000000 -59.689133
39900.000000 -62.211639
39950.000000 -65.223595
40000.000000 -66.604111
