0.000000 -53.982117
50.000000 -53.938873
100.000000 -53.904049
150.000000 -53.938278
200.000000 -53.974960
250.000000 -55.606846
300.000000 -58.097607
350.000000 -60.977131
400.000000 -61.680759
450.000000 -58.789665
500.000000 -56.324650
550.000000 -54.315296
600.000000 -53.963577
650.000000 -53.855701
700.000000 -53.867405
750.000000 -53.956303
800.000000 -54.014526
850.000000 -54.060024
900.000000 -54.998608
950.000000 -54.529381
1000.000000 -53.976620
1050.000000 -53.936104
1100.000000 -53.919041
1150.000000 -53.970657
1200.000000 -54.388691
1250.000000 -56.599537
1300.000000 -58.457138
1350.000000 -61.506252
1400.000000 -61.857368
1450.000000 -59.487652
1500.000000 -55.813000
1550.000000 -53.978939
1600.000000 -53.975624
1650.000000 -53.942898
1700.000000 -53.956039
1750.000000 -53.959541
1800.000000 -55.093388
1850.000000 -55.661846
1900.000000 -55.558151
1950.000000 -55.151745
2000.000000 -53.949169
2050.000000 -53.958950
2100.000000 -53.979401
2150.000000 -53.971920
2200.000000 -53.966953
2250.000000 -53.971783
2300.000000 -53.972778
2350.000000 -54.296307
2400.000000 -54.562199
2450.000000 -55.136665
2500.000000 -55.557117
2550.000000 -55.118439
2600.000000 -55.353928
2650.000000 -55.855087
2700.000000 -55.680771
2750.000000 -55.319992
2800.000000 -54.379120
2850.000000 -54.198982
2900.000000 -54.276466
2950.000000 -53.970196
3000.000000 -53.979401
3050.000000 -53.979401
3100.000000 -53.971188
3150.000000 -53.935905
3200.000000 -53.979401
3250.000000 -53.979401
3300.000000 -53.977810
3350.000000 -53.976948
3400.000000 -54.171093
3450.000000 -54.556957
3500.000000 -54.656826
3550.000000 -54.648304
3600.000000 -54.970409
3650.000000 -54.837219
3700.000000 -54.875118
3750.000000 -54.820778
3800.000000 -54.737148
3850.000000 -54.740692
3900.000000 -54.369606
3950.000000 -54.399601
4000.000000 -54.392025
4050.000000 -54.320465
4100.000000 -54.261940
4150.000000 -54.229347
4200.000000 -54.414360
4250.000000 -54.335228
4300.000000 -54.575745
4350.000000 -54.889015
4400.000000 -54.986469
4450.000000 -55.232895
4500.000000 -55.355247
4550.000000 -55.639519
4600.000000 -55.994865
4650.000000 -56.029617
4700.000000 -56.432350
4750.000000 -56.598373
4800.000000 -56.666367
4850.000000 -57.050163
4900.000000 -57.304016
4950.000000 -57.494007
5000.000000 -57.768650
5050.000000 -58.041573
5100.000000 -58.220699
5150.000000 -58.566235
5200.000000 -58.678539
5250.000000 -58.965412
5300.000000 -59.139748
5350.000000 -59.342686
5400.000000 -59.541672
5450.000000 -59.646404
5500.000000 -59.994572
5550.000000 -60.095016
5600.000000 -60.388542
5650.000000 -60.835758
5700.000000 -60.861183
5750.000000 -60.972240
5800.000000 -61.385559
5850.000000 -61.553673
5900.000000 -61.434666
5950.000000 -61.907574
6000.000000 -61.976357
6050.000000 -62.239555
6100.000000 -62.442585
6150.000000 -62.980354
6200.000000 -63.024174
6250.000000 -63.201694
6300.000000 -63.341927
6350.000000 -63.576405
6400.000000 -64.098320
6450.000000 -64.151596
6500.000000 -64.334122
6550.000000 -64.517891
6600.000000 -64.578972
6650.000000 -65.127159
6700.000000 -65.252907
6750.000000 -65.744331
6800.000000 -65.786804
6850.000000 -65.973549
6900.000000 -66.293358
6950.000000 -66.492844
7000.000000 -66.555481
7050.000000 -67.249176
7100.000000 -67.291725
7150.000000 -67.332939
7200.000000 -67.605713
7250.000000 -67.994125
7300.000000 -67.991470
7350.000000 -68.163101
7400.000000 -68.478828
7450.000000 -68.717056
7500.000000 -69.196083
7550.000000 -69.211380
7600.000000 -69.889351
7650.000000 -69.837776
7700.000000 -69.879837
7750.000000 -69.902603
7800.000000 -70.318558
7850.000000 -70.610809
7900.000000 -70.964592
7950.000000 -70.994621
8000.000000 -71.020508
8050.000000 -71.692566
8100.000000 -71.773407
8150.000000 -72.217934
8200.000000 -72.369110
8250.000000 -72.383987
8300.000000 -72.591232
8350.000000 -72.418251
8400.000000 -73.051476
8450.000000 -73.256958
8500.000000 -73.587585
8550.000000 -74.155594
8600.000000 -73.924049
8650.000000 -73.960335
8700.000000 -74.725731
8750.000000 -74.863304
8800.000000 -75.538940
8850.000000 -75.409065
8900.000000 -75.407509
8950.000000 -75.356880
9000.000000 -75.717606
9050.000000 -76.004822
9100.000000 -76.373138
9150.000000 -75.976418
9200.000000 -77.002075
9250.000000 -76.392365
9300.000000 -77.328148
9350.000000 -77.022743
9400.000000 -77.196632
9450.000000 -77.280533
9500.000000 -78.459915
9550.000000 -78.377060
9600.000000 -78.424469
9650.000000 -78.643890
9700.000000 -78.689362
9750.000000 -78.426682
9800.000000 -77.997368
9850.000000 -79.110870
9900.000000 -79.202278
9950.000000 -79.653915
10000.000000 -79.203484
10050.000000 -79.192612
10100.000000 -79.810699
10150.000000 -79.810699
10200.000000 -80.166733
10250.000000 -80.149193
10300.000000 -80.570480
10350.000000 -79.815895
10400.000000 -80.107491
10450.000000 -80.416176
10500.000000 -80.498596
10550.000000 -81.481384
10600.000000 -81.493973
10650.000000 -81.509727
10700.000000 -81.432800
10750.000000 -81.777153
10800.000000 -82.200371
10850.000000 -81.489250
10900.000000 -82.486771
10950.000000 -82.188423
11000.000000 -82.037979
11050.000000 -81.689774
11100.000000 -81.895042
11150.000000 -83.313744
11200.000000 -82.393745
11250.000000 -83.066902
11300.000000 -83.325401
11350.000000 -84.503860
11400.000000 -84.472755
11450.000000 -84.314507
11500.000000 -83.494179
11550.000000 -84.638458
11600.000000 -83.531914
11650.000000 -84.232132
11700.000000 -85.631325
11750.000000 -84.262390
11800.000000 -85.237404
11850.000000 -84.939789
11900.000000 -85.000854
11950.000000 -84.184814
12000.000000 -83.569809
12050.000000 -83.575813
12100.000000 -84.506088
12150.000000 -84.510544
12200.000000 -85.465637
12250.000000 -86.595345
12300.000000 -83.175110
12350.000000 -87.099640
12400.000000 -86.327621
12450.000000 -87.084648
12500.000000 -87.609543
12550.000000 -86.180588
12600.000000 -86.371674
12650.000000 -85.774437
12700.000000 -84.935112
12750.000000 -85.364281
12800.000000 -86.330368
12850.000000 -86.706505
12900.000000 -86.697891
12950.000000 -86.232040
13000.000000 -87.973534
13050.000000 -87.229668
13100.000000 -88.329224
13150.000000 -91.568695
13200.000000 -91.104362
13250.000000 -90.493362
13300.000000 -90.158325
13350.000000 -95.549286
13400.000000 -93.204697
13450.000000 -91.253166
13500.000000 -93.977570
13550.000000 -91.365250
13600.000000 -91.424339
13650.000000 -92.959671
13700.000000 -89.964172
13750.000000 -92.528595
13800.000000 -90.132751
13850.000000 -95.368568
13900.000000 -91.690041
13950.000000 -90.869591
14000.000000 -92.895096
14050.000000 -92.144684
14100.000000 -95.629044
14150.000000 -95.003105
14200.000000 -91.644333
14250.000000 -92.461563
14300.000000 -93.066391
14350.000000 -92.038040
14400.000000 -92.022156
14450.000000 -91.473824
14500.000000 -91.553650
14550.000000 -93.846062
14600.000000 -93.544640
14650.000000 -94.638100
14700.000000 -91.147301
14750.000000 -95.831711
14800.000000 -93.690842
14850.000000 -95.661156
14900.000000 -93.096275
14950.000000 -92.107208
15000.000000 -87.917297
15050.000000 -95.709541
15100.000000 -94.315323
15150.000000 -92.825188
15200.000000 -93.126259
15250.000000 -94.524467
15300.000000 -92.367477
15350.000000 -93.222900
15400.000000 -95.306580
15450.000000 -94.267242
15500.000000 -92.635796
15550.000000 -93.308357
15600.000000 -91.598877
15650.000000 -91.990479
15700.000000 -91.598877
15750.000000 -91.613998
15800.000000 -93.138275
15850.000000 -89.684883
15900.000000 -94.738770
15950.000000 -93.891861
16000.000000 -91.634216
16050.000000 -91.075851
16100.000000 -93.488091
16150.000000 -92.624443
16200.000000 -94.630959
16250.000000 -95.693382
16300.000000 -94.595314
16350.000000 -92.133957
16400.000000 -93.658844
16450.000000 -92.340004
16500.000000 -93.277740
16550.000000 -90.604980
16600.000000 -92.767357
16650.000000 -93.180489
16700.000000 -93.357567
16750.000000 -92.704185
16800.000000 -89.336296
16850.000000 -92.085869
16900.000000 -87.470612
16950.000000 -89.209145
17000.000000 -90.809578
17050.000000 -92.378494
17100.000000 -91.142517
17150.000000 -92.761597
17200.000000 -93.265526
17250.000000 -91.483757
17300.000000 -91.071106
17350.000000 -92.016869
17400.000000 -94.943665
17450.000000 -91.911774
17500.000000 -94.695480
17550.000000 -92.220116
17600.000000 -94.760490
17650.000000 -95.214417
17700.000000 -91.137741
17750.000000 -90.804977
17800.000000 -91.238655
17850.000000 -91.340759
17900.000000 -91.513641
17950.000000 -92.318085
18000.000000 -92.865898
18050.000000 -94.192215
18100.000000 -94.260391
18150.000000 -93.302246
18200.000000 -93.235062
18250.000000 -92.006302
18300.000000 -92.001022
18350.000000 -90.944031
18400.000000 -90.841843
18450.000000 -99.860168
18500.000000 -91.404572
18550.000000 -90.546761
18600.000000 -92.285301
18650.000000 -89.819305
18700.000000 -91.593834
18750.000000 -93.382278
18800.000000 -92.236366
18850.000000 -90.309013
18900.000000 -91.700226
18950.000000 -94.659576
19000.000000 -94.673920
19050.000000 -92.750084
19100.000000 -93.755180
19150.000000 -90.777435
19200.000000 -90.480064
19250.000000 -92.225533
19300.000000 -89.608429
19350.000000 -92.069893
19400.000000 -91.019112
19450.000000 -89.959999
19500.000000 -88.682068
19550.000000 -89.270531
19600.000000 -88.461617
19650.000000 -89.508842
19700.000000 -87.386452
19750.000000 -88.678467
19800.000000 -90.077606
19850.000000 -89.935005
19900.000000 -90.137009
19950.000000 -90.920700
20000.000000 -89.406471
20050.000000 -88.787132
20100.000000 -87.818924
20150.000000 -91.389801
20200.000000 -89.197639
20250.000000 -89.477211
20300.000000 -91.037979
20350.000000 -91.669693
20400.000000 -89.568459
20450.000000 -90.668114
20500.000000 -92.247223
20550.000000 -94.789543
20600.000000 -90.309013
20650.000000 -91.782173
20700.000000 -92.268959
20750.000000 -92.123253
20800.000000 -89.968346
20850.000000 -91.674774
20900.000000 -87.976852
20950.000000 -90.740837
21000.000000 -92.889244
21050.000000 -94.914124
21100.000000 -94.630959
21150.000000 -92.064575
21200.000000 -90.713501
21250.000000 -94.973335
21300.000000 -92.664223
21350.000000 -90.677177
21400.000000 -90.708946
21450.000000 -93.283859
21500.000000 -90.823387
21550.000000 -90.911385
21600.000000 -90.953377
21650.000000 -91.291992
21700.000000 -93.216827
21750.000000 -94.329109
21800.000000 -91.104362
21850.000000 -92.340004
21900.000000 -91.777023
21950.000000 -93.296097
22000.000000 -96.603157
22050.000000 -91.538628
22100.000000 -70.078445
22150.000000 -63.969486
22200.000000 -60.268246
22250.000000 -58.105381
22300.000000 -56.100983
22350.000000 -54.781952
22400.000000 -53.977081
22450.000000 -53.952671
22500.000000 -53.977478
22550.000000 -54.383274
22600.000000 -55.639042
22650.000000 -57.563911
22700.000000 -59.549347
22750.000000 -62.420490
22800.000000 -66.177605
22850.000000 -68.333008
22900.000000 -64.613846
22950.000000 -60.932457
23000.000000 -57.217865
23050.000000 -55.841610
23100.000000 -54.191647
23150.000000 -53.966290
23200.000000 -53.959476
23250.000000 -53.979267
23300.000000 -55.385426
23350.000000 -57.236458
23400.000000 -58.669437
23450.000000 -61.701530
23500.000000 -60.801678
23550.000000 -59.148876
23600.000000 -57.567211
23650.000000 -54.900429
23700.000000 -54.296444
23750.000000 -53.974895
23800.000000 -53.969597
23850.000000 -53.978405
23900.000000 -53.932873
23950.000000 -53.977547
24000.000000 -55.112320
24050.000000 -56.866768
24100.000000 -58.893238
24150.000000 -59.569630
24200.000000 -58.073368
24250.000000 -56.297520
24300.000000 -54.067184
24350.000000 -53.968143
24400.000000 -53.973240
24450.000000 -55.435749
24500.000000 -55.349659
24550.000000 -56.011765
24600.000000 -55.998207
24650.000000 -54.323704
24700.000000 -53.954056
24750.000000 -53.965561
24800.000000 -53.968605
24850.000000 -55.441154
24900.000000 -54.763218
24950.000000 -55.014046
25000.000000 -54.267010
25050.000000 -53.965099
25100.000000 -53.974960
25150.000000 -54.455986
25200.000000 -56.620712
25250.000000 -59.526222
25300.000000 -61.210732
25350.000000 -58.711044
25400.000000 -55.127285
25450.000000 -53.970524
25500.000000 -53.967880
25550.000000 -53.957958
25600.000000 -54.310337
25650.000000 -55.151821
25700.000000 -54.905369
25750.000000 -54.889603
25800.000000 -55.398994
25850.000000 -56.381172
25900.000000 -55.178635
25950.000000 -54.451157
26000.000000 -54.399117
26050.000000 -53.976223
26100.000000 -53.944019
26150.000000 -53.955711
26200.000000 -53.970856
26250.000000 -54.474064
26300.000000 -55.150078
26350.000000 -55.090981
26400.000000 -54.359146
26450.000000 -53.976021
26500.000000 -53.962650
26550.000000 -53.927139
26600.000000 -53.950359
26650.000000 -54.516052
26700.000000 -56.841854
26750.000000 -59.130871
26800.000000 -61.635361
26850.000000 -60.476864
26900.000000 -57.740505
26950.000000 -54.817566
27000.000000 -53.978474
27050.000000 -53.931686
27100.000000 -53.959873
27150.000000 -53.933006
27200.000000 -54.060093
27250.000000 -54.295620
27300.000000 -54.826035
27350.000000 -53.978077
27400.000000 -53.972977
27450.000000 -53.921940
27500.000000 -53.948837
27550.000000 -53.975559
27600.000000 -55.624287
27650.000000 -58.297382
27700.000000 -62.449261
27750.000000 -65.113541
27800.000000 -60.736950
27850.000000 -57.439255
27900.000000 -54.768665
27950.000000 -53.977943
28000.000000 -53.915226
28050.000000 -53.969597
28100.000000 -55.223179
28150.000000 -53.972115
28200.000000 -59.058506
28250.000000 -55.449551
28300.000000 -53.955379
28350.000000 -53.942371
28400.000000 -53.934258
28450.000000 -53.979267
28500.000000 -53.978939
28550.000000 -55.850647
28600.000000 -58.439404
28650.000000 -62.615303
28700.000000 -61.848705
28750.000000 -59.679295
28800.000000 -55.915829
28850.000000 -54.202660
28900.000000 -53.941380
28950.000000 -53.944019
29000.000000 -53.950291
29050.000000 -53.970524
29100.000000 -54.038448
29150.000000 -55.071945
29200.000000 -54.714039
29250.000000 -53.969929
29300.000000 -53.950161
29350.000000 -53.861389
29400.000000 -53.922993
29450.000000 -53.972050
29500.000000 -54.654961
29550.000000 -56.536777
29600.000000 -59.039379
29650.000000 -60.973278
29700.000000 -60.514187
29750.000000 -57.139519
29800.000000 -54.839195
29850.000000 -53.978142
29900.000000 -53.966488
29950.000000 -53.959610
30000.000000 -53.944878
30050.000000 -53.973705
30100.000000 -54.644222
30150.000000 -54.538490
30200.000000 -54.680138
30250.000000 -53.977810
30300.000000 -53.969398
30350.000000 -53.942173
30400.000000 -53.942303
30450.000000 -53.975559
30500.000000 -54.866749
30550.000000 -57.289356
30600.000000 -59.336788
30650.000000 -60.276859
30700.000000 -58.585697
30750.000000 -56.517056
30800.000000 -54.362747
30850.000000 -53.968540
30900.000000 -53.934521
30950.000000 -53.954453
31000.000000 -53.961262
31050.000000 -53.979137
31100.000000 -54.891369
31150.000000 -54.956310
31200.000000 -54.402107
31250.000000 -53.976421
31300.000000 -53.924309
31350.000000 -53.963314
31400.000000 -53.968540
31450.000000 -54.022648
31500.000000 -55.861176
31550.000000 -58.384758
31600.000000 -60.397141
31650.000000 -60.505192
31700.000000 -58.131741
31750.000000 -55.271645
31800.000000 -53.970394
31850.000000 -53.952934
31900.000000 -53.959942
31950.000000 -53.971981
32000.000000 -53.959743
32050.000000 -54.116123
32100.000000 -54.917686
32150.000000 -54.554832
32200.000000 -53.968342
32250.000000 -53.961857
32300.000000 -53.932480
32350.000000 -53.934059
32400.000000 -53.975094
32450.000000 -54.852596
32500.000000 -56.983601
32550.000000 -58.635956
32600.000000 -59.161503
32650.000000 -57.125515
32700.000000 -55.719547
32750.000000 -54.175293
32800.000000 -53.959610
32850.000000 -53.938477
32900.000000 -53.882069
32950.000000 -53.942436
33000.000000 -53.968803
33050.000000 -54.986248
33100.000000 -55.969246
33150.000000 -54.283394
33200.000000 -53.970394
33250.000000 -53.938278
33300.000000 -53.943493
33350.000000 -53.957756
33400.000000 -54.736858
33450.000000 -55.673359
33500.000000 -58.062965
33550.000000 -58.855984
33600.000000 -59.644371
33650.000000 -56.838352
33700.000000 -55.281029
33750.000000 -53.975094
33800.000000 -53.948376
33850.000000 -53.941051
33900.000000 -53.959873
33950.000000 -54.560143
34000.000000 -55.870232
34050.000000 -54.616867
34100.000000 -55.352608
34150.000000 -54.644653
34200.000000 -53.964306
34250.000000 -53.929844
34300.000000 -53.924572
34350.000000 -53.961857
34400.000000 -54.324120
34450.000000 -55.974663
34500.000000 -58.403595
34550.000000 -59.192242
34600.000000 -58.178898
34650.000000 -57.020203
34700.000000 -55.396732
34750.000000 -54.304214
34800.000000 -53.944416
34850.000000 -53.910358
34900.000000 -53.941578
34950.000000 -53.968143
35000.000000 -55.209961
35050.000000 -55.982670
35100.000000 -56.091087
35150.000000 -53.973572
35200.000000 -53.943230
35250.000000 -53.942635
35300.000000 -53.937290
35350.000000 -53.976021
35400.000000 -55.012489
35450.000000 -57.548504
35500.000000 -59.802399
35550.000000 -59.886368
35600.000000 -58.502865
35650.000000 -55.901596
35700.000000 -53.974697
35750.000000 -53.946331
35800.000000 -53.944019
35850.000000 -53.950821
35900.000000 -53.973240
35950.000000 -53.992401
36000.000000 -54.725513
36050.000000 -54.630497
36100.000000 -54.106701
36150.000000 -53.946926
36200.000000 -53.927273
36250.000000 -53.940788
36300.000000 -53.972511
36350.000000 -54.435215
36400.000000 -56.832920
36450.000000 -58.641964
36500.000000 -60.062515
36550.000000 -60.160519
36600.000000 -57.200947
36650.000000 -55.448139
36700.000000 -53.974895
36750.000000 -53.945473
36800.000000 -53.956039
36850.000000 -53.941578
36900.000000 -53.977215
36950.000000 -54.525780
37000.000000 -54.445000
37050.000000 -55.135529
37100.000000 -53.965958
37150.000000 -53.933399
37200.000000 -53.960999
37250.000000 -53.940720
37300.000000 -53.965164
37350.000000 -55.426899
37400.000000 -57.318604
37450.000000 -58.657845
37500.000000 -60.123875
37550.000000 -58.164833
37600.000000 -56.177204
37650.000000 -54.919235
37700.000000 -53.958748
37750.000000 -53.948772
37800.000000 -53.950623
37850.000000 -53.966553
37900.000000 -55.121613
37950.000000 -55.714447
38000.000000 -55.463375
38050.000000 -54.982006
38100.000000 -53.972378
38150.000000 -53.951546
38200.000000 -53.951546
38250.000000 -53.972580
38300.000000 -54.515411
38350.000000 -55.194626
38400.000000 -57.366135
38450.000000 -58.622150
38500.000000 -59.300030
38550.000000 -56.678837
38600.000000 -55.488724
38650.000000 -54.193886
38700.000000 -53.946529
38750.000000 -53.959675
38800.000000 -53.934059
38850.000000 -53.973770
38900.000000 -54.904922
38950.000000 -54.762203
39000.000000 -54.522392
39050.000000 -54.119286
39100.000000 -53.937290
39150.000000 -53.937950
39200.000000 -53.939201
39250.000000 -53.972446
39300.000000 -54.999577
39350.000000 -57.591305
39400.000000 -60.091534
39450.000000 -61.550659
39500.000000 -59.116489
39550.000000 -56.635384
39600.000000 -54.329430
39650.000000 -53.954323
39700.000000 -53.939201
39750.000000 -53.946396
39800.000000 -53.936829
39850.000000 -53.974564
39900.000000 -54.390015
39950.000000 -54.785660
40000.000000 -54.689697
