0.000000 -58.082714
50.000000 -56.707367
100.000000 -55.163887
150.000000 -54.352367
200.000000 -54.632999
250.000000 -55.212784
300.000000 -56.297695
350.000000 -57.377399
400.000000 -57.052143
450.000000 -56.435341
500.000000 -55.244003
550.000000 -54.545631
600.000000 -54.342548
650.000000 -55.271797
700.000000 -57.530834
750.000000 -58.929371
800.000000 -61.976521
850.000000 -64.338928
900.000000 -63.522358
950.000000 -61.114819
1000.000000 -58.540092
1050.000000 -56.869446
1100.000000 -55.099342
1150.000000 -54.286140
1200.000000 -54.418400
1250.000000 -55.179703
1300.000000 -56.409088
1350.000000 -56.185314
1400.000000 -57.023590
1450.000000 -56.599537
1500.000000 -54.832321
1550.000000 -54.906769
1600.000000 -54.607815
1650.000000 -55.555210
1700.000000 -57.025944
1750.000000 -59.537903
1800.000000 -61.781864
1850.000000 -63.302876
1900.000000 -62.645264
1950.000000 -63.262646
2000.000000 -63.537487
2050.000000 -65.047646
2100.000000 -65.581779
2150.000000 -66.051407
2200.000000 -64.285141
2250.000000 -63.722057
2300.000000 -62.389721
2350.000000 -61.190491
2400.000000 -60.208443
2450.000000 -60.009548
2500.000000 -59.313023
2550.000000 -58.585358
2600.000000 -58.282143
2650.000000 -58.220375
2700.000000 -57.892960
2750.000000 -57.413631
2800.000000 -56.768913
2850.000000 -56.501266
2900.000000 -56.086781
2950.000000 -55.733486
3000.000000 -55.359600
3050.000000 -55.050552
3100.000000 -54.683731
3150.000000 -54.375225
3200.000000 -54.183567
3250.000000 -54.124405
3300.000000 -53.978275
3350.000000 -54.528679
3400.000000 -54.828445
3450.000000 -53.976154
3500.000000 -53.976948
3550.000000 -54.159382
3600.000000 -54.305523
3650.000000 -54.565247
3700.000000 -54.791767
3750.000000 -54.996300
3800.000000 -55.307167
3850.000000 -55.446880
3900.000000 -55.618523
3950.000000 -55.967243
4000.000000 -56.089230
4050.000000 -56.516785
4100.000000 -56.778511
4150.000000 -56.930943
4200.000000 -57.013622
4250.000000 -57.156887
4300.000000 -57.371323
4350.000000 -57.799149
4400.000000 -58.093346
4450.000000 -58.163975
4500.000000 -58.476357
4550.000000 -58.750092
4600.000000 -58.998302
4650.000000 -59.257950
4700.000000 -59.517944
4750.000000 -59.449505
4800.000000 -59.855030
4850.000000 -59.968777
4900.000000 -60.248173
4950.000000 -60.511093
5000.000000 -60.634972
5050.000000 -61.021744
5100.000000 -61.264526
5150.000000 -61.323753
5200.000000 -61.660053
5250.000000 -61.903118
5300.000000 -62.306877
5350.000000 -62.428375
5400.000000 -62.621574
5450.000000 -62.697357
5500.000000 -63.150303
5550.000000 -63.233753
5600.000000 -63.536880
5650.000000 -63.559017
5700.000000 -64.073708
5750.000000 -64.211868
5800.000000 -64.243568
5850.000000 -64.742615
5900.000000 -65.031548
5950.000000 -65.230614
6000.000000 -65.406403
6050.000000 -65.597923
6100.000000 -65.706924
6150.000000 -66.218735
6200.000000 -66.320755
6250.000000 -66.749329
6300.000000 -66.942886
6350.000000 -67.097527
6400.000000 -67.432159
6450.000000 -67.341576
6500.000000 -67.825111
6550.000000 -67.712303
6600.000000 -67.954956
6650.000000 -68.488335
6700.000000 -68.549469
6750.000000 -68.668381
6800.000000 -68.940826
6850.000000 -69.358826
6900.000000 -69.598404
6950.000000 -69.611221
7000.000000 -70.079704
7050.000000 -70.299454
7100.000000 -70.788879
7150.000000 -70.845520
7200.000000 -71.077255
7250.000000 -71.296837
7300.000000 -71.601372
7350.000000 -71.472313
7400.000000 -71.315834
7450.000000 -71.507141
7500.000000 -72.290741
7550.000000 -72.570732
7600.000000 -72.401657
7650.000000 -72.675034
7700.000000 -73.695305
7750.000000 -73.120232
7800.000000 -73.781029
7850.000000 -73.857140
7900.000000 -74.274071
7950.000000 -74.188118
8000.000000 -74.863304
8050.000000 -74.648804
8100.000000 -75.253441
8150.000000 -75.478088
8200.000000 -75.682869
8250.000000 -76.178062
8300.000000 -76.365288
8350.000000 -76.365288
8400.000000 -76.992691
8450.000000 -76.928246
8500.000000 -77.345703
8550.000000 -77.602341
8600.000000 -78.568260
8650.000000 -78.334290
8700.000000 -78.359489
8750.000000 -78.233131
8800.000000 -78.954361
8850.000000 -79.749969
8900.000000 -79.509926
8950.000000 -79.764145
9000.000000 -78.972008
9050.000000 -78.598663
9100.000000 -80.241364
9150.000000 -79.543816
9200.000000 -80.442635
9250.000000 -80.389793
9300.000000 -81.273277
9350.000000 -80.928772
9400.000000 -79.656464
9450.000000 -79.653915
9500.000000 -81.325607
9550.000000 -81.672081
9600.000000 -81.327156
9650.000000 -81.031143
9700.000000 -82.298248
9750.000000 -81.852287
9800.000000 -82.421722
9850.000000 -82.453308
9900.000000 -82.909851
9950.000000 -83.454636
10000.000000 -83.833656
10050.000000 -83.551842
10100.000000 -82.332848
10150.000000 -83.870827
10200.000000 -81.684944
10250.000000 -82.378044
10300.000000 -84.851295
10350.000000 -84.937447
10400.000000 -84.019020
10450.000000 -85.281113
10500.000000 -82.885803
10550.000000 -83.523956
10600.000000 -85.196320
10650.000000 -85.083748
10700.000000 -84.881470
10750.000000 -84.492737
10800.000000 -84.156944
10850.000000 -84.193382
10900.000000 -83.968643
10950.000000 -82.937691
11000.000000 -84.413071
11050.000000 -84.404266
11100.000000 -83.425095
11150.000000 -83.378036
11200.000000 -84.437340
11250.000000 -83.733261
11300.000000 -82.746498
11350.000000 -85.081375
11400.000000 -85.071861
11450.000000 -85.162636
11500.000000 -83.494179
11550.000000 -84.786667
11600.000000 -85.545578
11650.000000 -85.050499
11700.000000 -84.384483
11750.000000 -85.585823
11800.000000 -85.411102
11850.000000 -84.345047
11900.000000 -86.035995
11950.000000 -85.598442
12000.000000 -85.810585
12050.000000 -86.289261
12100.000000 -85.583305
12150.000000 -86.218468
12200.000000 -85.725616
12250.000000 -85.707695
12300.000000 -87.874535
12350.000000 -88.097221
12400.000000 -86.950851
12450.000000 -86.547325
12500.000000 -87.593681
12550.000000 -86.965614
12600.000000 -87.060707
12650.000000 -86.199509
12700.000000 -87.033859
12750.000000 -86.283798
12800.000000 -87.021950
12850.000000 -87.377151
12900.000000 -87.090645
12950.000000 -87.622284
13000.000000 -87.990150
13050.000000 -89.672768
13100.000000 -89.351837
13150.000000 -89.664703
13200.000000 -88.674866
13250.000000 -87.828712
13300.000000 -89.914230
13350.000000 -87.943718
13400.000000 -86.807472
13450.000000 -89.289825
13500.000000 -86.992256
13550.000000 -87.799385
13600.000000 -88.353455
13650.000000 -88.430077
13700.000000 -85.473099
13750.000000 -85.664337
13800.000000 -88.291267
13850.000000 -89.713226
13900.000000 -89.947495
13950.000000 -89.500923
14000.000000 -90.604980
14050.000000 -89.328529
14100.000000 -88.070328
14150.000000 -88.674866
14200.000000 -92.704185
14250.000000 -89.588417
14300.000000 -88.889793
14350.000000 -88.889793
14400.000000 -88.493271
14450.000000 -89.628487
14500.000000 -90.636490
14550.000000 -89.232086
14600.000000 -92.522987
14650.000000 -90.356918
14700.000000 -92.301682
14750.000000 -89.193802
14800.000000 -91.634216
14850.000000 -90.814178
14900.000000 -93.806999
14950.000000 -90.391930
15000.000000 -90.506683
15050.000000 -91.238655
15100.000000 -89.939163
15150.000000 -90.252739
15200.000000 -90.537834
15250.000000 -91.185646
15300.000000 -88.236374
15350.000000 -88.073685
15400.000000 -91.243492
15450.000000 -91.104362
15500.000000 -91.214523
15550.000000 -90.431480
15600.000000 -90.343826
15650.000000 -89.584427
15700.000000 -88.721771
15750.000000 -89.418236
15800.000000 -89.672768
15850.000000 -90.916039
15900.000000 -91.508652
15950.000000 -90.309013
16000.000000 -88.440582
16050.000000 -87.181061
16100.000000 -86.558594
16150.000000 -87.940407
16200.000000 -88.053558
16250.000000 -88.198807
16300.000000 -87.963585
16350.000000 -89.782433
16400.000000 -90.252739
16450.000000 -90.081833
16500.000000 -88.989952
16550.000000 -93.192581
16600.000000 -88.674866
16650.000000 -91.974678
16700.000000 -93.363739
16750.000000 -90.846458
16800.000000 -90.786606
16850.000000 -90.902077
16900.000000 -88.934166
16950.000000 -89.798798
17000.000000 -89.117744
17050.000000 -88.908257
17100.000000 -88.926758
17150.000000 -88.956444
17200.000000 -91.614021
17250.000000 -90.265694
17300.000000 -90.622971
17350.000000 -88.911949
17400.000000 -92.635796
17450.000000 -91.710426
17500.000000 -86.778503
17550.000000 -87.367859
17600.000000 -89.316902
17650.000000 -88.812683
17700.000000 -88.794426
17750.000000 -91.473824
17800.000000 -93.787529
17850.000000 -93.078331
17900.000000 -93.787529
17950.000000 -91.493713
18000.000000 -93.001022
18050.000000 -92.112549
18100.000000 -89.733521
18150.000000 -89.473267
18200.000000 -91.518631
18250.000000 -89.668732
18300.000000 -92.613113
18350.000000 -92.727104
18400.000000 -87.517723
18450.000000 -89.848083
18500.000000 -89.324654
18550.000000 -88.243202
18600.000000 -91.287125
18650.000000 -89.247444
18700.000000 -88.606773
18750.000000 -90.278671
18800.000000 -90.722603
18850.000000 -88.036827
18900.000000 -89.790611
18950.000000 -91.296852
19000.000000 -88.853035
19050.000000 -86.253799
19100.000000 -87.232712
19150.000000 -89.359619
19200.000000 -87.980179
19250.000000 -88.263771
19300.000000 -88.043518
19350.000000 -89.121536
19400.000000 -86.606667
19450.000000 -90.086067
19500.000000 -88.761650
19550.000000 -88.090485
19600.000000 -88.023468
19650.000000 -89.163300
19700.000000 -88.631798
19750.000000 -89.140495
19800.000000 -88.444084
19850.000000 -86.703621
19900.000000 -88.801720
19950.000000 -88.103958
20000.000000 -88.923058
20050.000000 -91.219345
20100.000000 -88.768929
20150.000000 -90.488930
20200.000000 -90.506683
20250.000000 -89.604424
20300.000000 -93.210762
20350.000000 -91.066368
20400.000000 -90.466789
20450.000000 -89.255135
20500.000000 -89.266830
20550.000000 -87.900826
20600.000000 -91.782173
20650.000000 -89.680847
20700.000000 -89.811096
20750.000000 -89.856323
20800.000000 -94.294708
20850.000000 -93.918144
20900.000000 -92.936134
20950.000000 -96.098221
21000.000000 -90.282997
21050.000000 -95.541344
21100.000000 -93.413269
21150.000000 -92.318085
21200.000000 -92.139320
21250.000000 -91.695129
21300.000000 -92.912727
21350.000000 -92.085869
21400.000000 -92.085869
21450.000000 -90.925362
21500.000000 -89.620453
21550.000000 -93.607903
21600.000000 -94.869934
21650.000000 -93.576210
21700.000000 -92.971466
21750.000000 -92.522987
21800.000000 -93.601555
21850.000000 -91.291992
21900.000000 -95.605042
21950.000000 -92.854248
22000.000000 -70.280388
22050.000000 -64.226189
22100.000000 -60.614326
22150.000000 -58.097195
22200.000000 -56.263062
22250.000000 -54.718727
22300.000000 -54.601620
22350.000000 -54.831734
22400.000000 -55.208206
22450.000000 -56.312504
22500.000000 -57.206615
22550.000000 -58.078037
22600.000000 -58.542557
22650.000000 -58.236374
22700.000000 -57.065937
22750.000000 -55.828400
22800.000000 -54.664280
22850.000000 -54.275986
22900.000000 -54.286140
22950.000000 -55.388779
23000.000000 -56.837154
23050.000000 -58.378487
23100.000000 -59.936615
23150.000000 -62.420841
23200.000000 -64.263031
23250.000000 -63.591820
23300.000000 -60.971203
23350.000000 -59.170895
23400.000000 -57.203636
23450.000000 -55.705402
23500.000000 -54.326809
23550.000000 -53.977081
23600.000000 -53.965031
23650.000000 -53.975029
23700.000000 -53.964767
23750.000000 -53.966488
23800.000000 -54.072475
23850.000000 -54.978882
23900.000000 -55.103565
23950.000000 -55.389324
24000.000000 -55.396732
24050.000000 -54.806259
24100.000000 -54.323566
24150.000000 -54.027046
24200.000000 -53.978008
24250.000000 -53.967747
24300.000000 -53.992401
24350.000000 -55.599976
24400.000000 -57.300323
24450.000000 -58.361679
24500.000000 -59.995098
24550.000000 -59.960728
24600.000000 -59.081245
24650.000000 -57.372990
24700.000000 -55.476437
24750.000000 -54.181194
24800.000000 -54.561489
24850.000000 -55.318832
24900.000000 -57.022461
24950.000000 -59.480286
25000.000000 -63.313156
25050.000000 -66.953499
25100.000000 -66.481659
25150.000000 -61.994179
25200.000000 -59.148396
25250.000000 -56.883430
25300.000000 -55.018826
25350.000000 -54.068054
25400.000000 -53.967350
25450.000000 -53.973106
25500.000000 -53.971386
25550.000000 -53.966553
25600.000000 -53.972778
25650.000000 -53.964901
25700.000000 -54.476730
25750.000000 -56.182072
25800.000000 -58.324116
25850.000000 -60.875099
25900.000000 -65.048119
25950.000000 -68.138374
26000.000000 -64.420341
26050.000000 -60.586498
26100.000000 -58.175251
26150.000000 -56.054825
26200.000000 -54.384800
26250.000000 -53.977680
26300.000000 -53.965759
26350.000000 -54.041782
26400.000000 -54.112755
26450.000000 -53.975689
26500.000000 -53.971386
26550.000000 -54.326000
26600.000000 -54.765831
26650.000000 -55.201641
26700.000000 -57.022839
26750.000000 -59.356461
26800.000000 -62.654259
26850.000000 -67.702011
26900.000000 -68.774368
26950.000000 -64.455238
27000.000000 -60.389526
27050.000000 -58.002941
27100.000000 -55.874683
27150.000000 -54.418819
27200.000000 -54.497456
27250.000000 -54.323914
27300.000000 -55.909290
27350.000000 -56.454704
27400.000000 -57.069340
27450.000000 -56.166458
27500.000000 -55.540524
27550.000000 -54.793526
27600.000000 -54.166218
27650.000000 -54.286964
27700.000000 -55.790440
27750.000000 -57.352638
27800.000000 -58.921051
27850.000000 -60.567505
27900.000000 -61.802227
27950.000000 -62.207195
28000.000000 -60.196232
28050.000000 -58.217674
28100.000000 -56.615593
28150.000000 -55.006817
28200.000000 -54.198166
28250.000000 -54.327705
28300.000000 -55.301765
28350.000000 -55.745579
28400.000000 -56.773479
28450.000000 -56.909744
28500.000000 -56.054996
28550.000000 -55.130238
28600.000000 -54.674683
28650.000000 -54.539127
28700.000000 -54.644867
28750.000000 -56.386593
28800.000000 -58.037239
28850.000000 -60.048244
28900.000000 -62.309990
28950.000000 -64.656784
29000.000000 -63.550037
29050.000000 -61.060143
29100.000000 -58.254784
29150.000000 -56.268665
29200.000000 -54.427746
29250.000000 -54.432354
29300.000000 -54.595783
29350.000000 -55.665470
29400.000000 -56.430855
29450.000000 -56.348904
29500.000000 -56.290947
29550.000000 -54.976505
29600.000000 -54.201633
29650.000000 -54.273655
29700.000000 -55.099571
29750.000000 -57.027069
29800.000000 -59.379749
29850.000000 -62.128777
29900.000000 -66.712219
29950.000000 -66.728600
30000.000000 -62.337181
30050.000000 -60.084572
30100.000000 -57.302654
30150.000000 -55.310642
30200.000000 -54.472240
30250.000000 -54.472309
30300.000000 -54.519642
30350.000000 -55.826607
30400.000000 -56.449947
30450.000000 -56.328468
30500.000000 -55.300758
30550.000000 -54.253597
30600.000000 -54.226482
30650.000000 -54.553913
30700.000000 -56.178059
30750.000000 -58.008629
30800.000000 -60.329975
30850.000000 -63.419189
30900.000000 -65.211029
30950.000000 -63.624550
31000.000000 -61.315884
31050.000000 -58.619587
31100.000000 -56.474201
31150.000000 -54.590824
31200.000000 -54.388618
31250.000000 -54.758656
31300.000000 -55.659355
31350.000000 -56.788578
31400.000000 -57.176689
31450.000000 -57.082687
31500.000000 -55.894901
31550.000000 -54.687542
31600.000000 -54.733173
31650.000000 -54.350220
31700.000000 -55.605419
31750.000000 -57.073883
31800.000000 -59.368652
31850.000000 -61.473839
31900.000000 -62.481827
31950.000000 -61.751511
32000.000000 -59.829132
32050.000000 -58.084309
32100.000000 -56.177460
32150.000000 -54.718582
32200.000000 -54.897556
32250.000000 -54.349529
32300.000000 -55.878887
32350.000000 -56.906960
32400.000000 -57.227299
32450.000000 -57.671505
32500.000000 -56.241966
32550.000000 -54.966255
32600.000000 -54.345936
32650.000000 -54.447098
32700.000000 -55.601013
32750.000000 -57.581650
32800.000000 -59.301987
32850.000000 -61.924263
32900.000000 -63.047859
32950.000000 -62.302383
33000.000000 -60.078819
33050.000000 -57.910339
33100.000000 -56.174580
33150.000000 -54.975243
33200.000000 -54.753796
33250.000000 -54.477150
33300.000000 -55.728458
33350.000000 -56.599899
33400.000000 -56.408127
33450.000000 -57.061115
33500.000000 -56.488873
33550.000000 -55.374138
33600.000000 -54.509422
33650.000000 -54.067387
33700.000000 -55.032959
33750.000000 -57.115620
33800.000000 -59.246761
33850.000000 -61.191402
33900.000000 -63.264576
33950.000000 -61.611397
34000.000000 -59.819519
34050.000000 -57.828003
34100.000000 -56.077156
34150.000000 -55.059406
34200.000000 -54.318260
34250.000000 -54.358109
34300.000000 -56.216125
34350.000000 -57.531727
34400.000000 -58.421257
34450.000000 -56.999443
34500.000000 -56.661404
34550.000000 -55.373283
34600.000000 -54.613659
34650.000000 -54.689266
34700.000000 -55.642807
34750.000000 -57.295467
34800.000000 -59.174267
34850.000000 -61.439671
34900.000000 -62.868996
34950.000000 -62.405968
35000.000000 -60.113796
35050.000000 -58.325645
35100.000000 -56.386505
35150.000000 -54.522179
35200.000000 -54.278591
35250.000000 -54.361088
35300.000000 -55.663700
35350.000000 -57.017948
35400.000000 -57.157845
35450.000000 -57.221233
35500.000000 -56.218269
35550.000000 -54.659630
35600.000000 -54.576595
35650.000000 -54.955643
35700.000000 -55.486126
35750.000000 -56.621521
35800.000000 -59.268295
35850.000000 -61.077080
35900.000000 -61.476665
35950.000000 -62.321583
36000.000000 -60.057716
36050.000000 -57.948769
36100.000000 -55.887550
36150.000000 -54.433891
36200.000000 -54.219532
36250.000000 -54.674324
36300.000000 -56.112835
36350.000000 -56.603302
36400.000000 -57.965950
36450.000000 -57.835537
36500.000000 -56.484539
36550.000000 -55.024578
36600.000000 -54.166420
36650.000000 -54.641579
36700.000000 -55.201336
36750.000000 -57.091690
36800.000000 -59.034515
36850.000000 -61.184715
36900.000000 -62.004856
36950.000000 -62.609753
37000.000000 -60.411446
37050.000000 -58.648880
37100.000000 -56.169014
37150.000000 -54.959957
37200.000000 -54.357002
37250.000000 -54.716709
37300.000000 -55.607327
37350.000000 -56.648510
37400.000000 -56.429363
37450.000000 -56.122074
37500.000000 -54.639790
37550.000000 -54.503647
37600.000000 -54.845123
37650.000000 -54.546127
37700.000000 -55.343613
37750.000000 -56.779701
37800.000000 -58.993458
37850.000000 -60.562695
37900.000000 -63.129566
37950.000000 -63.398975
38000.000000 -59.454235
38050.000000 -57.790413
38100.000000 -56.326385
38150.000000 -54.716637
38200.000000 -54.755829
38250.000000 -54.472660
38300.000000 -56.063164
38350.000000 -56.231831
38400.000000 -57.401241
38450.000000 -56.926010
38500.000000 -56.582264
38550.000000 -55.025925
38600.000000 -54.314266
38650.000000 -54.379246
38700.000000 -55.578041
38750.000000 -57.360558
38800.000000 -59.182949
38850.000000 -61.690735
38900.000000 -62.183308
38950.000000 -63.003548
39000.000000 -60.264690
39050.000000 -57.805531
39100.000000 -56.020226
39150.000000 -54.879528
39200.000000 -54.274067
39250.000000 -55.293434
39300.000000 -55.289810
39350.000000 -56.277985
39400.000000 -57.706242
39450.000000 -57.232792
39500.000000 -56.208847
39550.000000 -55.068115
39600.000000 -54.316746
39650.000000 -54.316952
39700.000000 -55.465027
39750.000000 -57.217190
39800.000000 -59.217278
39850.000000 -62.504963
39900.000000 -64.435341
39950.000000 -63.039581
40000.000000 -60.890797
