0.000000 -53.940720
50.000000 -54.635216
100.000000 -56.211922
150.000000 -55.026073
200.000000 -54.471119
250.000000 -55.324635
300.000000 -55.546398
350.000000 -55.630295
400.000000 -54.614586
450.000000 -54.614586
500.000000 -55.876495
550.000000 -55.690609
600.000000 -55.741600
650.000000 -53.934456
700.000000 -53.930435
750.000000 -55.124332
800.000000 -54.830639
850.000000 -54.449055
900.000000 -53.941250
950.000000 -53.955311
1000.000000 -53.951878
1050.000000 -55.449551
1100.000000 -56.366245
1150.000000 -54.636574
1200.000000 -54.335781
1250.000000 -55.339890
1300.000000 -55.351059
1350.000000 -54.799774
1400.000000 -54.596069
1450.000000 -54.804974
1500.000000 -56.633743
1550.000000 -55.337719
1600.000000 -53.977745
1650.000000 -53.949368
1700.000000 -53.951679
1750.000000 -54.517105
1800.000000 -56.010422
1850.000000 -53.975029
1900.000000 -53.947849
1950.000000 -53.951153
2000.000000 -55.068115
2050.000000 -57.684181
2100.000000 -57.544807
2150.000000 -56.798473
2200.000000 -54.669300
2250.000000 -53.953861
2300.000000 -53.950687
2350.000000 -53.928921
2400.000000 -53.957561
2450.000000 -54.594078
2500.000000 -55.784729
2550.000000 -56.025673
2600.000000 -55.332375
2650.000000 -54.588387
2700.000000 -53.967281
2750.000000 -53.944088
2800.000000 -53.974960
2850.000000 -54.290260
2900.000000 -55.545284
2950.000000 -54.777809
3000.000000 -54.016258
3050.000000 -54.032711
3100.000000 -53.973106
3150.000000 -53.963840
3200.000000 -53.971455
3250.000000 -53.962254
3300.000000 -53.976486
3350.000000 -54.993095
3400.000000 -56.525665
3450.000000 -57.531132
3500.000000 -58.253479
3550.000000 -58.124905
3600.000000 -57.410877
3650.000000 -55.645214
3700.000000 -54.451084
3750.000000 -54.211838
3800.000000 -54.355892
3850.000000 -54.772724
3900.000000 -56.087627
3950.000000 -57.698509
4000.000000 -59.107994
4050.000000 -60.863525
4100.000000 -61.477768
4150.000000 -61.652500
4200.000000 -61.051910
4250.000000 -60.077480
4300.000000 -58.653530
4350.000000 -57.327660
4400.000000 -56.313290
4450.000000 -55.281261
4500.000000 -54.327637
4550.000000 -53.977745
4600.000000 -53.979401
4650.000000 -53.970989
4700.000000 -53.950161
4750.000000 -53.979401
4800.000000 -53.979401
4850.000000 -53.979401
4900.000000 -53.979401
4950.000000 -53.979401
5000.000000 -53.979267
5050.000000 -53.972843
5100.000000 -53.977146
5150.000000 -53.973572
5200.000000 -54.083733
5250.000000 -54.382511
5300.000000 -54.616440
5350.000000 -54.875854
5400.000000 -55.105453
5450.000000 -55.239407
5500.000000 -55.365891
5550.000000 -55.898785
5600.000000 -56.050369
5650.000000 -56.151806
5700.000000 -56.546391
5750.000000 -56.650673
5800.000000 -56.775768
5850.000000 -57.014938
5900.000000 -57.378769
5950.000000 -57.574528
6000.000000 -57.687637
6050.000000 -57.977810
6100.000000 -58.381016
6150.000000 -58.405472
6200.000000 -58.584457
6250.000000 -58.774570
6300.000000 -58.986618
6350.000000 -59.148876
6400.000000 -59.247124
6450.000000 -59.764008
6500.000000 -59.696812
6550.000000 -60.092739
6600.000000 -60.503929
6650.000000 -60.489754
6700.000000 -60.987968
6750.000000 -61.241104
6800.000000 -61.411873
6850.000000 -61.763496
6900.000000 -61.965714
6950.000000 -62.318638
7000.000000 -62.439777
7050.000000 -62.616020
7100.000000 -62.653713
7150.000000 -62.986893
7200.000000 -63.135838
7250.000000 -63.433346
7300.000000 -63.376072
7350.000000 -63.905033
7400.000000 -64.202835
7450.000000 -64.305573
7500.000000 -64.722046
7550.000000 -64.865204
7600.000000 -65.169594
7650.000000 -65.394554
7700.000000 -65.673492
7750.000000 -65.828964
7800.000000 -66.075378
7850.000000 -66.286247
7900.000000 -66.617157
7950.000000 -66.583435
8000.000000 -66.797028
8050.000000 -67.176201
8100.000000 -67.540733
8150.000000 -67.638863
8200.000000 -67.847000
8250.000000 -68.004112
8300.000000 -68.312973
8350.000000 -68.652931
8400.000000 -68.822914
8450.000000 -69.275536
8500.000000 -69.154541
8550.000000 -69.395111
8600.000000 -69.795921
8650.000000 -70.152336
8700.000000 -70.156181
8750.000000 -70.642342
8800.000000 -70.483147
8850.000000 -70.775581
8900.000000 -71.487221
8950.000000 -71.658005
9000.000000 -71.691040
9050.000000 -71.935814
9100.000000 -72.368011
9150.000000 -72.060837
9200.000000 -72.778870
9250.000000 -72.720772
9300.000000 -73.122032
9350.000000 -73.261230
9400.000000 -73.598991
9450.000000 -73.386589
9500.000000 -73.730003
9550.000000 -74.246010
9600.000000 -74.333229
9650.000000 -74.873581
9700.000000 -74.745255
9750.000000 -75.064438
9800.000000 -74.994141
9850.000000 -75.947273
9900.000000 -75.745171
9950.000000 -76.041710
10000.000000 -76.374016
10050.000000 -76.509514
10100.000000 -76.433586
10150.000000 -77.050072
10200.000000 -77.018044
10250.000000 -77.042526
10300.000000 -77.632568
10350.000000 -77.495399
10400.000000 -77.875092
10450.000000 -78.654106
10500.000000 -78.993225
10550.000000 -78.743095
10600.000000 -79.725533
10650.000000 -80.375946
10700.000000 -79.689651
10750.000000 -79.019234
10800.000000 -79.009766
10850.000000 -79.905884
10900.000000 -79.775757
10950.000000 -80.976097
11000.000000 -80.766579
11050.000000 -80.749222
11100.000000 -81.233467
11150.000000 -81.336426
11200.000000 -80.753563
11250.000000 -80.872910
11300.000000 -81.089546
11350.000000 -82.140816
11400.000000 -81.749550
11450.000000 -81.585754
11500.000000 -82.069878
11550.000000 -82.096832
11600.000000 -82.051399
11650.000000 -83.376083
11700.000000 -82.706589
11750.000000 -81.871994
11800.000000 -82.867348
11850.000000 -83.163651
11900.000000 -81.847366
11950.000000 -82.770172
12000.000000 -81.767403
12050.000000 -84.294922
12100.000000 -85.872902
12150.000000 -85.495529
12200.000000 -84.759117
12250.000000 -86.030685
12300.000000 -84.624908
12350.000000 -85.530533
12400.000000 -84.918747
12450.000000 -85.057617
12500.000000 -83.933136
12550.000000 -83.340965
12600.000000 -83.070671
12650.000000 -83.995895
12700.000000 -84.888451
12750.000000 -84.421890
12800.000000 -86.126755
12850.000000 -86.137497
12900.000000 -85.919937
12950.000000 -85.841682
13000.000000 -85.485550
13050.000000 -85.117134
13100.000000 -84.679253
13150.000000 -84.761406
13200.000000 -85.295731
13250.000000 -84.305794
13300.000000 -84.349419
13350.000000 -84.112144
13400.000000 -85.595917
13450.000000 -84.618134
13500.000000 -86.286530
13550.000000 -85.503014
13600.000000 -87.075661
13650.000000 -85.071861
13700.000000 -86.894974
13750.000000 -86.643616
13800.000000 -87.263245
13850.000000 -87.950333
13900.000000 -87.108650
13950.000000 -86.272881
14000.000000 -87.105644
14050.000000 -86.522011
14100.000000 -86.482788
14150.000000 -86.836548
14200.000000 -89.544563
14250.000000 -86.330368
14300.000000 -89.189987
14350.000000 -88.801720
14400.000000 -89.398643
14450.000000 -89.536606
14500.000000 -89.079964
14550.000000 -89.125320
14600.000000 -89.174728
14650.000000 -91.468857
14700.000000 -89.159492
14750.000000 -89.881096
14800.000000 -89.220581
14850.000000 -91.243492
14900.000000 -89.572449
14950.000000 -89.012367
15000.000000 -93.382278
15050.000000 -88.093849
15100.000000 -88.093849
15150.000000 -90.759117
15200.000000 -89.129112
15250.000000 -92.483849
15300.000000 -90.551224
15350.000000 -91.979942
15400.000000 -94.233055
15450.000000 -89.774261
15500.000000 -89.588417
15550.000000 -90.378784
15600.000000 -91.654472
15650.000000 -89.596420
15700.000000 -91.248329
15750.000000 -89.701065
15800.000000 -90.484497
15850.000000 -92.059265
15900.000000 -90.166870
15950.000000 -89.725395
16000.000000 -91.654472
16050.000000 -92.214706
16100.000000 -92.356476
16150.000000 -93.525749
16200.000000 -93.066391
16250.000000 -94.280952
16300.000000 -94.398376
16350.000000 -92.596146
16400.000000 -93.376099
16450.000000 -92.472702
16500.000000 -90.192543
16550.000000 -93.588875
16600.000000 -91.047432
16650.000000 -93.400864
16700.000000 -91.964165
16750.000000 -93.456841
16800.000000 -93.748726
16850.000000 -92.511787
16900.000000 -92.971466
16950.000000 -91.523628
17000.000000 -93.228981
17050.000000 -91.608955
17100.000000 -91.553650
17150.000000 -96.106682
17200.000000 -91.513680
17250.000000 -89.656639
17300.000000 -93.376099
17350.000000 -94.440201
17400.000000 -91.906555
17450.000000 -92.450439
17500.000000 -89.239761
17550.000000 -89.600418
17600.000000 -87.822189
17650.000000 -87.786385
17700.000000 -89.465385
17750.000000 -91.258011
17800.000000 -89.757942
17850.000000 -89.379112
17900.000000 -89.098831
17950.000000 -88.040176
18000.000000 -90.409485
18050.000000 -90.201118
18100.000000 -94.185455
18150.000000 -90.731720
18200.000000 -89.968346
18250.000000 -89.819305
18300.000000 -91.751350
18350.000000 -90.925362
18400.000000 -93.351402
18450.000000 -93.898430
18500.000000 -94.702682
18550.000000 -91.613998
18600.000000 -92.534203
18650.000000 -92.906799
18700.000000 -92.942009
18750.000000 -92.263519
18800.000000 -92.709908
18850.000000 -91.735985
18900.000000 -93.030678
18950.000000 -93.924728
19000.000000 -92.579208
19050.000000 -90.081833
19100.000000 -93.302223
19150.000000 -93.400864
19200.000000 -90.972107
19250.000000 -91.360344
19300.000000 -92.658531
19350.000000 -92.802010
19400.000000 -92.193100
19450.000000 -91.128189
19500.000000 -93.588875
19550.000000 -92.329033
19600.000000 -92.209305
19650.000000 -90.930023
19700.000000 -93.513176
19750.000000 -95.085510
19800.000000 -95.161110
19850.000000 -96.140617
19900.000000 -91.543625
19950.000000 -96.399467
20000.000000 -93.488091
20050.000000 -95.176308
20100.000000 -95.391922
20150.000000 -95.161110
20200.000000 -94.524467
20250.000000 -91.195259
20300.000000 -90.916039
20350.000000 -95.407532
20400.000000 -91.901337
20450.000000 -90.493362
20500.000000 -93.716515
20550.000000 -93.742271
20600.000000 -90.591507
20650.000000 -88.437080
20700.000000 -92.630119
20750.000000 -91.444077
20800.000000 -90.704399
20850.000000 -91.296852
20900.000000 -92.444885
20950.000000 -92.995102
21000.000000 -94.158325
21050.000000 -90.759117
21100.000000 -94.869934
21150.000000 -92.230949
21200.000000 -92.252647
21250.000000 -90.546761
21300.000000 -88.134331
21350.000000 -92.279854
21400.000000 -94.709885
21450.000000 -91.528625
21500.000000 -93.078331
21550.000000 -89.072426
21600.000000 -91.813103
21650.000000 -94.943665
21700.000000 -97.332085
21750.000000 -95.938995
21800.000000 -94.315323
21850.000000 -90.786606
21900.000000 -91.609016
21950.000000 -88.889793
22000.000000 -91.316338
22050.000000 -95.314301
22100.000000 -93.228981
22150.000000 -69.457100
22200.000000 -63.191357
22250.000000 -60.048244
22300.000000 -57.525547
22350.000000 -55.845963
22400.000000 -54.446327
22450.000000 -53.970856
22500.000000 -53.953197
22550.000000 -53.923649
22600.000000 -53.977081
22650.000000 -54.107174
22700.000000 -55.402115
22750.000000 -57.176975
22800.000000 -59.278782
22850.000000 -62.541824
22900.000000 -64.779991
22950.000000 -62.217285
23000.000000 -58.666367
23050.000000 -56.186340
23100.000000 -54.365311
23150.000000 -53.965828
23200.000000 -53.929775
23250.000000 -54.139580
23300.000000 -56.165520
23350.000000 -57.940506
23400.000000 -60.102390
23450.000000 -58.867493
23500.000000 -56.987164
23550.000000 -55.370636
23600.000000 -54.350983
23650.000000 -54.031776
23700.000000 -54.220146
23750.000000 -53.971054
23800.000000 -53.970062
23850.000000 -55.932659
23900.000000 -59.706413
23950.000000 -68.307449
24000.000000 -60.969425
24050.000000 -56.252552
24100.000000 -54.272217
24150.000000 -54.758652
24200.000000 -57.633976
24250.000000 -60.052376
24300.000000 -59.761570
24350.000000 -56.338638
24400.000000 -54.407814
24450.000000 -53.956768
24500.000000 -53.970657
24550.000000 -54.734112
24600.000000 -55.216606
24650.000000 -58.681042
24700.000000 -60.232914
24750.000000 -57.226337
24800.000000 -53.965431
24850.000000 -53.947586
24900.000000 -53.947716
24950.000000 -54.164455
25000.000000 -56.072010
25050.000000 -54.864841
25100.000000 -53.924244
25150.000000 -53.870281
25200.000000 -53.958817
25250.000000 -54.547825
25300.000000 -55.549015
25350.000000 -54.881145
25400.000000 -53.976620
25450.000000 -54.586254
25500.000000 -57.620766
25550.000000 -59.814198
25600.000000 -55.662251
25650.000000 -54.116390
25700.000000 -53.953926
25750.000000 -54.173737
25800.000000 -56.443871
25850.000000 -55.425564
25900.000000 -53.961990
25950.000000 -53.973969
26000.000000 -54.629070
26050.000000 -56.408302
26100.000000 -54.911419
26150.000000 -53.907928
26200.000000 -53.970989
26250.000000 -54.735992
26300.000000 -55.256817
26350.000000 -55.195465
26400.000000 -53.959213
26450.000000 -53.955906
26500.000000 -55.077740
26550.000000 -60.868946
26600.000000 -61.204334
26650.000000 -55.415321
26700.000000 -53.976021
26750.000000 -53.953266
26800.000000 -54.601334
26850.000000 -57.728355
26900.000000 -54.621719
26950.000000 -53.976089
27000.000000 -53.962849
27050.000000 -55.001888
27100.000000 -57.873119
27150.000000 -54.718658
27200.000000 -53.939335
27250.000000 -53.977413
27300.000000 -55.912018
27350.000000 -54.429142
27400.000000 -53.940128
27450.000000 -53.964371
27500.000000 -54.307861
27550.000000 -56.966576
27600.000000 -63.466866
27650.000000 -56.893604
27700.000000 -53.966354
27750.000000 -53.931755
27800.000000 -54.356033
27850.000000 -54.399399
27900.000000 -55.257122
27950.000000 -53.970791
28000.000000 -54.619221
28050.000000 -56.093033
28100.000000 -60.352581
28150.000000 -56.887859
28200.000000 -54.130341
28250.000000 -53.974167
28300.000000 -55.148560
28350.000000 -55.155693
28400.000000 -53.969997
28450.000000 -53.908321
28500.000000 -53.974434
28550.000000 -55.960499
28600.000000 -61.328239
28650.000000 -58.289215
28700.000000 -53.970657
28750.000000 -53.943161
28800.000000 -53.936764
28850.000000 -54.867188
28900.000000 -55.722382
28950.000000 -53.969666
29000.000000 -53.971718
29050.000000 -55.939049
29100.000000 -59.102497
29150.000000 -55.591755
29200.000000 -53.959278
29250.000000 -53.965099
29300.000000 -55.622208
29350.000000 -57.677284
29400.000000 -54.168926
29450.000000 -53.925560
29500.000000 -53.999039
29550.000000 -58.118610
29600.000000 -62.847816
29650.000000 -56.183704
29700.000000 -53.946068
29750.000000 -53.938084
29800.000000 -53.971054
29850.000000 -56.125553
29900.000000 -54.443672
29950.000000 -53.963974
30000.000000 -53.974365
30050.000000 -57.299644
30100.000000 -58.126507
30150.000000 -53.991936
30200.000000 -53.966820
30250.000000 -53.976486
30300.000000 -54.404682
30350.000000 -54.374184
30400.000000 -53.950821
30450.000000 -53.975426
30500.000000 -55.366127
30550.000000 -61.631851
30600.000000 -59.754112
30650.000000 -54.258041
30700.000000 -53.961727
30750.000000 -53.953659
30800.000000 -54.768387
30850.000000 -54.769024
30900.000000 -53.967945
30950.000000 -53.955379
31000.000000 -55.231827
31050.000000 -57.821400
31100.000000 -55.987762
31150.000000 -53.964901
31200.000000 -53.959347
31250.000000 -55.699894
31300.000000 -55.790520
31350.000000 -53.944153
31400.000000 -53.945404
31450.000000 -53.973637
31500.000000 -58.254459
31550.000000 -61.270355
31600.000000 -56.106567
31650.000000 -53.954453
31700.000000 -53.973637
31750.000000 -54.223351
31800.000000 -55.235500
31850.000000 -54.007080
31900.000000 -53.959808
31950.000000 -53.975227
32000.000000 -55.904160
32050.000000 -56.199421
32100.000000 -53.963379
32150.000000 -53.973637
32200.000000 -53.972977
32250.000000 -55.264801
32300.000000 -54.683590
32350.000000 -53.968010
32400.000000 -53.964241
32450.000000 -55.757282
32500.000000 -60.177551
32550.000000 -58.506100
32600.000000 -54.044121
32650.000000 -53.975624
32700.000000 -53.966953
32750.000000 -54.596424
32800.000000 -54.236172
32850.000000 -53.975163
32900.000000 -53.953266
32950.000000 -54.637074
33000.000000 -56.786564
33050.000000 -55.614761
33100.000000 -53.915161
33150.000000 -53.974434
33200.000000 -54.671955
33250.000000 -56.215012
33300.000000 -54.696899
33350.000000 -53.930172
33400.000000 -54.171772
33450.000000 -57.952850
33500.000000 -61.859993
33550.000000 -56.197369
33600.000000 -54.061295
33650.000000 -53.952141
33700.000000 -53.969200
33750.000000 -54.825745
33800.000000 -54.825596
33850.000000 -53.958221
33900.000000 -53.960140
33950.000000 -55.599495
34000.000000 -56.080784
34050.000000 -53.968475
34100.000000 -53.950756
34150.000000 -53.972710
34200.000000 -54.780861
34250.000000 -55.538223
34300.000000 -53.973969
34350.000000 -53.973835
34400.000000 -55.306316
34450.000000 -59.348965
34500.000000 -60.278229
34550.000000 -55.228382
34600.000000 -54.003025
34650.000000 -53.964039
34700.000000 -55.167156
34750.000000 -57.292652
34800.000000 -53.974365
34850.000000 -53.962452
34900.000000 -53.962719
34950.000000 -55.271107
35000.000000 -55.569443
35050.000000 -53.970791
35100.000000 -53.939468
35150.000000 -56.037506
35200.000000 -57.647511
35250.000000 -53.971252
35300.000000 -53.963909
35350.000000 -54.809612
35400.000000 -56.998600
35450.000000 -58.534267
35500.000000 -55.714771
35550.000000 -54.947269
35600.000000 -54.483257
35650.000000 -53.966553
35700.000000 -57.460300
35750.000000 -54.917095
35800.000000 -53.965958
35850.000000 -53.973904
35900.000000 -54.596920
35950.000000 -55.769016
36000.000000 -53.978077
36050.000000 -53.966755
36100.000000 -53.974499
36150.000000 -54.973831
36200.000000 -54.384800
36250.000000 -53.955841
36300.000000 -53.974960
36350.000000 -54.550583
36400.000000 -58.216290
36450.000000 -59.259670
36500.000000 -54.831299
36550.000000 -53.960339
36600.000000 -53.971851
36650.000000 -54.429840
36700.000000 -57.083538
36750.000000 -53.972050
36800.000000 -53.941250
36850.000000 -53.974766
36900.000000 -56.204216
36950.000000 -54.947788
37000.000000 -53.977413
37050.000000 -53.946594
37100.000000 -54.318604
37150.000000 -55.070969
37200.000000 -54.134789
37250.000000 -54.298096
37300.000000 -54.357971
37350.000000 -56.661495
37400.000000 -60.286854
37450.000000 -56.248421
37500.000000 -54.483822
37550.000000 -53.947388
37600.000000 -54.468735
37650.000000 -55.428307
37700.000000 -55.831516
37750.000000 -53.978077
37800.000000 -53.923122
37850.000000 -55.119720
37900.000000 -55.379894
37950.000000 -55.157967
38000.000000 -53.954124
38050.000000 -53.965893
38100.000000 -56.828777
38150.000000 -56.680645
38200.000000 -54.435005
38250.000000 -53.955578
38300.000000 -55.233662
38350.000000 -55.859776
38400.000000 -56.632305
38450.000000 -55.334389
38500.000000 -53.974895
38550.000000 -53.976421
38600.000000 -55.107639
38650.000000 -56.850517
38700.000000 -54.340614
38750.000000 -53.955379
38800.000000 -53.975292
38850.000000 -54.695236
38900.000000 -54.787186
38950.000000 -54.694084
39000.000000 -53.947517
39050.000000 -53.951813
39100.000000 -55.075401
39150.000000 -55.357735
39200.000000 -54.777954
39250.000000 -54.187233
39300.000000 -54.905071
39350.000000 -56.356480
39400.000000 -57.410877
39450.000000 -55.354858
39500.000000 -54.682796
39550.000000 -54.096218
39600.000000 -55.622124
39650.000000 -56.251778
39700.000000 -53.928326
39750.000000 -53.954124
39800.000000 -54.274685
39850.000000 -56.346729
39900.000000 -55.933487
39950.000000 -53.948708
40000.000000 -53.946991
