0.000000 -58.637203
50.000000 -59.213402
100.000000 -59.481781
150.000000 -59.445278
200.000000 -58.796814
250.000000 -58.470028
300.000000 -58.169556
350.000000 -57.668564
400.000000 -56.905937
450.000000 -54.883350
500.000000 -55.181526
550.000000 -55.069691
600.000000 -55.160851
650.000000 -55.620205
700.000000 -55.800488
750.000000 -56.123684
800.000000 -56.319183
850.000000 -56.603840
900.000000 -56.656803
950.000000 -57.080318
1000.000000 -57.244076
1050.000000 -57.132847
1100.000000 -57.068771
1150.000000 -56.935226
1200.000000 -56.829147
1250.000000 -56.336288
1300.000000 -56.244549
1350.000000 -56.018295
1400.000000 -55.749802
1450.000000 -55.740788
1500.000000 -55.368534
1550.000000 -55.152126
1600.000000 -55.178406
1650.000000 -55.300991
1700.000000 -55.301765
1750.000000 -55.648746
1800.000000 -55.671665
1850.000000 -55.877239
1900.000000 -56.034401
1950.000000 -56.203533
2000.000000 -56.390614
2050.000000 -56.434723
2100.000000 -56.679562
2150.000000 -56.568592
2200.000000 -56.844433
2250.000000 -56.795357
2300.000000 -56.659328
2350.000000 -56.504105
2400.000000 -56.327862
2450.000000 -56.244808
2500.000000 -55.941208
2550.000000 -56.094894
2600.000000 -55.943783
2650.000000 -55.902008
2700.000000 -55.674484
2750.000000 -55.579163
2800.000000 -55.446487
2850.000000 -55.483761
2900.000000 -55.378883
2950.000000 -55.477852
3000.000000 -55.593189
3050.000000 -55.397900
3100.000000 -55.766392
3150.000000 -55.669090
3200.000000 -55.948769
3250.000000 -56.102928
3300.000000 -56.236553
3350.000000 -56.458317
3400.000000 -56.380386
3450.000000 -56.572880
3500.000000 -56.486485
3550.000000 -56.585842
3600.000000 -56.401905
3650.000000 -56.321529
3700.000000 -56.287315
3750.000000 -56.247387
3800.000000 -56.013187
3850.000000 -56.089146
3900.000000 -55.999378
3950.000000 -55.762974
4000.000000 -55.738594
4050.000000 -55.833321
4100.000000 -55.757767
4150.000000 -55.709755
4200.000000 -55.680286
4250.000000 -55.847031
4300.000000 -55.664665
4350.000000 -55.989853
4400.000000 -56.047676
4450.000000 -56.254444
4500.000000 -56.345249
4550.000000 -56.368164
4600.000000 -56.391750
4650.000000 -56.635006
4700.000000 -56.412071
4750.000000 -56.304535
4800.000000 -56.330120
4850.000000 -56.442024
4900.000000 -56.329166
4950.000000 -56.325432
5000.000000 -56.277813
5050.000000 -56.234318
5100.000000 -56.168587
5150.000000 -56.212608
5200.000000 -56.117409
5250.000000 -56.007244
5300.000000 -55.830776
5350.000000 -55.998207
5400.000000 -55.802368
5450.000000 -55.813084
5500.000000 -55.955341
5550.000000 -55.924446
5600.000000 -55.923534
5650.000000 -56.165092
5700.000000 -56.348206
5750.000000 -56.309731
5800.000000 -56.419441
5850.000000 -56.488075
5900.000000 -56.466610
5950.000000 -56.466080
6000.000000 -56.307476
6050.000000 -56.423923
6100.000000 -56.344116
6150.000000 -56.324909
6200.000000 -56.354912
6250.000000 -56.030373
6300.000000 -56.053482
6350.000000 -56.097004
6400.000000 -55.826431
6450.000000 -55.979248
6500.000000 -56.147381
6550.000000 -56.013855
6600.000000 -55.977329
6650.000000 -56.045406
6700.000000 -56.189846
6750.000000 -56.059456
6800.000000 -56.314327
6850.000000 -56.306438
6900.000000 -56.498169
6950.000000 -56.541050
7000.000000 -56.488697
7050.000000 -56.555656
7100.000000 -56.548882
7150.000000 -56.363018
7200.000000 -56.366329
7250.000000 -56.336552
7300.000000 -56.246700
7350.000000 -56.011765
7400.000000 -56.128777
7450.000000 -56.230885
7500.000000 -56.205673
7550.000000 -56.007408
7600.000000 -56.103603
7650.000000 -56.056087
7700.000000 -56.164242
7750.000000 -56.166714
7800.000000 -56.158875
7850.000000 -56.094131
7900.000000 -56.175240
7950.000000 -56.288437
8000.000000 -56.181046
8050.000000 -56.185059
8100.000000 -56.346725
8150.000000 -56.205070
8200.000000 -56.190956
8250.000000 -56.242912
8300.000000 -56.258923
8350.000000 -56.248249
8400.000000 -56.297607
8450.000000 -56.277725
8500.000000 -56.470051
8550.000000 -56.106991
8600.000000 -56.411896
8650.000000 -56.240162
8700.000000 -56.294060
8750.000000 -56.306957
8800.000000 -56.369038
8850.000000 -56.300808
8900.000000 -56.265388
8950.000000 -56.480915
9000.000000 -56.288784
9050.000000 -56.531620
9100.000000 -56.558331
9150.000000 -56.388165
9200.000000 -56.534641
9250.000000 -56.567345
9300.000000 -56.504990
9350.000000 -56.446777
9400.000000 -56.347164
9450.000000 -56.371479
9500.000000 -56.394901
9550.000000 -56.214153
9600.000000 -56.353256
9650.000000 -56.161427
9700.000000 -56.267715
9750.000000 -56.243000
9800.000000 -56.241196
9850.000000 -56.297695
9900.000000 -56.308952
9950.000000 -56.362495
10000.000000 -56.490467
10050.000000 -56.423481
10100.000000 -56.432789
10150.000000 -56.462109
10200.000000 -56.382133
10250.000000 -56.630775
10300.000000 -56.434986
10350.000000 -56.439739
10400.000000 -56.548794
10450.000000 -56.443607
10500.000000 -56.447128
10550.000000 -56.432175
10600.000000 -56.292068
10650.000000 -56.102165
10700.000000 -56.401558
10750.000000 -56.401817
10800.000000 -56.248505
10850.000000 -56.153767
10900.000000 -56.221611
10950.000000 -56.236980
11000.000000 -56.168247
11050.000000 -56.383793
11100.000000 -56.118088
11150.000000 -56.439121
11200.000000 -56.443520
11250.000000 -56.624573
11300.000000 -56.535175
11350.000000 -56.668625
11400.000000 -56.800400
11450.000000 -56.762703
11500.000000 -56.727077
11550.000000 -56.549061
11600.000000 -56.563862
11650.000000 -56.699932
11700.000000 -56.579582
11750.000000 -56.647427
11800.000000 -56.394814
11850.000000 -56.264008
11900.000000 -56.326820
11950.000000 -56.423565
12000.000000 -56.507473
12050.000000 -56.379776
12100.000000 -56.224529
12150.000000 -56.437363
12200.000000 -56.367905
12250.000000 -56.310249
12300.000000 -56.423302
12350.000000 -56.300896
12400.000000 -56.339684
12450.000000 -56.441586
12500.000000 -56.365894
12550.000000 -56.505611
12600.000000 -56.314674
12650.000000 -56.539001
12700.000000 -56.432087
12750.000000 -56.342030
12800.000000 -56.389042
12850.000000 -56.466972
12900.000000 -56.486485
12950.000000 -56.447216
13000.000000 -56.387814
13050.000000 -56.483036
13100.000000 -56.403305
13150.000000 -56.479500
13200.000000 -56.412422
13250.000000 -56.436394
13300.000000 -56.425148
13350.000000 -56.544521
13400.000000 -56.517406
13450.000000 -56.645718
13500.000000 -56.498257
13550.000000 -56.662937
13600.000000 -56.634644
13650.000000 -56.710999
13700.000000 -56.791599
13750.000000 -56.628708
13800.000000 -56.680828
13850.000000 -56.781071
13900.000000 -56.745464
13950.000000 -56.675129
14000.000000 -56.636623
14050.000000 -56.661495
14100.000000 -56.673595
14150.000000 -56.617569
14200.000000 -56.702744
14250.000000 -56.548527
14300.000000 -56.560383
14350.000000 -56.367119
14400.000000 -56.472351
14450.000000 -56.700115
14500.000000 -56.437977
14550.000000 -56.703739
14600.000000 -56.376980
14650.000000 -56.280663
14700.000000 -56.321178
14750.000000 -56.384407
14800.000000 -56.491615
14850.000000 -56.463608
14900.000000 -56.550308
14950.000000 -56.740452
15000.000000 -56.735172
15050.000000 -56.941841
15100.000000 -56.781345
15150.000000 -56.651665
15200.000000 -56.559135
15250.000000 -56.523445
15300.000000 -56.488785
15350.000000 -56.666458
15400.000000 -56.665646
15450.000000 -56.574665
15500.000000 -56.690239
15550.000000 -56.652836
15600.000000 -56.653469
15650.000000 -56.845722
15700.000000 -56.637341
15750.000000 -56.673325
15800.000000 -56.869354
15850.000000 -56.773026
15900.000000 -56.862606
15950.000000 -56.760509
16000.000000 -56.787663
16050.000000 -57.008640
16100.000000 -56.604736
16150.000000 -56.841301
16200.000000 -56.768822
16250.000000 -56.893425
16300.000000 -57.136276
16350.000000 -57.384159
16400.000000 -57.536320
16450.000000 -57.777267
16500.000000 -57.948143
16550.000000 -58.159256
16600.000000 -58.414078
16650.000000 -58.334614
16700.000000 -58.634029
16750.000000 -58.806862
16800.000000 -59.017570
16850.000000 -59.351784
16900.000000 -59.287689
16950.000000 -59.758335
17000.000000 -59.803829
17050.000000 -59.898804
17100.000000 -60.007557
17150.000000 -60.470985
17200.000000 -60.734062
17250.000000 -60.691620
17300.000000 -60.990788
17350.000000 -61.310333
17400.000000 -61.347557
17450.000000 -61.434040
17500.000000 -61.535305
17550.000000 -61.620655
17600.000000 -61.962055
17650.000000 -62.405094
17700.000000 -62.323486
17750.000000 -62.642746
17800.000000 -62.847816
17850.000000 -62.964863
17900.000000 -63.146114
17950.000000 -63.390945
18000.000000 -63.422924
18050.000000 -63.658211
18100.000000 -63.868130
18150.000000 -64.001770
18200.000000 -64.205200
18250.000000 -64.271477
18300.000000 -64.702438
18350.000000 -64.414169
18400.000000 -64.744675
18450.000000 -64.994019
18500.000000 -65.143677
18550.000000 -65.272583
18600.000000 -65.293526
18650.000000 -65.794029
18700.000000 -65.981720
18750.000000 -66.033066
18800.000000 -66.139366
18850.000000 -66.493401
18900.000000 -66.646454
18950.000000 -66.794418
19000.000000 -67.088829
19050.000000 -67.063690
19100.000000 -67.565086
19150.000000 -67.521492
19200.000000 -67.726807
19250.000000 -67.807510
19300.000000 -68.001450
19350.000000 -67.794495
19400.000000 -68.046516
19450.000000 -68.430763
19500.000000 -68.638588
19550.000000 -68.691063
19600.000000 -69.072792
19650.000000 -69.313789
19700.000000 -69.474045
19750.000000 -69.269363
19800.000000 -69.341713
19850.000000 -69.975868
19900.000000 -69.670738
19950.000000 -70.207108
20000.000000 -70.298149
20050.000000 -70.605865
20100.000000 -70.703026
20150.000000 -70.992271
20200.000000 -71.543625
20250.000000 -71.316322
20300.000000 -71.529106
20350.000000 -71.667137
20400.000000 -71.975189
20450.000000 -72.316971
20500.000000 -72.007339
20550.000000 -72.687592
20600.000000 -72.691017
20650.000000 -73.146683
20700.000000 -72.847244
20750.000000 -73.218025
20800.000000 -73.480560
20850.000000 -73.990143
20900.000000 -73.667130
20950.000000 -73.605972
21000.000000 -74.235764
21050.000000 -74.179298
21100.000000 -74.506821
21150.000000 -74.465370
21200.000000 -74.790970
21250.000000 -74.276810
21300.000000 -75.101303
21350.000000 -75.389557
21400.000000 -75.407509
21450.000000 -75.366203
21500.000000 -75.986427
21550.000000 -76.792519
21600.000000 -76.855042
21650.000000 -76.491798
21700.000000 -76.875366
21750.000000 -77.384850
21800.000000 -76.864273
21850.000000 -77.185120
21900.000000 -76.593269
21950.000000 -77.255379
22000.000000 -76.771477
22050.000000 -76.816368
22100.000000 -77.309654
22150.000000 -78.691650
22200.000000 -77.928177
22250.000000 -79.203484
22300.000000 -78.292809
22350.000000 -79.517448
22400.000000 -79.089363
22450.000000 -80.174843
22500.000000 -80.131676
22550.000000 -80.664398
22600.000000 -80.249542
22650.000000 -79.890167
22700.000000 -79.715263
22750.000000 -80.206001
22800.000000 -80.525307
22850.000000 -79.951897
22900.000000 -80.333145
22950.000000 -80.393959
23000.000000 -80.012741
23050.000000 -81.785286
23100.000000 -81.420303
23150.000000 -81.595299
23200.000000 -81.331787
23250.000000 -81.122665
23300.000000 -82.810379
23350.000000 -82.272385
23400.000000 -82.188423
23450.000000 -82.164589
23500.000000 -82.379791
23550.000000 -82.012878
23600.000000 -82.902443
23650.000000 -83.364357
23700.000000 -83.846031
23750.000000 -83.364357
23800.000000 -83.173195
23850.000000 -82.139114
23900.000000 -84.025337
23950.000000 -83.305984
24000.000000 -83.636032
24050.000000 -83.866692
24100.000000 -82.960022
24150.000000 -83.749573
24200.000000 -83.211479
24250.000000 -84.497185
24300.000000 -84.019020
24350.000000 -83.977020
24400.000000 -85.095657
24450.000000 -84.523918
24500.000000 -85.885963
24550.000000 -85.105194
24600.000000 -83.931053
24650.000000 -86.099960
24700.000000 -84.477188
24750.000000 -86.308426
24800.000000 -86.132126
24850.000000 -85.428421
24900.000000 -84.848984
24950.000000 -87.423759
25000.000000 -85.045761
25050.000000 -86.275604
25100.000000 -85.366737
25150.000000 -85.213211
25200.000000 -85.349541
25250.000000 -86.132126
25300.000000 -87.822189
25350.000000 -88.790779
25400.000000 -87.838516
25450.000000 -86.833633
25500.000000 -87.159874
25550.000000 -88.827324
25600.000000 -88.416100
25650.000000 -90.400703
25700.000000 -87.367859
25750.000000 -88.664078
25800.000000 -88.318848
25850.000000 -88.736252
25900.000000 -87.976852
25950.000000 -87.809151
26000.000000 -88.053558
26050.000000 -91.209778
26100.000000 -90.027008
26150.000000 -89.881096
26200.000000 -88.852989
26250.000000 -92.006302
26300.000000 -90.763695
26350.000000 -89.774261
26400.000000 -91.023827
26450.000000 -88.805374
26500.000000 -89.600418
26550.000000 -91.639275
26600.000000 -91.684990
26650.000000 -90.405090
26700.000000 -90.287331
26750.000000 -89.997627
26800.000000 -90.035423
26850.000000 -90.449112
26900.000000 -87.983498
26950.000000 -90.551224
27000.000000 -91.118652
27050.000000 -90.352554
27100.000000 -87.436226
27150.000000 -90.475639
27200.000000 -89.596420
27250.000000 -91.439125
27300.000000 -89.782433
27350.000000 -91.224167
27400.000000 -89.095055
27450.000000 -87.303093
27500.000000 -90.356918
27550.000000 -90.222588
27600.000000 -89.053612
27650.000000 -89.782433
27700.000000 -90.627480
27750.000000 -92.744331
27800.000000 -92.080544
27850.000000 -89.516769
27900.000000 -88.222687
27950.000000 -91.563675
28000.000000 -88.040176
28050.000000 -90.948700
28100.000000 -90.704399
28150.000000 -93.878754
28200.000000 -96.931999
28250.000000 -95.677254
28300.000000 -91.037979
28350.000000 -91.979942
28400.000000 -89.564468
28450.000000 -94.988213
28500.000000 -89.347946
28550.000000 -92.624443
28600.000000 -95.337517
28650.000000 -97.710655
28700.000000 -93.729385
28750.000000 -93.450600
28800.000000 -96.208870
28850.000000 -95.268059
28900.000000 -94.717094
28950.000000 -96.132118
29000.000000 -94.616684
29050.000000 -91.664619
29100.000000 -92.053955
29150.000000 -90.383163
29200.000000 -94.370605
29250.000000 -93.102264
29300.000000 -95.138359
29350.000000 -92.091194
29400.000000 -93.102264
29450.000000 -90.383163
29500.000000 -90.418274
29550.000000 -89.572449
29600.000000 -89.656639
29650.000000 -90.542297
29700.000000 -90.520020
29750.000000 -87.383347
29800.000000 -90.883499
29850.000000 -91.009689
29900.000000 -92.258087
29950.000000 -93.283859
30000.000000 -91.185646
30050.000000 -93.488091
30100.000000 -94.623817
30150.000000 -89.016113
30200.000000 -93.826508
30250.000000 -91.558662
30300.000000 -89.600418
30350.000000 -92.144684
30400.000000 -93.006943
30450.000000 -93.607903
30500.000000 -90.435883
30550.000000 -89.757942
30600.000000 -89.243607
30650.000000 -91.233826
30700.000000 -92.345490
30750.000000 -93.620613
30800.000000 -93.665237
30850.000000 -93.006943
30900.000000 -93.525749
30950.000000 -91.399643
31000.000000 -90.235497
31050.000000 -91.209702
31100.000000 -91.639275
31150.000000 -90.930023
31200.000000 -94.322212
31250.000000 -93.084312
31300.000000 -88.546295
31350.000000 -90.782021
31400.000000 -92.467125
31450.000000 -91.434181
31500.000000 -89.355728
31550.000000 -88.535660
31600.000000 -87.454964
31650.000000 -87.486290
31700.000000 -87.539795
31750.000000 -89.604424
31800.000000 -87.914001
31850.000000 -88.779846
31900.000000 -88.284386
31950.000000 -89.125320
32000.000000 -88.087128
32050.000000 -88.188599
32100.000000 -86.081261
32150.000000 -87.577766
32200.000000 -89.216751
32250.000000 -86.086594
32300.000000 -87.731339
32350.000000 -88.714539
32400.000000 -91.019112
32450.000000 -86.091942
32500.000000 -89.656639
32550.000000 -89.993439
32600.000000 -87.851593
32650.000000 -91.161659
32700.000000 -91.508652
32750.000000 -89.414299
32800.000000 -90.878860
32850.000000 -93.326782
32900.000000 -87.887665
32950.000000 -92.312607
33000.000000 -90.115746
33050.000000 -90.183975
33100.000000 -91.000282
33150.000000 -91.985207
33200.000000 -89.426064
33250.000000 -89.528671
33300.000000 -91.066368
33350.000000 -88.871376
33400.000000 -88.164810
33450.000000 -91.326096
33500.000000 -94.731537
33550.000000 -93.072365
33600.000000 -89.968346
33650.000000 -92.489426
33700.000000 -91.844139
33750.000000 -91.488731
33800.000000 -94.077522
33850.000000 -93.852592
33900.000000 -93.722946
33950.000000 -94.024071
34000.000000 -97.559242
34050.000000 -94.702682
34100.000000 -91.171249
34150.000000 -91.090096
34200.000000 -90.618469
34250.000000 -93.006943
34300.000000 -94.988213
34350.000000 -96.639084
34400.000000 -93.241142
34450.000000 -92.641472
34500.000000 -94.524467
34550.000000 -92.043343
34600.000000 -92.584846
34650.000000 -93.806999
34700.000000 -93.800499
34750.000000 -91.209702
34800.000000 -93.957718
34850.000000 -90.860329
34900.000000 -91.267708
34950.000000 -93.703667
35000.000000 -92.340004
35050.000000 -94.199005
35100.000000 -97.167923
35150.000000 -88.161423
35200.000000 -94.178642
35250.000000 -94.709885
35300.000000 -91.578743
35350.000000 -92.053955
35400.000000 -92.406204
35450.000000 -92.139320
35500.000000 -89.766098
35550.000000 -92.607452
35600.000000 -95.123230
35650.000000 -93.120255
35700.000000 -91.864891
35750.000000 -90.086067
35800.000000 -91.619049
35850.000000 -91.118652
35900.000000 -93.192581
35950.000000 -90.295998
36000.000000 -94.144806
36050.000000 -92.361977
36100.000000 -90.400703
36150.000000 -76.038353
36200.000000 -65.083031
36250.000000 -60.563263
36300.000000 -58.071983
36350.000000 -56.072601
36400.000000 -54.771564
36450.000000 -54.541744
36500.000000 -54.557735
36550.000000 -54.648876
36600.000000 -54.475609
36650.000000 -54.496124
36700.000000 -53.977413
36750.000000 -53.977348
36800.000000 -53.975292
36850.000000 -54.030643
36900.000000 -54.876221
36950.000000 -56.413387
37000.000000 -58.135162
37050.000000 -59.984642
37100.000000 -62.761234
37150.000000 -65.636894
37200.000000 -64.366707
37250.000000 -61.747116
37300.000000 -59.431610
37350.000000 -57.612808
37400.000000 -56.456642
37450.000000 -55.521351
37500.000000 -54.728405
37550.000000 -54.057552
37600.000000 -53.976551
37650.000000 -53.964172
37700.000000 -53.973969
37750.000000 -54.098839
37800.000000 -54.656322
37850.000000 -54.939568
37900.000000 -55.858459
37950.000000 -56.619183
38000.000000 -57.999676
38050.000000 -59.437695
38100.000000 -60.878616
38150.000000 -61.785934
38200.000000 -61.705402
38250.000000 -61.081730
38300.000000 -59.724373
38350.000000 -58.362778
38400.000000 -57.277916
38450.000000 -56.327953
38500.000000 -55.774048
38550.000000 -55.642487
38600.000000 -55.213398
38650.000000 -55.117607
38700.000000 -55.273411
38750.000000 -55.333767
38800.000000 -55.645454
38850.000000 -56.247730
38900.000000 -56.579403
38950.000000 -57.404976
39000.000000 -58.093029
39050.000000 -59.120445
39100.000000 -59.805382
39150.000000 -60.255951
39200.000000 -59.986626
39250.000000 -59.628983
39300.000000 -59.247002
39350.000000 -58.381786
39400.000000 -57.651558
39450.000000 -56.972183
39500.000000 -56.403305
39550.000000 -56.016453
39600.000000 -56.006908
39650.000000 -55.997540
39700.000000 -56.006741
39750.000000 -56.143387
39800.000000 -56.338463
39850.000000 -56.793159
39900.000000 -57.270847
39950.000000 -57.643570
40000.000000 -58.288235
