0.000000 -62.202072
50.000000 -61.456268
100.000000 -60.604939
150.000000 -60.105743
200.000000 -60.007557
250.000000 -59.847080
300.000000 -60.145275
350.000000 -60.268654
400.000000 -61.052208
450.000000 -61.753113
500.000000 -62.256721
550.000000 -62.499130
600.000000 -62.574383
650.000000 -62.189957
700.000000 -61.313263
750.000000 -60.989452
800.000000 -60.573025
850.000000 -60.501541
900.000000 -60.502243
950.000000 -60.546307
1000.000000 -60.686028
1050.000000 -61.241257
1100.000000 -61.911369
1150.000000 -62.067856
1200.000000 -62.267555
1250.000000 -62.369850
1300.000000 -61.755871
1350.000000 -61.116028
1400.000000 -61.083382
1450.000000 -60.921692
1500.000000 -60.599255
1550.000000 -60.497471
1600.000000 -60.581947
1650.000000 -60.514610
1700.000000 -61.204487
1750.000000 -61.607407
1800.000000 -62.008530
1850.000000 -62.228928
1900.000000 -62.250023
1950.000000 -62.067856
2000.000000 -61.801903
2050.000000 -61.343998
2100.000000 -61.233768
2150.000000 -60.868504
2200.000000 -60.782368
2250.000000 -60.950180
2300.000000 -61.074379
2350.000000 -61.255947
2400.000000 -61.225826
2450.000000 -61.672241
2500.000000 -62.037304
2550.000000 -62.053406
2600.000000 -61.791958
2650.000000 -61.715408
2700.000000 -61.433262
2750.000000 -61.003872
2800.000000 -60.795429
2850.000000 -60.701530
2900.000000 -60.707710
2950.000000 -60.704117
3000.000000 -61.123112
3050.000000 -61.350807
3100.000000 -61.485313
3150.000000 -61.736588
3200.000000 -61.642246
3250.000000 -61.896519
3300.000000 -61.689930
3350.000000 -61.451099
3400.000000 -61.308640
3450.000000 -60.999409
3500.000000 -60.851383
3550.000000 -60.999557
3600.000000 -60.862209
3650.000000 -61.097507
3700.000000 -61.279259
3750.000000 -61.477451
3800.000000 -61.629124
3850.000000 -61.984348
3900.000000 -61.977688
3950.000000 -61.730274
4000.000000 -61.473999
4050.000000 -61.348793
4100.000000 -61.300629
4150.000000 -61.269894
4200.000000 -61.174088
4250.000000 -61.231476
4300.000000 -61.451881
4350.000000 -61.616505
4400.000000 -61.424355
4450.000000 -61.836056
4500.000000 -61.910049
4550.000000 -61.675453
4600.000000 -61.752789
4650.000000 -61.380585
4700.000000 -61.001343
4750.000000 -61.298321
4800.000000 -60.998516
4850.000000 -61.145161
4900.000000 -61.094200
4950.000000 -61.165749
5000.000000 -61.039650
5050.000000 -61.510983
5100.000000 -61.721706
5150.000000 -61.665012
5200.000000 -61.622574
5250.000000 -61.634724
5300.000000 -61.520294
5350.000000 -61.507828
5400.000000 -60.990788
5450.000000 -61.241257
5500.000000 -61.248753
5550.000000 -61.162868
5600.000000 -61.114819
5650.000000 -61.036663
5700.000000 -61.499477
5750.000000 -61.590042
5800.000000 -61.693153
5850.000000 -61.825745
5900.000000 -61.492077
5950.000000 -61.563347
6000.000000 -61.286785
6050.000000 -61.195812
6100.000000 -61.345543
6150.000000 -61.269127
6200.000000 -61.268822
6250.000000 -61.344460
6300.000000 -61.180161
6350.000000 -61.379963
6400.000000 -61.551769
6450.000000 -61.625130
6500.000000 -61.739338
6550.000000 -61.559853
6600.000000 -61.490345
6650.000000 -61.303246
6700.000000 -61.320663
6750.000000 -60.997326
6800.000000 -60.980991
6850.000000 -61.261768
6900.000000 -61.148640
6950.000000 -61.249825
7000.000000 -61.577160
7050.000000 -61.781216
7100.000000 -61.897675
7150.000000 -61.900311
7200.000000 -61.848671
7250.000000 -61.514610
7300.000000 -61.240337
7350.000000 -61.337345
7400.000000 -61.382915
7450.000000 -61.082333
7500.000000 -61.303711
7550.000000 -61.402367
7600.000000 -61.564457
7650.000000 -61.632641
7700.000000 -61.862949
7750.000000 -61.873302
7800.000000 -61.856380
7850.000000 -61.482327
7900.000000 -61.341213
7950.000000 -61.315266
8000.000000 -61.284481
8050.000000 -61.477139
8100.000000 -61.335030
8150.000000 -61.633602
8200.000000 -61.436073
8250.000000 -61.847359
8300.000000 -61.814468
8350.000000 -61.666618
8400.000000 -61.793262
8450.000000 -61.579384
8500.000000 -61.498688
8550.000000 -61.510509
8600.000000 -61.535461
8650.000000 -61.467716
8700.000000 -61.533092
8750.000000 -61.607250
8800.000000 -61.804676
8850.000000 -61.740471
8900.000000 -61.721382
8950.000000 -61.603580
9000.000000 -61.618099
9050.000000 -61.269127
9100.000000 -61.425137
9150.000000 -61.363979
9200.000000 -61.350807
9250.000000 -61.398628
9300.000000 -61.259777
9350.000000 -61.163628
9400.000000 -61.215916
9450.000000 -61.675133
9500.000000 -61.729465
9550.000000 -61.800110
9600.000000 -61.781216
9650.000000 -61.749382
9700.000000 -61.738209
9750.000000 -61.485626
9800.000000 -61.546700
9850.000000 -61.537205
9900.000000 -61.551613
9950.000000 -61.580814
10000.000000 -61.577797
10050.000000 -61.664047
10100.000000 -61.598961
10150.000000 -61.734642
10200.000000 -61.735615
10250.000000 -61.856380
10300.000000 -61.779911
10350.000000 -61.542267
10400.000000 -61.525032
10450.000000 -61.511456
10500.000000 -61.517925
10550.000000 -61.340282
10600.000000 -61.209511
10650.000000 -61.236671
10700.000000 -61.355606
10750.000000 -61.254261
10800.000000 -61.328846
10850.000000 -61.296936
10900.000000 -61.326996
10950.000000 -61.569695
11000.000000 -61.557316
11050.000000 -61.204029
11100.000000 -61.471954
11150.000000 -61.585110
11200.000000 -61.511456
11250.000000 -61.444366
11300.000000 -61.661640
11350.000000 -61.360722
11400.000000 -61.687035
11450.000000 -61.688320
11500.000000 -61.678024
11550.000000 -61.577953
11600.000000 -61.785446
11650.000000 -61.622253
11700.000000 -61.345078
11750.000000 -61.459404
11800.000000 -61.515244
11850.000000 -61.444054
11900.000000 -61.468815
11950.000000 -61.583359
12000.000000 -61.676739
12050.000000 -61.689770
12100.000000 -61.694439
12150.000000 -61.831310
12200.000000 -61.720089
12250.000000 -61.652016
12300.000000 -61.572075
12350.000000 -61.463009
12400.000000 -61.453762
12450.000000 -61.588131
12500.000000 -61.788376
12550.000000 -61.695408
12600.000000 -61.615864
12650.000000 -61.616184
12700.000000 -61.798805
12750.000000 -61.779751
12800.000000 -61.721546
12850.000000 -61.487358
12900.000000 -61.491920
12950.000000 -61.635361
13000.000000 -61.655865
13050.000000 -61.572395
13100.000000 -61.548920
13150.000000 -61.569695
13200.000000 -61.390068
13250.000000 -61.642406
13300.000000 -61.573822
13350.000000 -61.636002
13400.000000 -61.840477
13450.000000 -61.859829
13500.000000 -61.680439
13550.000000 -61.618420
13600.000000 -61.802719
13650.000000 -61.617622
13700.000000 -61.675774
13750.000000 -61.622890
13800.000000 -61.616821
13850.000000 -61.536411
13900.000000 -61.631683
13950.000000 -61.677704
14000.000000 -61.638241
14050.000000 -61.669350
14100.000000 -61.600872
14150.000000 -61.793915
14200.000000 -61.875111
14250.000000 -61.900642
14300.000000 -61.665012
14350.000000 -61.820351
14400.000000 -61.780888
14450.000000 -61.565567
14500.000000 -61.082630
14550.000000 -61.309872
14600.000000 -61.286942
14650.000000 -61.337193
14700.000000 -61.269894
14750.000000 -61.557163
14800.000000 -61.713306
14850.000000 -61.661320
14900.000000 -61.913189
14950.000000 -62.007694
15000.000000 -61.927738
15050.000000 -61.543217
15100.000000 -61.458618
15150.000000 -61.709919
15200.000000 -61.423416
15250.000000 -61.448750
15300.000000 -61.456112
15350.000000 -61.646729
15400.000000 -61.858353
15450.000000 -61.746464
15500.000000 -61.905922
15550.000000 -61.961723
15600.000000 -61.544643
15650.000000 -61.931873
15700.000000 -61.775684
15750.000000 -61.421078
15800.000000 -61.519505
15850.000000 -61.434978
15900.000000 -61.587975
15950.000000 -61.481537
16000.000000 -61.375149
16050.000000 -62.013542
16100.000000 -62.222591
16150.000000 -62.234924
16200.000000 -62.327820
16250.000000 -62.691936
16300.000000 -62.808170
16350.000000 -63.026611
16400.000000 -63.139832
16450.000000 -63.410942
16500.000000 -63.743855
16550.000000 -63.925419
16600.000000 -63.936047
16650.000000 -64.147751
16700.000000 -64.276031
16750.000000 -64.346581
16800.000000 -64.585938
16850.000000 -64.936035
16900.000000 -65.211998
16950.000000 -65.109245
17000.000000 -65.382233
17050.000000 -65.189323
17100.000000 -65.754089
17150.000000 -65.984100
17200.000000 -65.914169
17250.000000 -65.944328
17300.000000 -65.949326
17350.000000 -66.511055
17400.000000 -66.506569
17450.000000 -66.502083
17500.000000 -67.220215
17550.000000 -67.151108
17600.000000 -67.329239
17650.000000 -67.767876
17700.000000 -67.768845
17750.000000 -67.710373
17800.000000 -68.065285
17850.000000 -68.245934
17900.000000 -68.397247
17950.000000 -68.702965
18000.000000 -68.596413
18050.000000 -69.078445
18100.000000 -69.260124
18150.000000 -69.327744
18200.000000 -70.049728
18250.000000 -70.223434
18300.000000 -70.514664
18350.000000 -70.502220
18400.000000 -70.679420
18450.000000 -71.014854
18500.000000 -71.065407
18550.000000 -71.009201
18600.000000 -71.361794
18650.000000 -70.900200
18700.000000 -71.612473
18750.000000 -71.528603
18800.000000 -71.681877
18850.000000 -72.074669
18900.000000 -72.380684
18950.000000 -72.411606
19000.000000 -72.418251
19050.000000 -72.908539
19100.000000 -73.074135
19150.000000 -73.368042
19200.000000 -73.468681
19250.000000 -73.265503
19300.000000 -73.859756
19350.000000 -74.050064
19400.000000 -74.109062
19450.000000 -74.365730
19500.000000 -74.751045
19550.000000 -74.867706
19600.000000 -74.830353
19650.000000 -75.466286
19700.000000 -75.491486
19750.000000 -75.647469
19800.000000 -75.465500
19850.000000 -76.255219
19900.000000 -76.809021
19950.000000 -76.425674
20000.000000 -76.640854
20050.000000 -76.630058
20100.000000 -76.940353
20150.000000 -77.205269
20200.000000 -77.300911
20250.000000 -77.422203
20300.000000 -77.165016
20350.000000 -78.197517
20400.000000 -78.180298
20450.000000 -78.392464
20500.000000 -78.389160
20550.000000 -79.231346
20600.000000 -79.086975
20650.000000 -79.452492
20700.000000 -79.786095
20750.000000 -78.463249
20800.000000 -79.376915
20850.000000 -78.166336
20900.000000 -79.355972
20950.000000 -79.581619
21000.000000 -79.215591
21050.000000 -79.692207
21100.000000 -80.409225
21150.000000 -79.675591
21200.000000 -80.590317
21250.000000 -80.008759
21300.000000 -80.791222
21350.000000 -79.973007
21400.000000 -81.919800
21450.000000 -81.479813
21500.000000 -81.667267
21550.000000 -81.245697
21600.000000 -81.435921
21650.000000 -81.331787
21700.000000 -82.390251
21750.000000 -82.232872
21800.000000 -82.059792
21850.000000 -81.624016
21900.000000 -82.220886
21950.000000 -81.358093
22000.000000 -83.012360
22050.000000 -83.995895
22100.000000 -83.450691
22150.000000 -83.638046
22200.000000 -82.383278
22250.000000 -83.617920
22300.000000 -82.861816
22350.000000 -82.878410
22400.000000 -83.405457
22450.000000 -82.963753
22500.000000 -83.411339
22550.000000 -83.962364
22600.000000 -83.860489
22650.000000 -84.395470
22700.000000 -85.285980
22750.000000 -85.138657
22800.000000 -85.633858
22850.000000 -85.098038
22900.000000 -84.336311
22950.000000 -84.323219
23000.000000 -84.292747
23050.000000 -85.836494
23100.000000 -85.133865
23150.000000 -85.485550
23200.000000 -86.623703
23250.000000 -86.655014
23300.000000 -88.801720
23350.000000 -88.860336
23400.000000 -86.859871
23450.000000 -86.191391
23500.000000 -87.102638
23550.000000 -89.344063
23600.000000 -88.911949
23650.000000 -89.676804
23700.000000 -88.158028
23750.000000 -90.073380
23800.000000 -89.766098
23850.000000 -88.624641
23900.000000 -87.312317
23950.000000 -87.809151
24000.000000 -88.405624
24050.000000 -86.761169
24100.000000 -86.868637
24150.000000 -88.875053
24200.000000 -89.258980
24250.000000 -90.533379
24300.000000 -89.034843
24350.000000 -89.129112
24400.000000 -90.427071
24450.000000 -89.684883
24500.000000 -90.636490
24550.000000 -90.154060
24600.000000 -91.797623
24650.000000 -92.618774
24700.000000 -91.090096
24750.000000 -91.533623
24800.000000 -89.441772
24850.000000 -89.757942
24900.000000 -90.528923
24950.000000 -89.528671
25000.000000 -89.624466
25050.000000 -88.514442
25100.000000 -88.332680
25150.000000 -88.141098
25200.000000 -89.964172
25250.000000 -91.807938
25300.000000 -90.934692
25350.000000 -93.144295
25400.000000 -89.612434
25450.000000 -88.805374
25500.000000 -90.287331
25550.000000 -89.811096
25600.000000 -89.441772
25650.000000 -90.677177
25700.000000 -91.503670
25750.000000 -91.190453
25800.000000 -91.725754
25850.000000 -92.220116
25900.000000 -91.974678
25950.000000 -89.985069
26000.000000 -89.102615
26050.000000 -88.606773
26100.000000 -88.444084
26150.000000 -89.580429
26200.000000 -89.262833
26250.000000 -88.030144
26300.000000 -86.778503
26350.000000 -87.524025
26400.000000 -86.959709
26450.000000 -86.188690
26500.000000 -88.743500
26550.000000 -87.129707
26600.000000 -90.158325
26650.000000 -89.489059
26700.000000 -90.533379
26750.000000 -90.094536
26800.000000 -88.402138
26850.000000 -90.814178
26900.000000 -91.890907
26950.000000 -93.506905
27000.000000 -90.502235
27050.000000 -92.016869
27100.000000 -90.731720
27150.000000 -95.199158
27200.000000 -91.664619
27250.000000 -86.305687
27300.000000 -90.925377
27350.000000 -93.259422
27400.000000 -90.248428
27450.000000 -89.313026
27500.000000 -91.009689
27550.000000 -91.142517
27600.000000 -89.297554
27650.000000 -89.113960
27700.000000 -88.033485
27750.000000 -88.291267
27800.000000 -89.320778
27850.000000 -89.532639
27900.000000 -87.644623
27950.000000 -86.527626
28000.000000 -87.953644
28050.000000 -89.262833
28100.000000 -87.511429
28150.000000 -89.072426
28200.000000 -89.885231
28250.000000 -90.782021
28300.000000 -88.585381
28350.000000 -89.151886
28400.000000 -89.616447
28450.000000 -89.786522
28500.000000 -91.047432
28550.000000 -89.262833
28600.000000 -91.684952
28650.000000 -93.036644
28700.000000 -90.278671
28750.000000 -91.243492
28800.000000 -90.257057
28850.000000 -90.064926
28900.000000 -89.049858
28950.000000 -93.488091
29000.000000 -93.048515
29050.000000 -91.195259
29100.000000 -91.301720
29150.000000 -90.768272
29200.000000 -90.695320
29250.000000 -89.729462
29300.000000 -89.600418
29350.000000 -89.668732
29400.000000 -88.546295
29450.000000 -88.852989
29500.000000 -88.772568
29550.000000 -88.287827
29600.000000 -88.967598
29650.000000 -88.736252
29700.000000 -88.412605
29750.000000 -89.098831
29800.000000 -93.048515
29850.000000 -88.517975
29900.000000 -88.897171
29950.000000 -90.582542
30000.000000 -93.066391
30050.000000 -94.517410
30100.000000 -90.400703
30150.000000 -91.009689
30200.000000 -91.326096
30250.000000 -92.539818
30300.000000 -89.794708
30350.000000 -90.754547
30400.000000 -88.827324
30450.000000 -93.382278
30500.000000 -92.450439
30550.000000 -90.370033
30600.000000 -91.797623
30650.000000 -92.883400
30700.000000 -91.885696
30750.000000 -93.156342
30800.000000 -91.844139
30850.000000 -95.168701
30900.000000 -92.011581
30950.000000 -92.378494
31000.000000 -88.574699
31050.000000 -91.937927
31100.000000 -91.171249
31150.000000 -91.345650
31200.000000 -88.542747
31250.000000 -90.795784
31300.000000 -90.542297
31350.000000 -91.277412
31400.000000 -91.468857
31450.000000 -90.124245
31500.000000 -91.014397
31550.000000 -91.340759
31600.000000 -91.253166
31650.000000 -91.543625
31700.000000 -90.841843
31750.000000 -90.192543
31800.000000 -90.551224
31850.000000 -94.274094
31900.000000 -91.434181
31950.000000 -91.370247
32000.000000 -90.713501
32050.000000 -92.268959
32100.000000 -92.790443
32150.000000 -91.335869
32200.000000 -93.475578
32250.000000 -91.109123
32300.000000 -90.749977
32350.000000 -92.959671
32400.000000 -93.363739
32450.000000 -91.061630
32500.000000 -91.287125
32550.000000 -93.363739
32600.000000 -92.001022
32650.000000 -95.003105
32700.000000 -89.620453
32750.000000 -96.022438
32800.000000 -92.133957
32850.000000 -94.084229
32900.000000 -92.483849
32950.000000 -90.261375
33000.000000 -93.339081
33050.000000 -90.990883
33100.000000 -93.376099
33150.000000 -93.326782
33200.000000 -93.951111
33250.000000 -93.794014
33300.000000 -94.688286
33350.000000 -93.066391
33400.000000 -92.819382
33450.000000 -93.806999
33500.000000 -92.032745
33550.000000 -92.854248
33600.000000 -92.854248
33650.000000 -93.431915
33700.000000 -94.030739
33750.000000 -92.372986
33800.000000 -90.564629
33850.000000 -91.875290
33900.000000 -92.406097
33950.000000 -88.621063
34000.000000 -93.302223
34050.000000 -92.912659
34100.000000 -90.668114
34150.000000 -90.137009
34200.000000 -89.910080
34250.000000 -92.101868
34300.000000 -91.004982
34350.000000 -88.202217
34400.000000 -90.374405
34450.000000 -91.741104
34500.000000 -91.404572
34550.000000 -95.922409
34600.000000 -89.394730
34650.000000 -91.979942
34700.000000 -88.046860
34750.000000 -87.721657
34800.000000 -90.604980
34850.000000 -89.453568
34900.000000 -91.033264
34950.000000 -92.123253
35000.000000 -89.402557
35050.000000 -88.585381
35100.000000 -92.596146
35150.000000 -91.896118
35200.000000 -93.735825
35250.000000 -92.345490
35300.000000 -91.974678
35350.000000 -93.891861
35400.000000 -97.864761
35450.000000 -93.755180
35500.000000 -94.301559
35550.000000 -90.883499
35600.000000 -92.579208
35650.000000 -92.220116
35700.000000 -94.623817
35750.000000 -92.692749
35800.000000 -92.027451
35850.000000 -94.004112
35900.000000 -91.563675
35950.000000 -92.085869
36000.000000 -75.721657
36050.000000 -65.301086
36100.000000 -61.253662
36150.000000 -58.805012
36200.000000 -56.835316
36250.000000 -55.713154
36300.000000 -55.667156
36350.000000 -55.632622
36400.000000 -56.057098
36450.000000 -56.584412
36500.000000 -58.182446
36550.000000 -59.988213
36600.000000 -63.184849
36650.000000 -68.628929
36700.000000 -66.807465
36750.000000 -62.679298
36800.000000 -59.911522
36850.000000 -58.042843
36900.000000 -57.199314
36950.000000 -56.628529
37000.000000 -56.680645
37050.000000 -56.813980
37100.000000 -57.672016
37150.000000 -58.707043
37200.000000 -60.777439
37250.000000 -63.467064
37300.000000 -66.927025
37350.000000 -66.494522
37400.000000 -63.439842
37450.000000 -61.050114
37500.000000 -59.294407
37550.000000 -58.555340
37600.000000 -57.887966
37650.000000 -57.717140
37700.000000 -57.898991
37750.000000 -58.194496
37800.000000 -59.326847
37850.000000 -60.810986
37900.000000 -62.541824
37950.000000 -65.232063
38000.000000 -65.627266
38050.000000 -63.769592
38100.000000 -61.802719
38150.000000 -60.226788
38200.000000 -59.208927
38250.000000 -58.416840
38300.000000 -58.455696
38350.000000 -58.421257
38400.000000 -58.834396
38450.000000 -59.688370
38500.000000 -60.800224
38550.000000 -61.918644
38600.000000 -64.002609
38650.000000 -64.896118
38700.000000 -63.823360
38750.000000 -62.391117
38800.000000 -61.137299
38850.000000 -60.146893
38900.000000 -59.336544
38950.000000 -59.252598
39000.000000 -59.302841
39050.000000 -59.506416
39100.000000 -59.962971
39150.000000 -60.849194
39200.000000 -62.182114
39250.000000 -63.301132
39300.000000 -63.792122
39350.000000 -63.320339
39400.000000 -62.139450
39450.000000 -61.352200
39500.000000 -60.418949
39550.000000 -59.997746
39600.000000 -59.504288
39650.000000 -59.486031
39700.000000 -59.945305
39750.000000 -60.291103
39800.000000 -60.784832
39850.000000 -62.137589
39900.000000 -62.624977
39950.000000 -63.145542
40000.000000 -62.769806
