0.000000 -58.637203
50.000000 -59.213402
100.000000 -59.481781
150.000000 -59.445278
200.000000 -58.796814
250.000000 -58.470028
300.000000 -58.169556
350.000000 -57.668564
400.000000 -56.905937
450.000000 -56.908722
500.000000 -56.718807
550.000000 -56.485600
600.000000 -56.551022
650.000000 -56.575024
700.000000 -56.457348
750.000000 -56.648781
800.000000 -56.883411
850.000000 -57.063099
900.000000 -57.541512
950.000000 -57.914719
1000.000000 -58.337566
1050.000000 -58.562305
1100.000000 -58.612766
1150.000000 -58.723278
1200.000000 -58.534157
1250.000000 -58.349613
1300.000000 -58.032902
1350.000000 -57.797707
1400.000000 -57.728863
1450.000000 -57.534523
1500.000000 -57.160618
1550.000000 -57.146576
1600.000000 -57.118759
1650.000000 -56.959568
1700.000000 -56.971531
1750.000000 -57.148964
1800.000000 -57.333313
1850.000000 -57.620865
1900.000000 -57.748993
1950.000000 -58.092072
2000.000000 -58.008423
2050.000000 -58.315483
2100.000000 -58.361130
2150.000000 -58.326630
2200.000000 -58.471352
2250.000000 -58.188900
2300.000000 -58.044533
2350.000000 -57.936012
2400.000000 -57.770599
2450.000000 -57.601635
2500.000000 -57.465843
2550.000000 -57.305573
2600.000000 -57.088089
2650.000000 -57.250061
2700.000000 -57.223930
2750.000000 -57.333214
2800.000000 -57.520466
2850.000000 -57.506130
2900.000000 -57.704002
2950.000000 -57.599926
3000.000000 -57.878620
3050.000000 -58.015591
3100.000000 -58.098145
3150.000000 -58.106022
3200.000000 -58.080692
3250.000000 -58.179546
3300.000000 -58.164402
3350.000000 -58.022659
3400.000000 -57.914093
3450.000000 -57.940613
3500.000000 -57.714386
3550.000000 -57.721725
3600.000000 -57.578136
3650.000000 -57.711739
3700.000000 -57.581650
3750.000000 -57.516083
3800.000000 -57.701866
3850.000000 -57.471886
3900.000000 -57.680225
3950.000000 -57.682358
4000.000000 -57.951073
4050.000000 -58.021500
4100.000000 -57.852085
4150.000000 -58.043797
4200.000000 -58.169662
4250.000000 -58.012741
4300.000000 -57.704411
4350.000000 -57.685810
4400.000000 -57.593796
4450.000000 -57.532227
4500.000000 -57.621166
4550.000000 -57.511402
4600.000000 -57.424168
4650.000000 -57.489536
4700.000000 -57.393581
4750.000000 -57.809147
4800.000000 -57.781677
4850.000000 -57.880489
4900.000000 -58.028046
4950.000000 -58.048347
5000.000000 -58.212063
5050.000000 -58.176109
5100.000000 -58.159576
5150.000000 -58.187607
5200.000000 -58.203331
5250.000000 -58.028046
5300.000000 -58.103462
5350.000000 -58.051308
5400.000000 -57.870007
5450.000000 -57.701660
5500.000000 -57.658134
5550.000000 -57.545307
5600.000000 -57.749401
5650.000000 -57.889629
5700.000000 -57.848255
5750.000000 -58.043900
5800.000000 -57.920143
5850.000000 -58.081547
5900.000000 -58.063816
5950.000000 -58.080162
6000.000000 -58.180523
6050.000000 -57.849079
6100.000000 -57.788456
6150.000000 -57.808105
6200.000000 -57.803059
6250.000000 -57.722847
6300.000000 -57.795036
6350.000000 -57.765369
6400.000000 -57.633369
6450.000000 -57.836880
6500.000000 -57.756359
6550.000000 -57.837399
6600.000000 -57.669983
6650.000000 -57.769779
6700.000000 -57.792671
6750.000000 -57.773880
6800.000000 -57.702579
6850.000000 -57.829552
6900.000000 -58.007366
6950.000000 -57.982327
7000.000000 -58.103783
7050.000000 -58.055019
7100.000000 -57.956100
7150.000000 -58.016117
7200.000000 -57.703392
7250.000000 -57.679516
7300.000000 -57.887447
7350.000000 -57.515186
7400.000000 -57.568214
7450.000000 -57.655602
7500.000000 -57.422493
7550.000000 -57.814903
7600.000000 -57.874676
7650.000000 -57.718464
7700.000000 -57.752060
7750.000000 -57.941864
7800.000000 -57.899200
7850.000000 -58.080162
7900.000000 -57.986530
7950.000000 -58.143829
8000.000000 -58.135803
8050.000000 -57.787327
8100.000000 -58.157005
8150.000000 -58.006943
8200.000000 -57.693527
8250.000000 -57.600731
8300.000000 -57.575432
8350.000000 -57.548904
8400.000000 -57.490032
8450.000000 -57.705120
8500.000000 -57.571922
8550.000000 -57.450809
8600.000000 -57.975815
8650.000000 -57.938313
8700.000000 -57.902428
8750.000000 -57.859535
8800.000000 -57.787018
8850.000000 -57.911278
8900.000000 -57.984425
8950.000000 -58.200420
9000.000000 -58.178364
9050.000000 -58.110924
9100.000000 -58.156040
9150.000000 -58.135380
9200.000000 -58.079525
9250.000000 -57.933922
9300.000000 -58.136662
9350.000000 -58.043053
9400.000000 -57.846600
9450.000000 -57.927654
9500.000000 -57.717548
9550.000000 -57.792362
9600.000000 -57.653275
9650.000000 -57.586666
9700.000000 -57.523254
9750.000000 -57.585461
9800.000000 -57.845772
9850.000000 -57.731724
9900.000000 -57.988213
9950.000000 -58.161507
10000.000000 -58.321056
10050.000000 -58.321167
10100.000000 -58.197727
10150.000000 -58.013901
10200.000000 -58.064663
10250.000000 -58.017700
10300.000000 -57.994942
10350.000000 -58.021076
10400.000000 -57.739792
10450.000000 -57.905342
10500.000000 -57.968784
10550.000000 -57.900448
10600.000000 -58.041996
10650.000000 -57.932877
10700.000000 -57.974869
10750.000000 -57.955364
10800.000000 -58.098137
10850.000000 -57.913155
10900.000000 -58.274643
10950.000000 -58.051418
11000.000000 -58.037766
11050.000000 -58.141796
11100.000000 -57.998203
11150.000000 -57.960186
11200.000000 -58.269863
11250.000000 -58.046124
11300.000000 -58.080162
11350.000000 -57.877995
11400.000000 -58.087391
11450.000000 -57.619957
11500.000000 -57.551102
11550.000000 -58.118927
11600.000000 -57.655098
11650.000000 -57.856640
11700.000000 -58.145115
11750.000000 -58.134308
11800.000000 -58.166656
11850.000000 -58.116684
11900.000000 -58.101868
11950.000000 -58.057030
12000.000000 -58.058407
12050.000000 -58.154430
12100.000000 -58.123943
12150.000000 -58.131207
12200.000000 -58.188900
12250.000000 -58.037128
12300.000000 -57.937057
12350.000000 -58.219296
12400.000000 -58.057243
12450.000000 -58.085480
12500.000000 -58.195572
12550.000000 -58.189224
12600.000000 -58.089413
12650.000000 -58.015591
12700.000000 -58.376617
12750.000000 -58.351696
12800.000000 -57.972977
12850.000000 -58.026989
12900.000000 -58.081440
12950.000000 -58.192345
13000.000000 -57.992733
13050.000000 -58.200420
13100.000000 -58.011795
13150.000000 -58.267693
13200.000000 -58.245247
13250.000000 -58.269211
13300.000000 -58.202034
13350.000000 -58.155182
13400.000000 -58.271168
13450.000000 -58.451260
13500.000000 -58.326302
13550.000000 -58.387619
13600.000000 -58.447376
13650.000000 -57.924522
13700.000000 -58.336254
13750.000000 -58.270512
13800.000000 -58.095688
13850.000000 -58.259663
13900.000000 -58.444939
13950.000000 -58.323132
14000.000000 -58.309048
14050.000000 -58.394558
14100.000000 -58.316143
14150.000000 -58.445602
14200.000000 -58.221130
14250.000000 -58.246872
14300.000000 -58.168266
14350.000000 -58.079311
14400.000000 -58.287800
14450.000000 -58.187824
14500.000000 -58.020760
14550.000000 -58.070179
14600.000000 -58.084732
14650.000000 -58.030365
14700.000000 -58.013691
14750.000000 -58.102081
14800.000000 -58.217350
14850.000000 -58.262699
14900.000000 -58.157864
14950.000000 -58.118073
15000.000000 -58.043053
15050.000000 -58.073368
15100.000000 -58.244274
15150.000000 -57.999363
15200.000000 -58.139870
15250.000000 -57.893581
15300.000000 -57.789894
15350.000000 -58.041889
15400.000000 -57.795860
15450.000000 -57.743572
15500.000000 -57.989788
15550.000000 -57.921913
15600.000000 -57.948036
15650.000000 -58.162045
15700.000000 -57.949188
15750.000000 -58.228802
15800.000000 -58.052475
15850.000000 -57.940399
15900.000000 -58.045593
15950.000000 -58.078888
16000.000000 -58.062756
16050.000000 -58.257385
16100.000000 -58.170952
16150.000000 -58.244488
16200.000000 -58.320400
16250.000000 -58.718475
16300.000000 -58.850758
16350.000000 -58.986378
16400.000000 -58.924213
16450.000000 -59.630127
16500.000000 -59.651619
16550.000000 -59.907455
16600.000000 -60.126965
16650.000000 -60.288090
16700.000000 -60.439419
16750.000000 -60.777874
16800.000000 -60.939396
16850.000000 -61.095703
16900.000000 -61.269741
16950.000000 -61.344616
17000.000000 -61.737881
17050.000000 -61.941483
17100.000000 -62.156765
17150.000000 -62.106113
17200.000000 -62.306358
17250.000000 -62.630898
17300.000000 -62.846527
17350.000000 -62.843216
17400.000000 -63.131275
17450.000000 -63.207062
17500.000000 -63.377441
17550.000000 -63.549637
17600.000000 -63.687744
17650.000000 -63.997990
17700.000000 -64.248322
17750.000000 -64.383598
17800.000000 -64.526810
17850.000000 -64.636642
17900.000000 -64.901245
17950.000000 -65.054047
18000.000000 -65.398994
18050.000000 -65.735863
18100.000000 -65.832855
18150.000000 -65.849472
18200.000000 -65.808243
18250.000000 -66.153893
18300.000000 -66.397095
18350.000000 -66.609779
18400.000000 -67.062195
18450.000000 -67.090332
18500.000000 -67.464348
18550.000000 -67.621315
18600.000000 -67.345589
18650.000000 -68.015114
18700.000000 -68.014114
18750.000000 -68.320221
18800.000000 -68.211746
18850.000000 -68.601761
18900.000000 -68.807556
18950.000000 -68.911201
19000.000000 -68.991806
19050.000000 -69.282478
19100.000000 -69.377930
19150.000000 -69.781609
19200.000000 -69.988815
19250.000000 -69.991753
19300.000000 -70.079704
19350.000000 -70.325081
19400.000000 -70.662216
19450.000000 -70.333794
19500.000000 -70.762306
19550.000000 -71.067772
19600.000000 -71.143936
19650.000000 -71.718582
19700.000000 -71.965195
19750.000000 -71.835831
19800.000000 -72.297836
19850.000000 -72.159164
19900.000000 -73.116631
19950.000000 -72.316971
20000.000000 -72.330658
20050.000000 -73.598358
20100.000000 -73.203468
20150.000000 -73.413864
20200.000000 -73.817375
20250.000000 -74.064774
20300.000000 -73.616135
20350.000000 -74.481506
20400.000000 -74.282303
20450.000000 -74.529381
20500.000000 -74.733681
20550.000000 -74.823044
20600.000000 -74.732956
20650.000000 -75.016518
20700.000000 -75.414536
20750.000000 -75.426270
20800.000000 -75.271873
20850.000000 -75.745987
20900.000000 -76.047600
20950.000000 -75.976418
21000.000000 -75.956421
21050.000000 -76.559319
21100.000000 -75.607407
21150.000000 -76.448540
21200.000000 -75.946442
21250.000000 -77.568222
21300.000000 -76.588799
21350.000000 -76.862427
21400.000000 -77.042534
21450.000000 -77.781166
21500.000000 -77.735092
21550.000000 -77.649742
21600.000000 -77.553207
21650.000000 -78.258041
21700.000000 -78.007896
21750.000000 -78.004738
21800.000000 -78.598663
21850.000000 -79.163673
21900.000000 -79.033447
21950.000000 -80.195152
22000.000000 -80.420349
22050.000000 -79.587944
22100.000000 -79.585411
22150.000000 -79.023972
22200.000000 -79.112068
22250.000000 -81.520775
22300.000000 -81.354996
22350.000000 -80.831970
22400.000000 -81.109100
22450.000000 -81.234993
22500.000000 -80.264557
22550.000000 -81.974533
22600.000000 -82.016220
22650.000000 -81.974533
22700.000000 -82.226021
22750.000000 -82.058113
22800.000000 -83.452660
22850.000000 -81.713959
22900.000000 -82.710213
22950.000000 -84.255898
23000.000000 -82.952576
23050.000000 -82.372818
23100.000000 -83.117989
23150.000000 -81.384476
23200.000000 -83.551842
23250.000000 -84.206284
23300.000000 -84.802795
23350.000000 -85.124298
23400.000000 -83.547852
23450.000000 -85.237404
23500.000000 -84.004295
23550.000000 -85.588348
23600.000000 -86.140182
23650.000000 -87.864693
23700.000000 -87.199257
23750.000000 -86.199509
23800.000000 -88.798073
23850.000000 -87.042801
23900.000000 -86.491173
23950.000000 -88.087128
24000.000000 -88.083763
24050.000000 -88.852989
24100.000000 -86.769829
24150.000000 -89.951660
24200.000000 -90.818787
24250.000000 -91.649399
24300.000000 -89.212921
24350.000000 -89.178543
24400.000000 -90.132751
24450.000000 -88.500328
24500.000000 -89.848083
24550.000000 -86.598167
24600.000000 -91.200073
24650.000000 -91.593834
24700.000000 -89.676804
24750.000000 -88.613914
24800.000000 -89.390823
24850.000000 -90.014404
24900.000000 -91.085342
24950.000000 -93.308357
25000.000000 -93.964333
25050.000000 -91.033264
25100.000000 -89.113960
25150.000000 -89.876961
25200.000000 -91.099602
25250.000000 -92.562302
25300.000000 -91.228996
25350.000000 -90.668114
25400.000000 -89.897644
25450.000000 -92.096535
25500.000000 -89.340179
25550.000000 -91.262856
25600.000000 -92.198502
25650.000000 -92.698463
25700.000000 -91.037979
25750.000000 -88.475670
25800.000000 -89.901794
25850.000000 -89.042343
25900.000000 -92.721367
25950.000000 -88.772568
26000.000000 -92.225533
26050.000000 -92.456001
26100.000000 -90.188255
26150.000000 -95.701462
26200.000000 -94.030739
26250.000000 -93.228981
26300.000000 -89.351837
26350.000000 -94.377541
26400.000000 -95.415352
26450.000000 -93.937912
26500.000000 -92.562302
26550.000000 -93.078331
26600.000000 -96.408157
26650.000000 -93.216827
26700.000000 -93.186531
26750.000000 -93.444366
26800.000000 -93.156342
26850.000000 -94.070824
26900.000000 -93.846062
26950.000000 -91.838959
27000.000000 -93.957718
27050.000000 -90.883499
27100.000000 -89.072426
27150.000000 -89.324654
27200.000000 -88.592499
27250.000000 -88.864014
27300.000000 -89.129112
27350.000000 -90.731720
27400.000000 -87.102638
27450.000000 -88.546432
27500.000000 -87.660614
27550.000000 -91.384888
27600.000000 -91.695129
27650.000000 -92.698463
27700.000000 -90.944031
27750.000000 -88.517975
27800.000000 -91.267708
27850.000000 -90.077606
27900.000000 -89.076195
27950.000000 -89.753868
28000.000000 -94.659576
28050.000000 -91.917000
28100.000000 -88.298157
28150.000000 -90.124245
28200.000000 -88.696480
28250.000000 -89.980888
28300.000000 -86.118706
28350.000000 -89.588417
28400.000000 -88.937874
28450.000000 -88.000130
28500.000000 -88.893486
28550.000000 -88.599632
28600.000000 -89.955826
28650.000000 -89.552521
28700.000000 -87.448715
28750.000000 -90.378784
28800.000000 -89.672768
28850.000000 -89.798798
28900.000000 -92.075218
28950.000000 -91.326096
29000.000000 -89.592415
29050.000000 -89.955826
29100.000000 -88.816338
29150.000000 -89.684883
29200.000000 -89.680847
29250.000000 -89.976700
29300.000000 -91.142517
29350.000000 -88.097221
29400.000000 -92.562302
29450.000000 -92.517387
29500.000000 -92.709908
29550.000000 -90.772850
29600.000000 -90.986183
29650.000000 -89.762024
29700.000000 -90.056488
29750.000000 -87.420639
29800.000000 -94.447197
29850.000000 -88.451088
29900.000000 -92.258087
29950.000000 -93.283859
30000.000000 -91.185646
30050.000000 -93.488091
30100.000000 -94.623817
30150.000000 -89.016113
30200.000000 -93.826508
30250.000000 -91.558662
30300.000000 -89.600418
30350.000000 -92.144684
30400.000000 -93.006943
30450.000000 -93.607903
30500.000000 -90.435883
30550.000000 -89.757942
30600.000000 -89.243607
30650.000000 -91.233826
30700.000000 -92.345490
30750.000000 -93.620613
30800.000000 -93.665237
30850.000000 -93.006943
30900.000000 -93.525749
30950.000000 -91.399643
31000.000000 -90.235497
31050.000000 -91.209702
31100.000000 -91.639275
31150.000000 -90.930023
31200.000000 -94.322212
31250.000000 -93.084312
31300.000000 -88.546295
31350.000000 -90.782021
31400.000000 -92.467125
31450.000000 -91.434181
31500.000000 -89.355728
31550.000000 -88.535660
31600.000000 -87.454964
31650.000000 -87.486290
31700.000000 -87.539795
31750.000000 -89.604424
31800.000000 -87.914001
31850.000000 -88.779846
31900.000000 -88.284386
31950.000000 -89.125320
32000.000000 -88.087128
32050.000000 -88.188599
32100.000000 -86.081261
32150.000000 -87.577766
32200.000000 -89.216751
32250.000000 -86.086594
32300.000000 -87.731339
32350.000000 -88.714539
32400.000000 -91.019112
32450.000000 -86.091942
32500.000000 -89.656639
32550.000000 -89.993439
32600.000000 -87.851593
32650.000000 -91.161659
32700.000000 -91.508652
32750.000000 -89.414299
32800.000000 -90.878860
32850.000000 -93.326782
32900.000000 -87.887665
32950.000000 -92.312607
33000.000000 -90.115746
33050.000000 -90.183975
33100.000000 -91.000282
33150.000000 -91.985207
33200.000000 -89.426064
33250.000000 -89.528671
33300.000000 -91.066368
33350.000000 -88.871376
33400.000000 -88.164810
33450.000000 -91.326096
33500.000000 -94.731537
33550.000000 -93.072365
33600.000000 -89.968346
33650.000000 -92.489426
33700.000000 -91.844139
33750.000000 -91.488731
33800.000000 -94.077522
33850.000000 -93.852592
33900.000000 -93.722946
33950.000000 -94.024071
34000.000000 -97.559242
34050.000000 -94.702682
34100.000000 -91.171249
34150.000000 -91.090096
34200.000000 -90.618469
34250.000000 -93.006943
34300.000000 -94.988213
34350.000000 -96.639084
34400.000000 -93.241142
34450.000000 -92.641472
34500.000000 -94.524467
34550.000000 -92.043343
34600.000000 -92.584846
34650.000000 -93.806999
34700.000000 -93.800499
34750.000000 -91.209702
34800.000000 -93.957718
34850.000000 -90.860329
34900.000000 -91.267708
34950.000000 -93.703667
35000.000000 -92.340004
35050.000000 -94.199005
35100.000000 -97.167923
35150.000000 -88.161423
35200.000000 -94.178642
35250.000000 -94.709885
35300.000000 -91.578743
35350.000000 -92.053955
35400.000000 -92.406204
35450.000000 -92.139320
35500.000000 -89.766098
35550.000000 -92.607452
35600.000000 -95.123230
35650.000000 -93.120255
35700.000000 -91.864891
35750.000000 -90.086067
35800.000000 -91.619049
35850.000000 -91.118652
35900.000000 -93.192581
35950.000000 -90.295998
36000.000000 -94.144806
36050.000000 -92.361977
36100.000000 -90.400703
36150.000000 -76.038353
36200.000000 -65.083031
36250.000000 -60.563263
36300.000000 -58.071983
36350.000000 -56.072601
36400.000000 -54.771564
36450.000000 -54.541744
36500.000000 -54.557735
36550.000000 -54.648876
36600.000000 -54.475609
36650.000000 -54.496124
36700.000000 -53.977413
36750.000000 -53.977348
36800.000000 -53.975292
36850.000000 -54.030643
36900.000000 -54.876221
36950.000000 -56.413387
37000.000000 -58.135162
37050.000000 -59.984642
37100.000000 -62.761234
37150.000000 -65.636894
37200.000000 -64.366707
37250.000000 -61.747116
37300.000000 -59.431610
37350.000000 -57.612808
37400.000000 -56.456642
37450.000000 -55.521351
37500.000000 -54.728405
37550.000000 -54.057552
37600.000000 -53.976551
37650.000000 -53.964172
37700.000000 -53.973969
37750.000000 -54.098839
37800.000000 -54.656322
37850.000000 -54.939568
37900.000000 -55.858459
37950.000000 -56.619183
38000.000000 -57.999676
38050.000000 -59.437695
38100.000000 -60.878616
38150.000000 -61.785934
38200.000000 -61.705402
38250.000000 -61.081730
38300.000000 -59.724373
38350.000000 -58.362778
38400.000000 -57.277916
38450.000000 -56.327953
38500.000000 -55.774048
38550.000000 -55.642487
38600.000000 -55.213398
38650.000000 -55.117607
38700.000000 -55.273411
38750.000000 -55.333767
38800.000000 -55.645454
38850.000000 -56.247730
38900.000000 -56.579403
38950.000000 -57.404976
39000.000000 -58.093029
39050.000000 -59.120445
39100.000000 -59.805382
39150.000000 -60.255951
39200.000000 -59.986626
39250.000000 -59.628983
39300.000000 -59.247002
39350.000000 -58.381786
39400.000000 -57.651558
39450.000000 -56.972183
39500.000000 -56.403305
39550.000000 -56.016453
39600.000000 -56.006908
39650.000000 -55.997540
39700.000000 -56.006741
39750.000000 -56.143387
39800.000000 -56.338463
39850.000000 -56.793159
39900.000000 -57.270847
39950.000000 -57.643570
40000.000000 -58.288235
