0.000000 -59.168968
50.000000 -58.779408
100.000000 -58.579731
150.000000 -58.952366
200.000000 -59.203362
250.000000 -59.864811
300.000000 -60.392010
350.000000 -61.207073
400.000000 -61.654743
450.000000 -61.727039
500.000000 -61.786259
550.000000 -61.385094
600.000000 -60.642960
650.000000 -60.323231
700.000000 -59.900642
750.000000 -59.618832
800.000000 -59.454109
850.000000 -59.530491
900.000000 -59.638897
950.000000 -59.623020
1000.000000 -60.040386
1050.000000 -60.465389
1100.000000 -60.923607
1150.000000 -61.002979
1200.000000 -61.305710
1250.000000 -61.000450
1300.000000 -60.779324
1350.000000 -60.262367
1400.000000 -60.003315
1450.000000 -59.677380
1500.000000 -59.364094
1550.000000 -59.234371
1600.000000 -59.462704
1650.000000 -59.622635
1700.000000 -59.923206
1750.000000 -60.085239
1800.000000 -60.722389
1850.000000 -60.940430
1900.000000 -60.931572
1950.000000 -61.042488
2000.000000 -60.891533
2050.000000 -60.823364
2100.000000 -60.638821
2150.000000 -60.311409
2200.000000 -60.086044
2250.000000 -59.898018
2300.000000 -59.803566
2350.000000 -59.963104
2400.000000 -60.184582
2450.000000 -60.107220
2500.000000 -60.464970
2550.000000 -60.611477
2600.000000 -60.617023
2650.000000 -60.908440
2700.000000 -60.903435
2750.000000 -60.667255
2800.000000 -60.740990
2850.000000 -60.475185
2900.000000 -60.064251
2950.000000 -60.121590
3000.000000 -60.055576
3050.000000 -59.916508
3100.000000 -59.770977
3150.000000 -60.085777
3200.000000 -60.129253
3250.000000 -60.336586
3300.000000 -60.781788
3350.000000 -60.684017
3400.000000 -60.628414
3450.000000 -60.636253
3500.000000 -60.565102
3550.000000 -60.481907
3600.000000 -60.443604
3650.000000 -60.327911
3700.000000 -60.235771
3750.000000 -60.203423
3800.000000 -60.060249
3850.000000 -60.198811
3900.000000 -60.125622
3950.000000 -60.226383
4000.000000 -60.451698
4050.000000 -60.694061
4100.000000 -60.704403
4150.000000 -60.751389
4200.000000 -60.522346
4250.000000 -60.650242
4300.000000 -60.552662
4350.000000 -60.497047
4400.000000 -60.271389
4450.000000 -59.980541
4500.000000 -60.158222
4550.000000 -60.029606
4600.000000 -60.123737
4650.000000 -60.306465
4700.000000 -60.340858
4750.000000 -60.382725
4800.000000 -60.424099
4850.000000 -60.340305
4900.000000 -60.429527
4950.000000 -60.341408
5000.000000 -60.256359
5050.000000 -59.882313
5100.000000 -60.334106
5150.000000 -60.331902
5200.000000 -60.133018
5250.000000 -60.186073
5300.000000 -60.246948
5350.000000 -60.292885
5400.000000 -60.279186
5450.000000 -60.427162
5500.000000 -60.432453
5550.000000 -60.543488
5600.000000 -60.529530
5650.000000 -60.589184
5700.000000 -60.441792
5750.000000 -60.710011
5800.000000 -60.622574
5850.000000 -60.523754
5900.000000 -60.536293
5950.000000 -60.361282
6000.000000 -60.211838
6050.000000 -60.405331
6100.000000 -60.531933
6150.000000 -60.524601
6200.000000 -60.671120
6250.000000 -60.702248
6300.000000 -60.497612
6350.000000 -60.553791
6400.000000 -60.735649
6450.000000 -60.806187
6500.000000 -60.757603
6550.000000 -60.769760
6600.000000 -60.731899
6650.000000 -60.468746
6700.000000 -60.566940
6750.000000 -60.390068
6800.000000 -60.392147
6850.000000 -60.417141
6900.000000 -60.432590
6950.000000 -60.288773
7000.000000 -60.333004
7050.000000 -60.574581
7100.000000 -60.683445
7150.000000 -60.701385
7200.000000 -60.703396
7250.000000 -60.684303
7300.000000 -60.462452
7350.000000 -60.350513
7400.000000 -60.524178
7450.000000 -60.267014
7500.000000 -60.173489
7550.000000 -60.560432
7600.000000 -60.556194
7650.000000 -60.550121
7700.000000 -60.306328
7750.000000 -60.499294
7800.000000 -60.567505
7850.000000 -60.401859
7900.000000 -60.416588
7950.000000 -60.375111
8000.000000 -60.377602
8050.000000 -60.452675
8100.000000 -60.391872
8150.000000 -60.563263
8200.000000 -60.632832
8250.000000 -60.376354
8300.000000 -60.652241
8350.000000 -60.257999
8400.000000 -60.638821
8450.000000 -60.587479
8500.000000 -60.546024
8550.000000 -60.741856
8600.000000 -60.560432
8650.000000 -60.674561
8700.000000 -60.612331
8750.000000 -60.535587
8800.000000 -60.701530
8850.000000 -60.549980
8900.000000 -60.569485
8950.000000 -60.589748
9000.000000 -60.640533
9050.000000 -60.569912
9100.000000 -60.512783
9150.000000 -60.376633
9200.000000 -60.492279
9250.000000 -60.522205
9300.000000 -60.770195
9350.000000 -60.631550
9400.000000 -60.702534
9450.000000 -60.569771
9500.000000 -60.517422
9550.000000 -60.386326
9600.000000 -60.550545
9650.000000 -60.300014
9700.000000 -60.425629
9750.000000 -60.611191
9800.000000 -60.264690
9850.000000 -60.297134
9900.000000 -60.391594
9950.000000 -60.588043
10000.000000 -60.520939
10050.000000 -60.637825
10100.000000 -60.593861
10150.000000 -60.585777
10200.000000 -60.579258
10250.000000 -60.691048
10300.000000 -60.448627
10350.000000 -60.655243
10400.000000 -60.432590
10450.000000 -60.737236
10500.000000 -60.647530
10550.000000 -60.481346
10600.000000 -60.305367
10650.000000 -60.484146
10700.000000 -60.339756
10750.000000 -60.543205
10800.000000 -60.673126
10850.000000 -60.789768
10900.000000 -60.710873
10950.000000 -60.835609
11000.000000 -60.728439
11050.000000 -60.678715
11100.000000 -60.419647
11150.000000 -60.567932
11200.000000 -60.528824
11250.000000 -60.581806
11300.000000 -60.585068
11350.000000 -60.630981
11400.000000 -60.555630
11450.000000 -60.693916
11500.000000 -60.410469
11550.000000 -60.497749
11600.000000 -60.686741
11650.000000 -60.781788
11700.000000 -60.632832
11750.000000 -60.730171
11800.000000 -60.641960
11850.000000 -60.644531
11900.000000 -60.757748
11950.000000 -60.730457
12000.000000 -60.669975
12050.000000 -60.681293
12100.000000 -60.789333
12150.000000 -60.653671
12200.000000 -60.637253
12250.000000 -60.637825
12300.000000 -60.433010
12350.000000 -60.590172
12400.000000 -60.568214
12450.000000 -60.620583
12500.000000 -60.604370
12550.000000 -60.640961
12600.000000 -60.720371
12650.000000 -60.760784
12700.000000 -60.745754
12750.000000 -60.985443
12800.000000 -60.804295
12850.000000 -60.888008
12900.000000 -60.935410
12950.000000 -60.903584
13000.000000 -60.820156
13050.000000 -60.633972
13100.000000 -60.743153
13150.000000 -60.714901
13200.000000 -60.689754
13250.000000 -60.573448
13300.000000 -60.806187
13350.000000 -60.721237
13400.000000 -60.518406
13450.000000 -60.849339
13500.000000 -60.808514
13550.000000 -60.699516
13600.000000 -60.910645
13650.000000 -60.849339
13700.000000 -60.808949
13750.000000 -60.889477
13800.000000 -60.681293
13850.000000 -60.329014
13900.000000 -60.469864
13950.000000 -60.519672
14000.000000 -60.573448
14050.000000 -60.675991
14100.000000 -60.863674
14150.000000 -60.888889
14200.000000 -60.901085
14250.000000 -60.818993
14300.000000 -61.062088
14350.000000 -60.900494
14400.000000 -60.675846
14450.000000 -60.699375
14500.000000 -60.569771
14550.000000 -60.472805
14600.000000 -60.477142
14650.000000 -60.586769
14700.000000 -60.353134
14750.000000 -60.774830
14800.000000 -60.912411
14850.000000 -61.048019
14900.000000 -60.962017
14950.000000 -60.950478
15000.000000 -60.764549
15050.000000 -60.711880
15100.000000 -60.758183
15150.000000 -60.510532
15200.000000 -60.569485
15250.000000 -60.436214
15300.000000 -60.516861
15350.000000 -60.453514
15400.000000 -60.593292
15450.000000 -60.800224
15500.000000 -60.822636
15550.000000 -60.983215
15600.000000 -60.663681
15650.000000 -60.650242
15700.000000 -60.605507
15750.000000 -60.688175
15800.000000 -60.606926
15850.000000 -60.519253
15900.000000 -60.393810
15950.000000 -60.447510
16000.000000 -60.581242
16050.000000 -60.716629
16100.000000 -60.593578
16150.000000 -60.747196
16200.000000 -60.879646
16250.000000 -60.910938
16300.000000 -61.145462
16350.000000 -61.432949
16400.000000 -61.914509
16450.000000 -61.640804
16500.000000 -62.127251
16550.000000 -62.491711
16600.000000 -62.374901
16650.000000 -62.640770
16700.000000 -62.986893
16750.000000 -63.121208
16800.000000 -63.200352
16850.000000 -63.301323
16900.000000 -63.444176
16950.000000 -63.668114
17000.000000 -63.885941
17050.000000 -64.158440
17100.000000 -64.273216
17150.000000 -64.714752
17200.000000 -64.704948
17250.000000 -64.951256
17300.000000 -65.043617
17350.000000 -64.921776
17400.000000 -65.388390
17450.000000 -65.579765
17500.000000 -65.940407
17550.000000 -66.276688
17600.000000 -66.197334
17650.000000 -66.368080
17700.000000 -66.808624
17750.000000 -66.463509
17800.000000 -66.792099
17850.000000 -67.325851
17900.000000 -67.252838
17950.000000 -67.239105
18000.000000 -67.766579
18050.000000 -67.676949
18100.000000 -67.958931
18150.000000 -68.345818
18200.000000 -68.381577
18250.000000 -68.482346
18300.000000 -68.616760
18350.000000 -68.863632
18400.000000 -69.152634
18450.000000 -69.337448
18500.000000 -69.502495
18550.000000 -69.775070
18600.000000 -69.887695
18650.000000 -70.079285
18700.000000 -69.947060
18750.000000 -70.242378
18800.000000 -70.800827
18850.000000 -71.072517
18900.000000 -71.054512
18950.000000 -71.058769
19000.000000 -71.420334
19050.000000 -71.943672
19100.000000 -71.579735
19150.000000 -71.992569
19200.000000 -71.948921
19250.000000 -72.338882
19300.000000 -72.282562
19350.000000 -72.642586
19400.000000 -72.692162
19450.000000 -72.831551
19500.000000 -72.950813
19550.000000 -72.977936
19600.000000 -73.389687
19650.000000 -73.360016
19700.000000 -73.489952
19750.000000 -73.870872
19800.000000 -73.877419
19850.000000 -74.086891
19900.000000 -74.399742
19950.000000 -74.698334
20000.000000 -75.034454
20050.000000 -74.877251
20100.000000 -75.183891
20150.000000 -75.234276
20200.000000 -74.927368
20250.000000 -75.100548
20300.000000 -75.108093
20350.000000 -75.527847
20400.000000 -75.746796
20450.000000 -75.389557
20500.000000 -75.413002
20550.000000 -76.121056
20600.000000 -75.513603
20650.000000 -76.262115
20700.000000 -76.561989
20750.000000 -76.867043
20800.000000 -76.274193
20850.000000 -77.239929
20900.000000 -77.122093
20950.000000 -77.244751
21000.000000 -77.957466
21050.000000 -77.747360
21100.000000 -77.146866
21150.000000 -78.394669
21200.000000 -77.648727
21250.000000 -77.882362
21300.000000 -78.676834
21350.000000 -78.533485
21400.000000 -79.501160
21450.000000 -78.692787
21500.000000 -79.238625
21550.000000 -79.545074
21600.000000 -79.631020
21650.000000 -80.161331
21700.000000 -80.993919
21750.000000 -80.813026
21800.000000 -80.270027
21850.000000 -81.080536
21900.000000 -81.512878
21950.000000 -81.596893
22000.000000 -81.617630
22050.000000 -81.952934
22100.000000 -81.801582
22150.000000 -80.403671
22200.000000 -81.489250
22250.000000 -81.691383
22300.000000 -82.226021
22350.000000 -82.017891
22400.000000 -81.652824
22450.000000 -81.100067
22500.000000 -81.077530
22550.000000 -81.837532
22600.000000 -83.442802
22650.000000 -82.385017
22700.000000 -82.531006
22750.000000 -83.129379
22800.000000 -82.274101
22850.000000 -83.966560
22900.000000 -82.697548
22950.000000 -81.429672
23000.000000 -82.513283
23050.000000 -83.423126
23100.000000 -82.728340
23150.000000 -82.414719
23200.000000 -82.418221
23250.000000 -82.492065
23300.000000 -83.964462
23350.000000 -83.131279
23400.000000 -83.862556
23450.000000 -83.587822
23500.000000 -83.136986
23550.000000 -83.104713
23600.000000 -83.702759
23650.000000 -83.951920
23700.000000 -83.727150
23750.000000 -85.964600
23800.000000 -84.180504
23850.000000 -82.532776
23900.000000 -84.736221
23950.000000 -85.443283
24000.000000 -85.131477
24050.000000 -86.606667
24100.000000 -83.739380
24150.000000 -83.941475
24200.000000 -86.363396
24250.000000 -85.450729
24300.000000 -86.712234
24350.000000 -86.790077
24400.000000 -86.030685
24450.000000 -86.316650
24500.000000 -85.779587
24550.000000 -88.886108
24600.000000 -88.063614
24650.000000 -86.669281
24700.000000 -85.782166
24750.000000 -86.316650
24800.000000 -85.638931
24850.000000 -84.459457
24900.000000 -85.631325
24950.000000 -85.746140
25000.000000 -85.393822
25050.000000 -86.652161
25100.000000 -85.935677
25150.000000 -87.622284
25200.000000 -88.322304
25250.000000 -86.344116
25300.000000 -84.086647
25350.000000 -87.162895
25400.000000 -86.159012
25450.000000 -87.822189
25500.000000 -88.412605
25550.000000 -90.162598
25600.000000 -87.120674
25650.000000 -86.749626
25700.000000 -89.220581
25750.000000 -89.201447
25800.000000 -90.537834
25850.000000 -90.326408
25900.000000 -90.001823
25950.000000 -88.003464
26000.000000 -88.599632
26050.000000 -87.349304
26100.000000 -88.374290
26150.000000 -89.286026
26200.000000 -88.747131
26250.000000 -91.823433
26300.000000 -89.786522
26350.000000 -88.849319
26400.000000 -89.604424
26450.000000 -88.801720
26500.000000 -88.816338
26550.000000 -91.761612
26600.000000 -90.663589
26650.000000 -89.117744
26700.000000 -89.939163
26750.000000 -92.906799
26800.000000 -93.761642
26850.000000 -89.216751
26900.000000 -90.546761
26950.000000 -94.760490
27000.000000 -91.629158
27050.000000 -89.947495
27100.000000 -88.937874
27150.000000 -88.732628
27200.000000 -90.860329
27250.000000 -90.043839
27300.000000 -91.974678
27350.000000 -93.259422
27400.000000 -91.922226
27450.000000 -89.313026
27500.000000 -91.009689
27550.000000 -91.142517
27600.000000 -89.297554
27650.000000 -89.113960
27700.000000 -88.033485
27750.000000 -88.291267
27800.000000 -89.320778
27850.000000 -89.532639
27900.000000 -87.644623
27950.000000 -86.527626
28000.000000 -87.953644
28050.000000 -89.262833
28100.000000 -87.511429
28150.000000 -89.072426
28200.000000 -89.885231
28250.000000 -90.782021
28300.000000 -88.585381
28350.000000 -89.151886
28400.000000 -89.616447
28450.000000 -89.786522
28500.000000 -91.047432
28550.000000 -89.262833
28600.000000 -91.684952
28650.000000 -93.036644
28700.000000 -90.278671
28750.000000 -91.243492
28800.000000 -90.257057
28850.000000 -90.064926
28900.000000 -89.049858
28950.000000 -93.488091
29000.000000 -93.048515
29050.000000 -91.195259
29100.000000 -91.301720
29150.000000 -90.768272
29200.000000 -91.588806
29250.000000 -90.287331
29300.000000 -91.664619
29350.000000 -92.268959
29400.000000 -90.613968
29450.000000 -90.578056
29500.000000 -91.473824
29550.000000 -90.488930
29600.000000 -90.986183
29650.000000 -94.433220
29700.000000 -95.541344
29750.000000 -90.986183
29800.000000 -92.027451
29850.000000 -90.300331
29900.000000 -90.595993
29950.000000 -92.085869
30000.000000 -95.717636
30050.000000 -91.624100
30100.000000 -91.444077
30150.000000 -92.133957
30200.000000 -91.277412
30250.000000 -92.624443
30300.000000 -90.981491
30350.000000 -94.524467
30400.000000 -92.755836
30450.000000 -90.086067
30500.000000 -89.091278
30550.000000 -92.630119
30600.000000 -90.948700
30650.000000 -92.263519
30700.000000 -92.340004
30750.000000 -94.280952
30800.000000 -93.431915
30850.000000 -92.495010
30900.000000 -93.150314
30950.000000 -96.425705
31000.000000 -90.631981
31050.000000 -87.358574
31100.000000 -90.192543
31150.000000 -91.321220
31200.000000 -92.123253
31250.000000 -91.345650
31300.000000 -86.004189
31350.000000 -94.185425
31400.000000 -93.150314
31450.000000 -89.309158
31500.000000 -91.238655
31550.000000 -94.391426
31600.000000 -90.006012
31650.000000 -91.113884
31700.000000 -90.573578
31750.000000 -91.558662
31800.000000 -91.885696
31850.000000 -90.582542
31900.000000 -90.948700
31950.000000 -96.941315
32000.000000 -93.289978
32050.000000 -92.721367
32100.000000 -94.158325
32150.000000 -91.258011
32200.000000 -91.880493
32250.000000 -90.086067
32300.000000 -92.635796
32350.000000 -92.032745
32400.000000 -91.558662
32450.000000 -91.864891
32500.000000 -94.287819
32550.000000 -91.453979
32600.000000 -89.266678
32650.000000 -91.296852
32700.000000 -91.238655
32750.000000 -89.461441
32800.000000 -92.750084
32850.000000 -90.897430
32900.000000 -93.538338
32950.000000 -95.161110
33000.000000 -92.871841
33050.000000 -92.285301
33100.000000 -95.010567
33150.000000 -91.345650
33200.000000 -93.671631
33250.000000 -94.717094
33300.000000 -92.995102
33350.000000 -94.531525
33400.000000 -90.022804
33450.000000 -91.901337
33500.000000 -92.312607
33550.000000 -91.948410
33600.000000 -88.026802
33650.000000 -90.864960
33700.000000 -89.608444
33750.000000 -89.140495
33800.000000 -90.809578
33850.000000 -90.958061
33900.000000 -88.838310
33950.000000 -90.361290
34000.000000 -90.564629
34050.000000 -90.132751
34100.000000 -90.809578
34150.000000 -90.006012
34200.000000 -90.218292
34250.000000 -91.028542
34300.000000 -92.187706
34350.000000 -91.272560
34400.000000 -89.835732
34450.000000 -90.326408
34500.000000 -90.287331
34550.000000 -87.555603
34600.000000 -88.416100
34650.000000 -90.218323
34700.000000 -88.301605
34750.000000 -90.322052
34800.000000 -88.130974
34850.000000 -88.040176
34900.000000 -89.737587
34950.000000 -90.524467
35000.000000 -88.915649
35050.000000 -88.915649
35100.000000 -89.930847
35150.000000 -89.737587
35200.000000 -90.948700
35250.000000 -91.080597
35300.000000 -88.642540
35350.000000 -88.346527
35400.000000 -90.103020
35450.000000 -92.176933
35500.000000 -89.247444
35550.000000 -90.542297
35600.000000 -88.732628
35650.000000 -88.578255
35700.000000 -89.344063
35750.000000 -91.099602
35800.000000 -93.475578
35850.000000 -92.506195
35900.000000 -92.506454
35950.000000 -91.037979
36000.000000 -93.210762
36050.000000 -75.151222
36100.000000 -65.299866
36150.000000 -60.936886
36200.000000 -58.314503
36250.000000 -56.664925
36300.000000 -55.594147
36350.000000 -54.907654
36400.000000 -54.787041
36450.000000 -54.986179
36500.000000 -55.384960
36550.000000 -56.019386
36600.000000 -57.345608
36650.000000 -59.002918
36700.000000 -61.316822
36750.000000 -65.278427
36800.000000 -70.409027
36850.000000 -65.111641
36900.000000 -61.594341
36950.000000 -59.394093
37000.000000 -58.209042
37050.000000 -56.896755
37100.000000 -56.370350
37150.000000 -56.164154
37200.000000 -56.109024
37250.000000 -56.458054
37300.000000 -57.098614
37350.000000 -58.342163
37400.000000 -59.865593
37450.000000 -62.162373
37500.000000 -64.518562
37550.000000 -66.680710
37600.000000 -63.625957
37650.000000 -61.636803
37700.000000 -59.786739
37750.000000 -58.538746
37800.000000 -57.420620
37850.000000 -57.306736
37900.000000 -56.928707
37950.000000 -57.077477
38000.000000 -57.412254
38050.000000 -58.187397
38100.000000 -59.053631
38150.000000 -60.497890
38200.000000 -62.090252
38250.000000 -63.622540
38300.000000 -63.875790
38350.000000 -62.873425
38400.000000 -61.415928
38450.000000 -60.016850
38500.000000 -59.053272
38550.000000 -58.316143
38600.000000 -57.745411
38650.000000 -57.892853
38700.000000 -58.058620
38750.000000 -57.954319
38800.000000 -58.910759
38850.000000 -59.630764
38900.000000 -60.614178
38950.000000 -61.847195
39000.000000 -62.699711
39050.000000 -62.829254
39100.000000 -62.090084
39150.000000 -60.990341
39200.000000 -59.816795
39250.000000 -59.276951
39300.000000 -58.606331
39350.000000 -58.185459
39400.000000 -58.384979
39450.000000 -58.551079
39500.000000 -58.762154
39550.000000 -59.390617
39600.000000 -60.036259
39650.000000 -60.885075
39700.000000 -61.754898
39750.000000 -62.216942
39800.000000 -62.202755
39850.000000 -61.332710
39900.000000 -60.765125
39950.000000 -60.196098
40000.000000 -59.262329
