0.000000 -58.091644
50.000000 -58.388607
100.000000 -59.256973
150.000000 -59.644619
200.000000 -60.238087
250.000000 -60.629982
300.000000 -60.841888
350.000000 -60.579258
400.000000 -60.147972
450.000000 -59.641315
500.000000 -58.880646
550.000000 -58.645477
600.000000 -58.128963
650.000000 -57.940399
700.000000 -57.777161
750.000000 -57.959137
800.000000 -58.277035
850.000000 -58.525204
900.000000 -59.007637
950.000000 -59.417717
1000.000000 -59.715645
1050.000000 -60.088989
1100.000000 -60.167946
1150.000000 -60.192303
1200.000000 -60.014194
1250.000000 -59.677887
1300.000000 -59.568745
1350.000000 -58.874241
1400.000000 -58.701450
1450.000000 -58.630070
1500.000000 -58.481472
1550.000000 -58.428001
1600.000000 -58.405582
1650.000000 -58.762268
1700.000000 -58.882393
1750.000000 -59.016861
1800.000000 -59.061714
1850.000000 -59.631908
1900.000000 -59.747131
1950.000000 -59.848907
2000.000000 -59.744167
2050.000000 -59.504913
2100.000000 -59.326481
2150.000000 -59.256123
2200.000000 -58.922810
2250.000000 -58.758934
2300.000000 -58.685028
2350.000000 -58.488487
2400.000000 -58.711498
2450.000000 -58.884373
2500.000000 -59.000542
2550.000000 -59.206387
2600.000000 -59.325993
2650.000000 -59.703342
2700.000000 -59.729637
2750.000000 -59.583012
2800.000000 -59.585411
2850.000000 -59.728996
2900.000000 -59.792171
2950.000000 -59.621624
3000.000000 -59.319370
3050.000000 -59.278782
3100.000000 -59.068260
3150.000000 -59.107159
3200.000000 -58.970592
3250.000000 -59.032852
3300.000000 -59.124519
3350.000000 -59.244083
3400.000000 -59.373459
3450.000000 -59.502533
3500.000000 -59.629368
3550.000000 -59.624668
3600.000000 -59.571522
3650.000000 -59.707565
3700.000000 -59.632164
3750.000000 -59.505039
3800.000000 -59.177399
3850.000000 -59.131470
3900.000000 -59.115295
3950.000000 -59.104649
4000.000000 -59.137829
4050.000000 -58.937340
4100.000000 -58.987324
4150.000000 -58.965294
4200.000000 -59.007160
4250.000000 -59.372841
4300.000000 -59.595272
4350.000000 -59.613129
4400.000000 -59.528481
4450.000000 -59.501911
4500.000000 -59.476166
4550.000000 -59.416481
4600.000000 -59.466190
4650.000000 -59.433475
4700.000000 -59.340473
4750.000000 -59.321209
4800.000000 -59.304066
4850.000000 -59.307125
4900.000000 -59.446644
4950.000000 -59.581112
5000.000000 -59.369022
5050.000000 -59.386543
5100.000000 -59.496029
5150.000000 -59.400875
5200.000000 -59.495407
5250.000000 -59.547081
5300.000000 -59.458092
5350.000000 -59.620102
5400.000000 -59.274635
5450.000000 -59.368778
5500.000000 -59.380985
5550.000000 -59.441051
5600.000000 -59.290741
5650.000000 -59.133148
5700.000000 -59.246635
5750.000000 -59.291962
5800.000000 -59.292576
5850.000000 -59.376049
5900.000000 -59.307369
5950.000000 -59.321087
6000.000000 -59.206387
6050.000000 -59.259285
6100.000000 -59.446522
6150.000000 -59.329670
6200.000000 -59.197803
6250.000000 -59.045193
6300.000000 -59.374691
6350.000000 -59.531246
6400.000000 -59.318756
6450.000000 -59.354366
6500.000000 -59.568367
6550.000000 -59.367050
6600.000000 -59.345879
6650.000000 -59.436951
6700.000000 -59.452492
6750.000000 -59.430988
6800.000000 -59.464443
6850.000000 -59.289886
6900.000000 -59.282806
6950.000000 -59.225273
7000.000000 -59.522961
7050.000000 -59.319248
7100.000000 -59.313000
7150.000000 -59.420319
7200.000000 -59.274513
7250.000000 -59.275242
7300.000000 -59.366802
7350.000000 -59.487404
7400.000000 -59.263180
7450.000000 -59.362614
7500.000000 -59.155487
7550.000000 -59.165123
7600.000000 -59.138306
7650.000000 -59.438934
7700.000000 -59.228428
7750.000000 -59.581871
7800.000000 -59.608437
7850.000000 -59.564713
7900.000000 -59.657860
7950.000000 -59.501282
8000.000000 -59.438686
8050.000000 -59.484531
8100.000000 -59.568493
8150.000000 -59.599571
8200.000000 -59.504665
8250.000000 -59.305534
8300.000000 -59.342564
8350.000000 -59.148514
8400.000000 -59.330040
8450.000000 -59.289154
8500.000000 -59.222244
8550.000000 -59.244816
8600.000000 -59.209167
8650.000000 -59.346985
8700.000000 -59.455231
8750.000000 -59.510052
8800.000000 -59.565338
8850.000000 -59.524715
8900.000000 -59.686195
8950.000000 -59.559544
9000.000000 -59.618576
9050.000000 -59.474171
9100.000000 -59.341335
9150.000000 -59.388763
9200.000000 -59.465694
9250.000000 -59.405087
9300.000000 -59.435829
9350.000000 -59.255516
9400.000000 -59.458218
9450.000000 -59.141548
9500.000000 -59.571648
9550.000000 -59.349815
9600.000000 -59.601471
9650.000000 -59.271343
9700.000000 -59.427391
9750.000000 -59.541801
9800.000000 -59.601475
9850.000000 -59.437073
9900.000000 -59.344406
9950.000000 -59.146473
10000.000000 -59.346249
10050.000000 -59.388145
10100.000000 -59.451870
10150.000000 -59.505165
10200.000000 -59.365944
10250.000000 -59.338753
10300.000000 -59.554886
10350.000000 -59.441547
10400.000000 -59.582249
10450.000000 -59.537651
10500.000000 -59.664616
10550.000000 -59.688622
10600.000000 -59.589329
10650.000000 -59.640678
10700.000000 -59.716671
10750.000000 -59.650856
10800.000000 -59.569378
10850.000000 -59.558788
10900.000000 -59.591099
10950.000000 -59.552364
11000.000000 -59.418957
11050.000000 -59.476540
11100.000000 -59.472050
11150.000000 -59.622002
11200.000000 -59.571774
11250.000000 -59.362366
11300.000000 -59.415363
11350.000000 -59.639278
11400.000000 -59.814198
11450.000000 -59.735420
11500.000000 -59.619213
11550.000000 -59.537525
11600.000000 -59.543179
11650.000000 -59.634068
11700.000000 -59.445774
11750.000000 -59.524841
11800.000000 -59.347851
11850.000000 -59.578590
11900.000000 -59.424538
11950.000000 -59.448883
12000.000000 -59.487030
12050.000000 -59.262695
12100.000000 -59.440304
12150.000000 -59.367050
12200.000000 -59.402733
12250.000000 -59.170654
12300.000000 -59.403477
12350.000000 -59.584526
12400.000000 -59.570766
12450.000000 -59.646019
12500.000000 -59.427517
12550.000000 -59.623905
12600.000000 -59.755367
12650.000000 -59.617691
12700.000000 -59.614521
12750.000000 -59.687984
12800.000000 -59.774849
12850.000000 -59.818741
12900.000000 -59.707310
12950.000000 -59.771366
13000.000000 -59.720264
13050.000000 -59.576317
13100.000000 -59.539410
13150.000000 -59.264763
13200.000000 -59.375927
13250.000000 -59.397785
13300.000000 -59.408550
13350.000000 -59.450996
13400.000000 -59.435829
13450.000000 -59.281830
13500.000000 -59.478287
13550.000000 -59.484409
13600.000000 -59.613129
13650.000000 -59.652386
13700.000000 -59.617435
13750.000000 -59.743137
13800.000000 -59.633686
13850.000000 -59.577702
13900.000000 -59.481159
13950.000000 -59.261600
14000.000000 -59.536396
14050.000000 -59.505165
14100.000000 -59.529110
14150.000000 -59.576191
14200.000000 -59.521706
14250.000000 -59.654167
14300.000000 -59.523838
14350.000000 -59.697708
14400.000000 -59.779758
14450.000000 -59.541924
14500.000000 -59.831989
14550.000000 -59.699753
14600.000000 -59.751762
14650.000000 -59.696552
14700.000000 -59.648567
14750.000000 -59.580734
14800.000000 -59.543560
14850.000000 -59.483280
14900.000000 -59.579094
14950.000000 -59.597931
15000.000000 -59.551991
15050.000000 -59.764137
15100.000000 -59.724503
15150.000000 -59.490028
15200.000000 -59.798645
15250.000000 -59.798904
15300.000000 -59.702187
15350.000000 -59.662449
15400.000000 -59.461082
15450.000000 -59.575176
15500.000000 -59.540161
15550.000000 -59.450375
15600.000000 -59.366924
15650.000000 -59.437199
15700.000000 -59.530991
15750.000000 -59.549725
15800.000000 -59.616295
15850.000000 -59.747643
15900.000000 -59.646275
15950.000000 -59.574421
16000.000000 -59.846821
16050.000000 -59.684406
16100.000000 -59.804085
16150.000000 -59.890816
16200.000000 -60.090462
16250.000000 -60.357414
16300.000000 -60.607071
16350.000000 -60.804295
16400.000000 -60.810986
16450.000000 -61.097206
16500.000000 -61.144402
16550.000000 -61.568901
16600.000000 -61.683010
16650.000000 -61.757835
16700.000000 -62.201046
16750.000000 -62.165604
16800.000000 -62.290127
16850.000000 -62.624081
16900.000000 -62.769619
16950.000000 -62.949215
17000.000000 -63.312767
17050.000000 -63.370602
17100.000000 -63.264191
17150.000000 -63.782284
17200.000000 -64.181572
17250.000000 -64.022171
17300.000000 -64.206703
17350.000000 -64.332153
17400.000000 -64.709961
17450.000000 -64.928085
17500.000000 -65.214653
17550.000000 -65.490280
17600.000000 -65.449974
17650.000000 -65.681389
17700.000000 -65.891151
17750.000000 -65.867165
17800.000000 -66.156586
17850.000000 -66.419548
17900.000000 -66.592491
17950.000000 -66.659851
18000.000000 -66.713654
18050.000000 -67.645248
18100.000000 -67.567299
18150.000000 -67.975853
18200.000000 -68.012444
18250.000000 -68.082741
18300.000000 -68.352058
18350.000000 -68.408058
18400.000000 -68.548409
18450.000000 -68.775459
18500.000000 -68.839767
18550.000000 -69.191887
18600.000000 -69.090515
18650.000000 -69.431938
18700.000000 -69.413895
18750.000000 -69.674370
18800.000000 -69.936241
18850.000000 -70.241516
18900.000000 -70.710754
18950.000000 -70.335098
19000.000000 -70.567749
19050.000000 -71.097679
19100.000000 -71.201019
19150.000000 -71.227531
19200.000000 -71.131516
19250.000000 -71.215950
19300.000000 -71.654961
19350.000000 -71.512627
19400.000000 -71.552124
19450.000000 -72.248283
19500.000000 -71.952065
19550.000000 -72.522423
19600.000000 -72.357559
19650.000000 -73.239906
19700.000000 -72.836197
19750.000000 -72.657944
19800.000000 -73.605339
19850.000000 -73.704933
19900.000000 -73.688248
19950.000000 -74.184723
20000.000000 -73.827133
20050.000000 -74.246010
20100.000000 -74.431099
20150.000000 -74.504707
20200.000000 -74.164391
20250.000000 -74.736572
20300.000000 -74.593155
20350.000000 -74.611664
20400.000000 -75.388779
20450.000000 -75.394234
20500.000000 -75.550049
20550.000000 -75.285728
20600.000000 -75.943123
20650.000000 -75.377876
20700.000000 -76.477646
20750.000000 -76.197716
20800.000000 -76.342644
20850.000000 -76.295792
20900.000000 -77.263107
20950.000000 -77.190872
21000.000000 -77.615425
21050.000000 -77.237038
21100.000000 -78.018440
21150.000000 -77.339851
21200.000000 -77.463669
21250.000000 -77.598320
21300.000000 -77.235107
21350.000000 -77.583260
21400.000000 -78.382561
21450.000000 -78.486595
21500.000000 -78.609947
21550.000000 -78.671143
21600.000000 -78.902817
21650.000000 -79.369514
21700.000000 -78.439957
21750.000000 -79.254417
21800.000000 -79.276344
21850.000000 -80.441238
21900.000000 -79.998154
21950.000000 -79.969048
22000.000000 -80.304276
22050.000000 -81.628807
22100.000000 -80.936150
22150.000000 -80.525307
22200.000000 -80.720375
22250.000000 -80.936150
22300.000000 -80.886108
22350.000000 -81.512878
22400.000000 -83.106606
22450.000000 -80.647247
22500.000000 -81.941322
22550.000000 -81.462547
22600.000000 -83.157928
22650.000000 -83.211479
22700.000000 -82.681290
22750.000000 -82.724709
22800.000000 -83.926888
22850.000000 -82.402481
22900.000000 -82.253464
22950.000000 -82.989891
23000.000000 -84.338493
23050.000000 -82.096832
23100.000000 -82.834221
23150.000000 -84.004295
23200.000000 -84.904747
23250.000000 -84.461670
23300.000000 -83.784340
23350.000000 -83.389778
23400.000000 -83.985466
23450.000000 -83.104713
23500.000000 -84.301445
23550.000000 -84.249405
23600.000000 -85.689819
23650.000000 -84.704269
23700.000000 -84.080284
23750.000000 -84.225662
23800.000000 -84.494965
23850.000000 -85.055244
23900.000000 -85.019737
23950.000000 -86.880333
24000.000000 -87.750725
24050.000000 -86.352379
24100.000000 -87.900826
24150.000000 -85.071861
24200.000000 -86.629387
24250.000000 -87.483154
24300.000000 -87.208366
24350.000000 -85.792488
24400.000000 -87.223572
24450.000000 -86.137497
24500.000000 -86.118706
24550.000000 -87.321548
24600.000000 -87.718437
24650.000000 -84.428505
24700.000000 -87.349304
24750.000000 -88.678467
24800.000000 -89.422134
24850.000000 -86.977448
24900.000000 -88.260338
24950.000000 -90.052269
25000.000000 -91.792465
25050.000000 -92.285301
25100.000000 -92.727104
25150.000000 -89.628487
25200.000000 -92.456001
25250.000000 -92.139320
25300.000000 -94.363678
25350.000000 -88.656898
25400.000000 -90.145531
25450.000000 -92.681328
25500.000000 -94.510368
25550.000000 -93.060432
25600.000000 -89.889366
25650.000000 -89.753868
25700.000000 -94.724312
25750.000000 -91.326096
25800.000000 -92.350983
25850.000000 -90.578056
25900.000000 -89.197624
25950.000000 -94.151566
26000.000000 -89.774261
26050.000000 -91.394722
26100.000000 -96.183212
26150.000000 -92.883400
26200.000000 -93.413269
26250.000000 -92.472702
26300.000000 -95.963943
26350.000000 -97.589317
26400.000000 -92.819382
26450.000000 -92.495010
26500.000000 -94.581100
26550.000000 -91.669693
26600.000000 -93.357590
26650.000000 -94.447197
26700.000000 -92.784668
26750.000000 -93.018799
26800.000000 -93.431915
26850.000000 -90.374405
26900.000000 -90.295998
26950.000000 -90.453529
27000.000000 -93.339081
27050.000000 -92.579208
27100.000000 -89.129112
27150.000000 -91.042709
27200.000000 -93.108253
27250.000000 -92.220116
27300.000000 -89.749802
27350.000000 -91.792465
27400.000000 -92.796227
27450.000000 -92.744331
27500.000000 -93.036621
27550.000000 -93.859123
27600.000000 -95.108124
27650.000000 -92.356476
27700.000000 -90.920700
27750.000000 -95.897575
27800.000000 -92.630119
27850.000000 -92.144684
27900.000000 -91.802780
27950.000000 -93.469330
28000.000000 -92.692749
28050.000000 -92.361977
28100.000000 -89.644562
28150.000000 -92.247223
28200.000000 -91.434181
28250.000000 -91.854507
28300.000000 -93.228981
28350.000000 -89.588417
28400.000000 -88.937874
28450.000000 -88.000130
28500.000000 -88.893486
28550.000000 -88.599632
28600.000000 -89.955826
28650.000000 -89.552521
28700.000000 -87.448715
28750.000000 -90.378784
28800.000000 -89.672768
28850.000000 -89.798798
28900.000000 -92.075218
28950.000000 -91.326096
29000.000000 -89.592415
29050.000000 -89.955826
29100.000000 -88.816338
29150.000000 -89.684883
29200.000000 -89.680847
29250.000000 -89.976700
29300.000000 -91.142517
29350.000000 -88.097221
29400.000000 -92.562302
29450.000000 -92.517387
29500.000000 -92.709908
29550.000000 -90.772850
29600.000000 -90.986183
29650.000000 -89.762024
29700.000000 -90.056488
29750.000000 -87.420639
29800.000000 -94.447197
29850.000000 -88.451088
29900.000000 -90.073380
29950.000000 -90.542297
30000.000000 -88.560486
30050.000000 -92.236366
30100.000000 -90.537834
30150.000000 -90.235497
30200.000000 -90.453529
30250.000000 -87.184090
30300.000000 -90.231194
30350.000000 -88.517975
30400.000000 -87.894241
30450.000000 -87.398865
30500.000000 -87.555603
30550.000000 -88.482704
30600.000000 -88.911949
30650.000000 -88.588936
30700.000000 -88.003464
30750.000000 -88.236359
30800.000000 -86.640762
30850.000000 -86.781395
30900.000000 -89.320778
30950.000000 -87.001160
31000.000000 -89.947495
31050.000000 -88.606773
31100.000000 -88.219269
31150.000000 -88.517975
31200.000000 -88.904564
31250.000000 -88.100586
31300.000000 -87.887665
31350.000000 -88.127571
31400.000000 -86.267418
31450.000000 -88.353455
31500.000000 -88.486229
31550.000000 -88.856667
31600.000000 -86.886185
31650.000000 -87.492569
31700.000000 -88.405624
31750.000000 -87.442467
31800.000000 -90.681709
31850.000000 -89.544563
31900.000000 -88.768929
31950.000000 -89.182350
32000.000000 -88.090485
32050.000000 -91.756477
32100.000000 -91.267708
32150.000000 -91.321220
32200.000000 -91.301720
32250.000000 -90.600487
32300.000000 -93.228981
32350.000000 -92.836800
32400.000000 -92.048645
32450.000000 -88.656898
32500.000000 -89.516769
32550.000000 -90.827995
32600.000000 -91.578743
32650.000000 -90.864960
32700.000000 -92.422699
32750.000000 -92.345490
32800.000000 -91.859703
32850.000000 -91.009689
32900.000000 -91.674774
32950.000000 -91.533623
33000.000000 -94.178642
33050.000000 -94.489258
33100.000000 -91.932693
33150.000000 -92.080544
33200.000000 -93.716515
33250.000000 -90.343826
33300.000000 -90.493362
33350.000000 -87.874535
33400.000000 -89.774261
33450.000000 -94.280952
33500.000000 -90.056488
33550.000000 -91.019112
33600.000000 -92.080544
33650.000000 -92.489426
33700.000000 -94.602432
33750.000000 -95.533417
33800.000000 -95.145935
33850.000000 -90.864960
33900.000000 -90.708946
33950.000000 -92.755836
34000.000000 -92.241791
34050.000000 -92.150047
34100.000000 -94.884712
34150.000000 -93.376099
34200.000000 -92.203896
34250.000000 -91.807938
34300.000000 -90.804977
34350.000000 -92.635796
34400.000000 -91.911774
34450.000000 -91.326096
34500.000000 -90.400703
34550.000000 -89.636520
34600.000000 -89.182350
34650.000000 -92.971466
34700.000000 -93.532043
34750.000000 -91.741104
34800.000000 -91.301720
34850.000000 -92.947891
34900.000000 -93.235062
34950.000000 -92.112549
35000.000000 -90.892784
35050.000000 -92.166168
35100.000000 -92.274406
35150.000000 -89.972527
35200.000000 -91.085342
35250.000000 -90.409485
35300.000000 -89.922539
35350.000000 -89.955826
35400.000000 -94.709885
35450.000000 -90.823387
35500.000000 -93.228981
35550.000000 -90.786606
35600.000000 -91.593834
35650.000000 -91.228996
35700.000000 -90.001823
35750.000000 -91.669693
35800.000000 -90.282997
35850.000000 -91.200073
35900.000000 -89.186165
35950.000000 -90.257057
36000.000000 -91.854507
36050.000000 -90.244118
36100.000000 -74.503326
36150.000000 -64.705627
36200.000000 -60.522346
36250.000000 -57.886410
36300.000000 -56.456203
36350.000000 -55.059254
36400.000000 -54.380703
36450.000000 -53.977413
36500.000000 -53.978077
36550.000000 -53.977413
36600.000000 -54.258518
36650.000000 -54.838024
36700.000000 -55.546951
36750.000000 -56.708286
36800.000000 -58.724190
36850.000000 -61.480911
36900.000000 -64.552292
36950.000000 -68.721031
37000.000000 -64.585114
37050.000000 -61.047722
37100.000000 -59.201305
37150.000000 -57.357723
37200.000000 -56.403221
37250.000000 -55.612682
37300.000000 -55.242012
37350.000000 -55.080139
37400.000000 -54.915470
37450.000000 -55.537590
37500.000000 -56.024834
37550.000000 -56.702473
37600.000000 -57.918789
37650.000000 -59.343430
37700.000000 -61.466934
37750.000000 -63.349331
37800.000000 -65.096840
37850.000000 -63.562611
37900.000000 -61.259624
37950.000000 -59.770718
38000.000000 -58.309048
38050.000000 -57.157654
38100.000000 -56.628796
38150.000000 -56.403305
38200.000000 -56.219383
38250.000000 -56.356827
38300.000000 -56.358921
38350.000000 -56.940254
38400.000000 -57.529636
38450.000000 -58.645023
38500.000000 -59.961124
38550.000000 -61.060589
38600.000000 -62.256378
38650.000000 -62.826687
38700.000000 -62.114056
38750.000000 -61.088940
38800.000000 -59.734135
38850.000000 -58.905499
38900.000000 -58.368267
38950.000000 -57.405273
39000.000000 -57.153641
39050.000000 -57.070381
39100.000000 -57.067921
39150.000000 -57.364079
39200.000000 -57.571220
39250.000000 -58.276054
39300.000000 -59.082561
39350.000000 -59.739536
39400.000000 -60.558739
39450.000000 -61.208141
39500.000000 -61.667419
39550.000000 -61.279564
39600.000000 -60.098232
39650.000000 -59.583138
39700.000000 -59.070522
39750.000000 -57.764038
39800.000000 -57.832027
39850.000000 -57.659550
39900.000000 -57.637310
39950.000000 -57.639629
40000.000000 -57.633675
