0.000000 -60.741566
50.000000 -56.262630
100.000000 -54.670517
150.000000 -59.130268
200.000000 -56.509602
250.000000 -57.450516
300.000000 -60.442768
350.000000 -56.111988
400.000000 -54.275166
450.000000 -56.174217
500.000000 -56.172596
550.000000 -54.824135
600.000000 -57.141521
650.000000 -56.774212
700.000000 -57.215557
750.000000 -56.499496
800.000000 -58.017063
850.000000 -57.361244
900.000000 -56.246613
950.000000 -56.244373
1000.000000 -56.167736
1050.000000 -56.214497
1100.000000 -55.576607
1150.000000 -55.691334
1200.000000 -57.381123
1250.000000 -57.021896
1300.000000 -57.292847
1350.000000 -60.301800
1400.000000 -55.602612
1450.000000 -59.258434
1500.000000 -57.193077
1550.000000 -57.205944
1600.000000 -56.202419
1650.000000 -57.020390
1700.000000 -56.548527
1750.000000 -56.306526
1800.000000 -56.608414
1850.000000 -55.120098
1900.000000 -56.313721
1950.000000 -59.350433
2000.000000 -55.723434
2050.000000 -55.708141
2100.000000 -54.635216
2150.000000 -54.799194
2200.000000 -56.783272
2250.000000 -55.016510
2300.000000 -55.532120
2350.000000 -55.547031
2400.000000 -56.227879
2450.000000 -55.569920
2500.000000 -56.155128
2550.000000 -59.024086
2600.000000 -58.235397
2650.000000 -57.106686
2700.000000 -58.828259
2750.000000 -61.328232
2800.000000 -59.804474
2850.000000 -59.788937
2900.000000 -58.232582
2950.000000 -57.050728
3000.000000 -57.528740
3050.000000 -56.962090
3100.000000 -57.357430
3150.000000 -58.839615
3200.000000 -56.088219
3250.000000 -58.434422
3300.000000 -57.194611
3350.000000 -56.284031
3400.000000 -55.169205
3450.000000 -56.308792
3500.000000 -55.264343
3550.000000 -55.268337
3600.000000 -55.150909
3650.000000 -54.423561
3700.000000 -56.284042
3750.000000 -55.211487
3800.000000 -57.875610
3850.000000 -56.177799
3900.000000 -57.773163
3950.000000 -56.053734
4000.000000 -57.308792
4050.000000 -55.274258
4100.000000 -58.950130
4150.000000 -59.772011
4200.000000 -57.689972
4250.000000 -58.433426
4300.000000 -57.698711
4350.000000 -59.568619
4400.000000 -57.636803
4450.000000 -62.109154
4500.000000 -58.054913
4550.000000 -58.804203
4600.000000 -55.739651
4650.000000 -55.451279
4700.000000 -55.573105
4750.000000 -55.773090
4800.000000 -56.086369
4850.000000 -55.707573
4900.000000 -55.150002
4950.000000 -55.172321
5000.000000 -55.187008
5050.000000 -55.691658
5100.000000 -54.875999
5150.000000 -53.974632
5200.000000 -56.231915
5250.000000 -55.715420
5300.000000 -56.276951
5350.000000 -57.286930
5400.000000 -58.382336
5450.000000 -57.495693
5500.000000 -56.728806
5550.000000 -57.788353
5600.000000 -59.039307
5650.000000 -59.001488
5700.000000 -58.774342
5750.000000 -55.565464
5800.000000 -57.365841
5850.000000 -53.961990
5900.000000 -56.608505
5950.000000 -57.986214
6000.000000 -55.723923
6050.000000 -55.779018
6100.000000 -54.368843
6150.000000 -54.467541
6200.000000 -54.925293
6250.000000 -54.823551
6300.000000 -54.137825
6350.000000 -54.060627
6400.000000 -56.343506
6450.000000 -57.795444
6500.000000 -57.126751
6550.000000 -56.773941
6600.000000 -60.092068
6650.000000 -54.582489
6700.000000 -55.583221
6750.000000 -59.712566
6800.000000 -58.617542
6850.000000 -58.088669
6900.000000 -59.333965
6950.000000 -55.108543
7000.000000 -58.132919
7050.000000 -55.969746
7100.000000 -57.892960
7150.000000 -57.007561
7200.000000 -54.314472
7250.000000 -55.231518
7300.000000 -59.806030
7350.000000 -54.800213
7400.000000 -56.777687
7450.000000 -57.427914
7500.000000 -53.956635
7550.000000 -56.354591
7600.000000 -55.076004
7650.000000 -54.516258
7700.000000 -56.719715
7750.000000 -54.734257
7800.000000 -55.454498
7850.000000 -55.473682
7900.000000 -56.047844
7950.000000 -58.493721
8000.000000 -58.129177
8050.000000 -56.280663
8100.000000 -56.157681
8150.000000 -58.362007
8200.000000 -56.785191
8250.000000 -56.044399
8300.000000 -57.238480
8350.000000 -59.836540
8400.000000 -56.659962
8450.000000 -58.564102
8500.000000 -56.722988
8550.000000 -57.791821
8600.000000 -56.938297
8650.000000 -58.716187
8700.000000 -56.519268
8750.000000 -55.005615
8800.000000 -59.013432
8850.000000 -54.530296
8900.000000 -55.907055
8950.000000 -55.784729
9000.000000 -54.731293
9050.000000 -55.337563
9100.000000 -55.539017
9150.000000 -55.031609
9200.000000 -58.097500
9250.000000 -58.672737
9300.000000 -57.036018
9350.000000 -54.212791
9400.000000 -55.019722
9450.000000 -59.230003
9500.000000 -56.141773
9550.000000 -57.363407
9600.000000 -56.737904
9650.000000 -60.577274
9700.000000 -59.550602
9750.000000 -58.771927
9800.000000 -57.976551
9850.000000 -55.335548
9900.000000 -57.953831
9950.000000 -55.742573
10000.000000 -56.798382
10050.000000 -57.975708
10100.000000 -56.897034
10150.000000 -57.594704
10200.000000 -56.480652
10250.000000 -55.847935
10300.000000 -56.358498
10350.000000 -55.546871
10400.000000 -55.564671
10450.000000 -56.869816
10500.000000 -55.837505
10550.000000 -56.769646
10600.000000 -56.506763
10650.000000 -58.239616
10700.000000 -58.965294
10750.000000 -55.706200
10800.000000 -61.922607
10850.000000 -55.351524
10900.000000 -57.959766
10950.000000 -53.929314
11000.000000 -59.077076
11050.000000 -57.177181
11100.000000 -57.138756
11150.000000 -60.615601
11200.000000 -55.765739
11250.000000 -59.518696
11300.000000 -56.676037
11350.000000 -58.041576
11400.000000 -55.664021
11450.000000 -55.494801
11500.000000 -55.299374
11550.000000 -57.900135
11600.000000 -55.258041
11650.000000 -54.771999
11700.000000 -55.559738
11750.000000 -53.971981
11800.000000 -56.895458
11850.000000 -56.470844
11900.000000 -54.468315
11950.000000 -60.398808
12000.000000 -58.304142
12050.000000 -55.137711
12100.000000 -54.914143
12150.000000 -57.968048
12200.000000 -58.056393
12250.000000 -59.646656
12300.000000 -57.368679
12350.000000 -58.891136
12400.000000 -55.614681
12450.000000 -58.523304
12500.000000 -57.537724
12550.000000 -56.379250
12600.000000 -57.367111
12650.000000 -54.950676
12700.000000 -56.319096
12750.000000 -56.221012
12800.000000 -56.074963
12850.000000 -56.765625
12900.000000 -55.375336
12950.000000 -53.946594
13000.000000 -54.567444
13050.000000 -56.080204
13100.000000 -54.505054
13150.000000 -56.711361
13200.000000 -56.080025
13250.000000 -54.821800
13300.000000 -58.263145
13350.000000 -56.828411
13400.000000 -56.558956
13450.000000 -56.136589
13500.000000 -57.440933
13550.000000 -60.044514
13600.000000 -57.524773
13650.000000 -56.863808
13700.000000 -59.182831
13750.000000 -56.436569
13800.000000 -55.991688
13850.000000 -54.198372
13900.000000 -55.994114
13950.000000 -54.981709
14000.000000 -57.518970
14050.000000 -57.351662
14100.000000 -57.163673
14150.000000 -58.081329
14200.000000 -55.459209
14250.000000 -54.359077
14300.000000 -57.479126
14350.000000 -54.149509
14400.000000 -55.091656
14450.000000 -58.550518
14500.000000 -56.769733
14550.000000 -56.010777
14600.000000 -55.581310
14650.000000 -57.725601
14700.000000 -59.072308
14750.000000 -57.471886
14800.000000 -59.201065
14850.000000 -58.106236
14900.000000 -58.284428
14950.000000 -59.038548
15000.000000 -59.246273
15050.000000 -56.994755
15100.000000 -57.238380
15150.000000 -60.156120
15200.000000 -58.026142
15250.000000 -58.895805
15300.000000 -60.140560
15350.000000 -59.354858
15400.000000 -57.838638
15450.000000 -55.432533
15500.000000 -56.790043
15550.000000 -56.892864
15600.000000 -55.272873
15650.000000 -55.684235
15700.000000 -56.400940
15750.000000 -54.074150
15800.000000 -57.327854
15850.000000 -55.111263
15900.000000 -54.452835
15950.000000 -58.848316
16000.000000 -56.510574
16050.000000 -76.976799
16100.000000 -78.841125
16150.000000 -82.435966
16200.000000 -84.156944
16250.000000 -80.445419
16300.000000 -83.569809
16350.000000 -82.470909
16400.000000 -84.122795
16450.000000 -81.571449
16500.000000 -86.723717
16550.000000 -84.636200
16600.000000 -77.692314
16650.000000 -86.185989
16700.000000 -85.608543
16750.000000 -88.291267
16800.000000 -82.837891
16850.000000 -84.027451
16900.000000 -81.972870
16950.000000 -84.944473
17000.000000 -84.508316
17050.000000 -83.533905
17100.000000 -86.322136
17150.000000 -83.547852
17200.000000 -85.498024
17250.000000 -83.708855
17300.000000 -86.270149
17350.000000 -90.001823
17400.000000 -81.587341
17450.000000 -83.267296
17500.000000 -82.027931
17550.000000 -82.419968
17600.000000 -88.168205
17650.000000 -82.069878
17700.000000 -82.190140
17750.000000 -81.522354
17800.000000 -80.614471
17850.000000 -83.741417
17900.000000 -83.563812
17950.000000 -82.618355
18000.000000 -82.031281
18050.000000 -81.552406
18100.000000 -87.208366
18150.000000 -85.189217
18200.000000 -82.804878
18250.000000 -86.626556
18300.000000 -84.593361
18350.000000 -82.548759
18400.000000 -84.763702
18450.000000 -83.436897
18500.000000 -81.290176
18550.000000 -81.984520
18600.000000 -83.523956
18650.000000 -86.547325
18700.000000 -83.761826
18750.000000 -81.097061
18800.000000 -84.823540
18850.000000 -80.041985
18900.000000 -84.483871
18950.000000 -84.408669
19000.000000 -84.782219
19050.000000 -81.218208
19100.000000 -81.847366
19150.000000 -84.382286
19200.000000 -85.826118
19250.000000 -84.573143
19300.000000 -84.823540
19350.000000 -85.839088
19400.000000 -84.236450
19450.000000 -84.890778
19500.000000 -81.420303
19550.000000 -83.879112
19600.000000 -90.141273
19650.000000 -81.989517
19700.000000 -83.366310
19750.000000 -84.219200
19800.000000 -84.876839
19850.000000 -87.552437
19900.000000 -82.391998
19950.000000 -82.958160
20000.000000 -80.536598
20050.000000 -79.528732
20100.000000 -84.031662
20150.000000 -83.716980
20200.000000 -81.423424
20250.000000 -85.177055
20300.000000 -80.827591
20350.000000 -85.136261
20400.000000 -82.350204
20450.000000 -80.106148
20500.000000 -84.161224
20550.000000 -80.578979
20600.000000 -81.050568
20650.000000 -84.683792
20700.000000 -84.373512
20750.000000 -85.119522
20800.000000 -81.778778
20850.000000 -86.886185
20900.000000 -83.922722
20950.000000 -83.055588
21000.000000 -84.600113
21050.000000 -85.933052
21100.000000 -86.194099
21150.000000 -81.479813
21200.000000 -88.479187
21250.000000 -87.303093
21300.000000 -82.488541
21350.000000 -81.145317
21400.000000 -86.854034
21450.000000 -82.490303
21500.000000 -83.496162
21550.000000 -83.945656
21600.000000 -79.639915
21650.000000 -83.265358
21700.000000 -82.697548
21750.000000 -81.137756
21800.000000 -80.583229
21850.000000 -84.366936
21900.000000 -83.397713
21950.000000 -81.736588
22000.000000 -82.306892
22050.000000 -81.612839
22100.000000 -84.720230
22150.000000 -87.561928
22200.000000 -85.281113
22250.000000 -88.243202
22300.000000 -83.569809
22350.000000 -82.527458
22400.000000 -87.670227
22450.000000 -85.413574
22500.000000 -86.413177
22550.000000 -80.272758
22600.000000 -79.822380
22650.000000 -83.782303
22700.000000 -80.004776
22750.000000 -83.958183
22800.000000 -83.427055
22850.000000 -83.567810
22900.000000 -84.279724
22950.000000 -83.165558
23000.000000 -82.161186
23050.000000 -83.500122
23100.000000 -84.424095
23150.000000 -81.824440
23200.000000 -82.338051
23250.000000 -80.867043
23300.000000 -84.715683
23350.000000 -81.673691
23400.000000 -85.174652
23450.000000 -85.420990
23500.000000 -85.656708
23550.000000 -83.595840
23600.000000 -82.609398
23650.000000 -87.451843
23700.000000 -87.737793
23750.000000 -84.640724
23800.000000 -83.790489
23850.000000 -82.638084
23900.000000 -83.958183
23950.000000 -85.606018
24000.000000 -85.251945
24050.000000 -82.374557
24100.000000 -88.114067
24150.000000 -85.420990
24200.000000 -84.865211
24250.000000 -84.214890
24300.000000 -85.095657
24350.000000 -82.227730
24400.000000 -84.645248
24450.000000 -83.623955
24500.000000 -82.889496
24550.000000 -81.689774
24600.000000 -84.169792
24650.000000 -82.792076
24700.000000 -83.806908
24750.000000 -80.388412
24800.000000 -80.355209
24850.000000 -83.788437
24900.000000 -84.245087
24950.000000 -84.468315
25000.000000 -82.956299
25050.000000 -87.818924
25100.000000 -81.370499
25150.000000 -82.670464
25200.000000 -88.834648
25250.000000 -86.827812
25300.000000 -85.256798
25350.000000 -83.253784
25400.000000 -85.059990
25450.000000 -82.381531
25500.000000 -82.391998
25550.000000 -82.383278
25600.000000 -85.086128
25650.000000 -83.226837
25700.000000 -83.731224
25750.000000 -81.550827
25800.000000 -84.575386
25850.000000 -84.602364
25900.000000 -84.366959
25950.000000 -82.826874
26000.000000 -81.457840
26050.000000 -82.432236
26100.000000 -83.417229
26150.000000 -85.012650
26200.000000 -82.568329
26250.000000 -85.334831
26300.000000 -85.334831
26350.000000 -87.927193
26400.000000 -86.075920
26450.000000 -82.806709
26500.000000 -82.697548
26550.000000 -84.012711
26600.000000 -80.061989
26650.000000 -83.854286
26700.000000 -83.956093
26750.000000 -84.314507
26800.000000 -83.719017
26850.000000 -82.518593
26900.000000 -82.724709
26950.000000 -85.922562
27000.000000 -86.715103
27050.000000 -84.093018
27100.000000 -83.144600
27150.000000 -83.354599
27200.000000 -87.854866
27250.000000 -83.048058
27300.000000 -84.329765
27350.000000 -80.137062
27400.000000 -84.566414
27450.000000 -84.907082
27500.000000 -84.960876
27550.000000 -84.986725
27600.000000 -84.351608
27650.000000 -84.061226
27700.000000 -82.435745
27750.000000 -83.924843
27800.000000 -84.154808
27850.000000 -83.242226
27900.000000 -84.345047
27950.000000 -81.814636
28000.000000 -84.012711
28050.000000 -83.731224
28100.000000 -84.397667
28150.000000 -79.801628
28200.000000 -85.555618
28250.000000 -86.995224
28300.000000 -83.912315
28350.000000 -83.211479
28400.000000 -82.762878
28450.000000 -80.992424
28500.000000 -86.854034
28550.000000 -83.585815
28600.000000 -83.648125
28650.000000 -83.872894
28700.000000 -87.783134
28750.000000 -82.761063
28800.000000 -82.971214
28850.000000 -86.810379
28900.000000 -84.490517
28950.000000 -83.829536
29000.000000 -87.451843
29050.000000 -83.298233
29100.000000 -84.656563
29150.000000 -85.288414
29200.000000 -82.656059
29250.000000 -85.403694
29300.000000 -86.153633
29350.000000 -81.273277
29400.000000 -87.232712
29450.000000 -85.717995
29500.000000 -80.516861
29550.000000 -82.932121
29600.000000 -82.638084
29650.000000 -83.960274
29700.000000 -84.939789
29750.000000 -87.153831
29800.000000 -81.175613
29850.000000 -82.999245
29900.000000 -83.666298
29950.000000 -82.834221
30000.000000 -81.462547
30050.000000 -83.662254
30100.000000 -85.121910
30150.000000 -83.089569
30200.000000 -80.485977
30250.000000 -83.827477
30300.000000 -85.618660
30350.000000 -81.651222
30400.000000 -85.232559
30450.000000 -82.782944
30500.000000 -82.733780
30550.000000 -85.826118
30600.000000 -85.664337
30650.000000 -83.727150
30700.000000 -84.353798
30750.000000 -80.571899
30800.000000 -81.273277
30850.000000 -81.476669
30900.000000 -81.004326
30950.000000 -84.752243
31000.000000 -81.384476
31050.000000 -83.476357
31100.000000 -79.945305
31150.000000 -80.252289
31200.000000 -82.135727
31250.000000 -82.988022
31300.000000 -84.521690
31350.000000 -82.088402
31400.000000 -84.000099
31450.000000 -84.331947
31500.000000 -83.372169
31550.000000 -82.869186
31600.000000 -80.877304
31650.000000 -86.232048
31700.000000 -84.844353
31750.000000 -85.671974
31800.000000 -82.997375
31850.000000 -85.717934
31900.000000 -84.588867
31950.000000 -80.600258
32000.000000 -84.110023
32050.000000 -88.856705
32100.000000 -83.425095
32150.000000 -81.032639
32200.000000 -84.937447
32250.000000 -83.951920
32300.000000 -82.993629
32350.000000 -80.886108
32400.000000 -85.503014
32450.000000 -84.076050
32500.000000 -83.119888
32550.000000 -83.670341
32600.000000 -84.624908
32650.000000 -82.541649
32700.000000 -81.885155
32750.000000 -85.480568
32800.000000 -84.481628
32850.000000 -82.926544
32900.000000 -81.699440
32950.000000 -80.230469
33000.000000 -83.219154
33050.000000 -82.032951
33100.000000 -89.794708
33150.000000 -83.385857
33200.000000 -80.845108
33250.000000 -83.131279
33300.000000 -84.217041
33350.000000 -85.700027
33400.000000 -84.247253
33450.000000 -81.379814
33500.000000 -84.733932
33550.000000 -83.619934
33600.000000 -81.140778
33650.000000 -84.103638
33700.000000 -83.173195
33750.000000 -83.436897
33800.000000 -83.565811
33850.000000 -80.840721
33900.000000 -85.669426
33950.000000 -80.783966
34000.000000 -84.568657
34050.000000 -82.978676
34100.000000 -87.524025
34150.000000 -87.108780
34200.000000 -82.383278
34250.000000 -84.559692
34300.000000 -85.608543
34350.000000 -85.787323
34400.000000 -83.280807
34450.000000 -84.204132
34500.000000 -85.264084
34550.000000 -84.697441
34600.000000 -84.266716
34650.000000 -86.421501
34700.000000 -84.191238
34750.000000 -86.153633
34800.000000 -85.150635
34850.000000 -84.093018
34900.000000 -84.550735
34950.000000 -83.480316
35000.000000 -85.836494
35050.000000 -81.029655
35100.000000 -84.967918
35150.000000 -84.307976
35200.000000 -82.735596
35250.000000 -80.130333
35300.000000 -83.852219
35350.000000 -85.198730
35400.000000 -85.758987
35450.000000 -85.334831
35500.000000 -84.932770
35550.000000 -82.928398
35600.000000 -83.411339
35650.000000 -83.401535
35700.000000 -85.664337
35750.000000 -82.871033
35800.000000 -81.364296
35850.000000 -81.122665
35900.000000 -87.552437
35950.000000 -84.275391
36000.000000 -68.534584
36050.000000 -55.568806
36100.000000 -56.601063
36150.000000 -60.382309
36200.000000 -54.818005
36250.000000 -57.593800
36300.000000 -54.435913
36350.000000 -59.346497
36400.000000 -57.332047
36450.000000 -57.340923
36500.000000 -56.240074
36550.000000 -55.408752
36600.000000 -53.962982
36650.000000 -55.774780
36700.000000 -55.658230
36750.000000 -55.626610
36800.000000 -55.928013
36850.000000 -54.534111
36900.000000 -55.305092
36950.000000 -55.057377
37000.000000 -54.714977
37050.000000 -56.299511
37100.000000 -54.987736
37150.000000 -57.486958
37200.000000 -55.299835
37250.000000 -54.751114
37300.000000 -56.271858
37350.000000 -56.623135
37400.000000 -57.490234
37450.000000 -60.282745
37500.000000 -59.081486
37550.000000 -55.969746
37600.000000 -57.727642
37650.000000 -55.464161
37700.000000 -57.155933
37750.000000 -56.170635
37800.000000 -56.478378
37850.000000 -56.930573
37900.000000 -56.098190
37950.000000 -54.882320
38000.000000 -56.184460
38050.000000 -57.230476
38100.000000 -55.484943
38150.000000 -55.919563
38200.000000 -55.138557
38250.000000 -55.102585
38300.000000 -55.792645
38350.000000 -56.037762
38400.000000 -56.650040
38450.000000 -55.507355
38500.000000 -55.482025
38550.000000 -55.581627
38600.000000 -55.481712
38650.000000 -57.765575
38700.000000 -54.741920
38750.000000 -55.658150
38800.000000 -55.720688
38850.000000 -57.215652
38900.000000 -56.401291
38950.000000 -54.370022
39000.000000 -55.907715
39050.000000 -57.179562
39100.000000 -57.851669
39150.000000 -55.055054
39200.000000 -60.745499
39250.000000 -55.879383
39300.000000 -57.181957
39350.000000 -58.516933
39400.000000 -56.796638
39450.000000 -57.055355
39500.000000 -56.574219
39550.000000 -54.805386
39600.000000 -55.663055
39650.000000 -56.386257
39700.000000 -54.050465
39750.000000 -55.100925
39800.000000 -55.509171
39850.000000 -54.492535
39900.000000 -55.819141
39950.000000 -56.907982
40000.000000 -60.422985
