0.000000 -56.721897
50.000000 -57.364277
100.000000 -55.541397
150.000000 -57.711334
200.000000 -58.781250
250.000000 -58.939922
300.000000 -61.715408
350.000000 -61.782352
400.000000 -60.943233
450.000000 -60.678715
500.000000 -59.738380
550.000000 -61.857693
600.000000 -56.687073
650.000000 -59.425030
700.000000 -55.369781
750.000000 -59.401001
800.000000 -57.533524
850.000000 -55.627331
900.000000 -57.902946
950.000000 -60.527840
1000.000000 -56.835403
1050.000000 -56.715717
1100.000000 -55.692951
1150.000000 -54.918129
1200.000000 -55.167915
1250.000000 -55.574936
1300.000000 -57.005264
1350.000000 -56.064930
1400.000000 -56.953964
1450.000000 -61.636322
1500.000000 -59.913097
1550.000000 -55.070744
1600.000000 -57.153641
1650.000000 -56.557529
1700.000000 -60.502804
1750.000000 -63.065006
1800.000000 -61.985512
1850.000000 -58.606556
1900.000000 -57.029896
1950.000000 -57.412003
2000.000000 -57.888489
2050.000000 -57.129227
2100.000000 -60.669117
2150.000000 -55.850761
2200.000000 -55.636467
2250.000000 -56.437889
2300.000000 -57.718361
2350.000000 -57.652466
2400.000000 -54.848419
2450.000000 -54.981339
2500.000000 -55.207134
2550.000000 -55.690578
2600.000000 -55.167080
2650.000000 -56.244549
2700.000000 -60.303173
2750.000000 -58.841934
2800.000000 -60.017780
2850.000000 -57.622677
2900.000000 -56.983322
2950.000000 -58.180943
3000.000000 -58.605652
3050.000000 -58.413307
3100.000000 -58.499073
3150.000000 -60.130058
3200.000000 -57.024532
3250.000000 -56.123684
3300.000000 -54.564678
3350.000000 -59.767105
3400.000000 -58.514030
3450.000000 -58.013691
3500.000000 -57.611500
3550.000000 -59.496655
3600.000000 -57.078613
3650.000000 -57.064140
3700.000000 -56.938858
3750.000000 -54.579865
3800.000000 -55.752728
3850.000000 -54.491058
3900.000000 -55.882351
3950.000000 -53.957428
4000.000000 -56.094303
4050.000000 -59.958748
4100.000000 -57.647209
4150.000000 -58.696316
4200.000000 -58.542221
4250.000000 -56.478794
4300.000000 -56.650673
4350.000000 -56.436745
4400.000000 -56.286911
4450.000000 -55.858871
4500.000000 -55.314968
4550.000000 -56.502773
4600.000000 -55.876991
4650.000000 -59.713848
4700.000000 -57.461391
4750.000000 -57.376907
4800.000000 -57.296341
4850.000000 -59.573540
4900.000000 -59.525845
4950.000000 -57.394367
5000.000000 -55.241474
5050.000000 -55.550125
5100.000000 -55.584255
5150.000000 -55.617004
5200.000000 -57.571621
5250.000000 -58.849594
5300.000000 -57.012215
5350.000000 -57.049973
5400.000000 -58.099522
5450.000000 -58.080799
5500.000000 -57.802341
5550.000000 -57.186939
5600.000000 -59.159214
5650.000000 -58.958355
5700.000000 -58.531136
5750.000000 -61.409687
5800.000000 -57.808414
5850.000000 -59.402981
5900.000000 -58.591240
5950.000000 -56.399452
6000.000000 -56.952190
6050.000000 -54.523945
6100.000000 -57.737034
6150.000000 -57.821190
6200.000000 -55.435982
6250.000000 -57.293236
6300.000000 -55.760372
6350.000000 -54.820923
6400.000000 -55.453632
6450.000000 -56.573872
6500.000000 -55.989685
6550.000000 -57.250446
6600.000000 -59.208332
6650.000000 -58.615593
6700.000000 -61.708790
6750.000000 -57.969624
6800.000000 -59.663979
6850.000000 -57.494205
6900.000000 -59.437817
6950.000000 -59.309448
7000.000000 -60.496067
7050.000000 -59.393955
7100.000000 -59.267197
7150.000000 -62.139282
7200.000000 -59.669846
7250.000000 -60.597836
7300.000000 -60.613323
7350.000000 -60.383556
7400.000000 -59.162945
7450.000000 -56.852547
7500.000000 -57.752674
7550.000000 -60.690472
7600.000000 -55.608685
7650.000000 -56.577988
7700.000000 -56.387730
7750.000000 -54.933796
7800.000000 -55.619724
7850.000000 -53.968143
7900.000000 -57.805428
7950.000000 -56.678749
8000.000000 -56.500381
8050.000000 -58.441284
8100.000000 -56.845909
8150.000000 -63.859653
8200.000000 -60.632977
8250.000000 -59.171135
8300.000000 -60.829193
8350.000000 -58.866096
8400.000000 -59.957298
8450.000000 -61.026516
8500.000000 -56.409267
8550.000000 -57.042614
8600.000000 -58.296513
8650.000000 -60.031467
8700.000000 -57.866894
8750.000000 -58.159626
8800.000000 -57.281403
8850.000000 -56.745647
8900.000000 -56.116734
8950.000000 -56.377678
9000.000000 -54.595997
9050.000000 -54.946899
9100.000000 -54.900650
9150.000000 -56.521313
9200.000000 -54.500763
9250.000000 -57.772034
9300.000000 -56.069736
9350.000000 -58.928314
9400.000000 -61.083832
9450.000000 -60.844810
9500.000000 -57.055920
9550.000000 -60.280418
9600.000000 -53.961594
9650.000000 -61.871166
9700.000000 -57.756458
9750.000000 -59.722832
9800.000000 -58.071457
9850.000000 -59.888199
9900.000000 -58.237885
9950.000000 -57.320843
10000.000000 -58.739883
10050.000000 -57.390045
10100.000000 -56.013603
10150.000000 -58.020969
10200.000000 -55.891102
10250.000000 -55.215462
10300.000000 -55.187542
10350.000000 -55.102814
10400.000000 -54.850761
10450.000000 -55.040363
10500.000000 -53.952801
10550.000000 -57.098446
10600.000000 -54.421398
10650.000000 -57.381905
10700.000000 -58.459023
10750.000000 -58.753880
10800.000000 -57.524452
10850.000000 -59.795277
10900.000000 -55.645535
10950.000000 -56.567162
11000.000000 -56.346466
11050.000000 -58.214329
11100.000000 -57.099373
11150.000000 -57.175346
11200.000000 -59.546326
11250.000000 -55.466679
11300.000000 -57.197014
11350.000000 -57.002354
11400.000000 -55.986763
11450.000000 -56.815540
11500.000000 -58.214222
11550.000000 -56.516785
11600.000000 -54.880337
11650.000000 -55.125088
11700.000000 -55.960751
11750.000000 -56.254627
11800.000000 -57.363003
11850.000000 -59.325008
11900.000000 -59.376667
11950.000000 -60.685596
12000.000000 -60.144333
12050.000000 -60.118633
12100.000000 -56.996628
12150.000000 -61.387424
12200.000000 -59.496155
12250.000000 -59.386292
12300.000000 -61.137299
12350.000000 -61.770809
12400.000000 -59.070759
12450.000000 -58.332859
12500.000000 -59.765945
12550.000000 -56.972183
12600.000000 -58.471352
12650.000000 -56.228821
12700.000000 -57.644886
12750.000000 -58.920349
12800.000000 -55.929420
12850.000000 -56.523087
12900.000000 -54.473152
12950.000000 -56.230709
13000.000000 -54.954754
13050.000000 -55.758907
13100.000000 -57.183201
13150.000000 -55.354858
13200.000000 -57.094158
13250.000000 -57.916176
13300.000000 -60.071732
13350.000000 -59.300152
13400.000000 -58.433975
13450.000000 -54.905441
13500.000000 -55.839806
13550.000000 -56.395164
13600.000000 -60.554356
13650.000000 -58.946259
13700.000000 -57.663399
13750.000000 -56.645626
13800.000000 -57.113525
13850.000000 -55.976913
13900.000000 -57.784760
13950.000000 -55.102360
14000.000000 -55.463531
14050.000000 -56.822453
14100.000000 -56.074036
14150.000000 -56.414440
14200.000000 -55.418758
14250.000000 -55.385426
14300.000000 -56.923687
14350.000000 -57.259724
14400.000000 -55.572308
14450.000000 -55.905567
14500.000000 -54.114441
14550.000000 -57.713165
14600.000000 -56.631046
14650.000000 -55.913509
14700.000000 -60.988411
14750.000000 -56.664021
14800.000000 -62.765789
14850.000000 -57.757790
14900.000000 -56.621071
14950.000000 -57.603951
15000.000000 -61.735451
15050.000000 -56.548882
15100.000000 -58.377827
15150.000000 -55.650677
15200.000000 -57.163006
15250.000000 -62.761963
15300.000000 -57.718571
15350.000000 -55.668850
15400.000000 -56.342812
15450.000000 -56.317619
15500.000000 -55.340046
15550.000000 -55.169586
15600.000000 -56.017311
15650.000000 -58.031845
15700.000000 -57.954109
15750.000000 -56.619633
15800.000000 -57.044689
15850.000000 -76.372269
15900.000000 -86.720848
15950.000000 -84.851295
16000.000000 -88.956444
16050.000000 -79.552620
16100.000000 -80.110184
16150.000000 -85.095657
16200.000000 -83.093353
16250.000000 -82.788422
16300.000000 -81.683342
16350.000000 -80.254997
16400.000000 -83.199974
16450.000000 -82.516823
16500.000000 -81.516037
16550.000000 -81.862137
16600.000000 -84.127052
16650.000000 -80.485977
16700.000000 -78.118179
16750.000000 -82.256905
16800.000000 -85.100426
16850.000000 -80.983521
16900.000000 -83.474380
16950.000000 -81.005814
17000.000000 -82.071564
17050.000000 -83.240303
17100.000000 -80.103470
17150.000000 -83.595840
17200.000000 -82.863655
17250.000000 -78.245033
17300.000000 -80.604515
17350.000000 -81.722038
17400.000000 -83.678436
17450.000000 -83.063126
17500.000000 -84.281898
17550.000000 -82.260338
17600.000000 -82.896896
17650.000000 -82.073250
17700.000000 -81.847366
17750.000000 -83.409378
17800.000000 -81.614433
17850.000000 -80.040657
17900.000000 -82.200371
17950.000000 -84.443970
18000.000000 -83.918556
18050.000000 -85.249565
18100.000000 -86.324883
18150.000000 -79.394203
18200.000000 -84.477188
18250.000000 -80.333145
18300.000000 -80.337288
18350.000000 -85.256798
18400.000000 -83.599846
18450.000000 -81.888451
18500.000000 -81.793434
18550.000000 -86.603836
18600.000000 -85.628792
18650.000000 -82.958160
18700.000000 -84.347237
18750.000000 -85.433372
18800.000000 -80.897858
18850.000000 -80.298782
18900.000000 -81.744690
18950.000000 -80.272758
19000.000000 -82.937691
19050.000000 -81.906586
19100.000000 -86.129440
19150.000000 -84.622650
19200.000000 -85.136261
19250.000000 -84.288406
19300.000000 -82.351952
19350.000000 -82.011208
19400.000000 -85.055244
19450.000000 -81.453140
19500.000000 -81.704277
19550.000000 -84.281898
19600.000000 -83.662254
19650.000000 -80.210091
19700.000000 -80.040657
19750.000000 -81.976196
19800.000000 -80.377327
19850.000000 -79.888863
19900.000000 -79.911140
19950.000000 -84.422020
20000.000000 -84.413284
20050.000000 -82.324188
20100.000000 -80.949448
20150.000000 -83.213394
20200.000000 -82.799393
20250.000000 -81.717186
20300.000000 -80.853874
20350.000000 -81.431236
20400.000000 -84.821236
20450.000000 -81.790176
20500.000000 -84.800476
20550.000000 -85.332382
20600.000000 -82.173096
20650.000000 -84.606865
20700.000000 -85.433372
20750.000000 -80.215508
20800.000000 -80.270027
20850.000000 -78.008949
20900.000000 -78.080910
20950.000000 -80.890511
21000.000000 -87.439346
21050.000000 -82.887650
21100.000000 -82.139114
21150.000000 -79.839531
21200.000000 -79.005035
21250.000000 -82.852608
21300.000000 -82.728340
21350.000000 -82.451553
21400.000000 -83.213394
21450.000000 -79.417725
21500.000000 -82.784767
21550.000000 -81.296326
21600.000000 -84.048546
21650.000000 -83.625969
21700.000000 -80.881706
21750.000000 -80.201935
21800.000000 -83.977020
21850.000000 -81.710732
21900.000000 -82.142509
21950.000000 -80.677284
22000.000000 -81.712341
22050.000000 -81.541321
22100.000000 -81.475105
22150.000000 -79.998154
22200.000000 -82.016220
22250.000000 -82.279274
22300.000000 -82.263779
22350.000000 -84.867531
22400.000000 -81.565094
22450.000000 -81.478241
22500.000000 -87.536644
22550.000000 -84.756821
22600.000000 -80.823219
22650.000000 -85.342186
22700.000000 -82.037979
22750.000000 -83.759781
22800.000000 -79.031082
22850.000000 -79.031082
22900.000000 -78.623512
22950.000000 -79.856216
23000.000000 -81.517616
23050.000000 -81.906586
23100.000000 -80.743446
23150.000000 -83.040527
23200.000000 -82.536324
23250.000000 -84.713387
23300.000000 -82.231155
23350.000000 -84.006462
23400.000000 -84.174072
23450.000000 -81.791801
23500.000000 -84.303619
23550.000000 -83.093353
23600.000000 -83.924805
23650.000000 -82.486771
23700.000000 -79.220428
23750.000000 -82.932114
23800.000000 -86.460449
23850.000000 -88.154640
23900.000000 -84.118599
23950.000000 -81.804848
24000.000000 -86.584015
24050.000000 -79.721680
24100.000000 -79.631020
24150.000000 -80.584648
24200.000000 -81.222778
24250.000000 -83.329285
24300.000000 -80.662971
24350.000000 -81.189278
24400.000000 -79.133636
24450.000000 -82.098518
24500.000000 -83.850159
24550.000000 -82.982414
24600.000000 -80.839264
24650.000000 -82.393745
24700.000000 -81.508148
24750.000000 -82.906151
24800.000000 -80.671555
24850.000000 -84.219200
24900.000000 -85.954071
24950.000000 -82.378059
25000.000000 -79.535019
25050.000000 -83.798691
25100.000000 -83.500122
25150.000000 -84.747658
25200.000000 -84.413071
25250.000000 -82.587952
25300.000000 -85.789925
25350.000000 -79.324036
25400.000000 -83.987503
25450.000000 -82.027931
25500.000000 -84.029556
25550.000000 -83.904007
25600.000000 -83.757744
25650.000000 -79.589203
25700.000000 -80.814484
25750.000000 -78.098991
25800.000000 -82.024582
25850.000000 -83.017982
25900.000000 -81.500267
25950.000000 -83.340965
26000.000000 -84.828163
26050.000000 -84.275391
26100.000000 -80.672989
26150.000000 -81.328697
26200.000000 -83.135086
26250.000000 -78.616730
26300.000000 -83.850159
26350.000000 -81.881866
26400.000000 -81.938011
26450.000000 -82.272385
26500.000000 -81.614433
26550.000000 -84.937447
26600.000000 -83.152214
26650.000000 -84.793579
26700.000000 -83.296295
26750.000000 -81.865417
26800.000000 -81.103081
26850.000000 -81.817902
26900.000000 -81.966217
26950.000000 -78.786789
27000.000000 -80.287819
27050.000000 -81.616028
27100.000000 -79.580360
27150.000000 -81.587341
27200.000000 -85.789909
27250.000000 -80.779617
27300.000000 -83.966560
27350.000000 -82.712021
27400.000000 -82.986153
27450.000000 -79.319130
27500.000000 -82.205498
27550.000000 -81.845726
27600.000000 -79.331390
27650.000000 -83.421158
27700.000000 -77.762711
27750.000000 -81.231941
27800.000000 -79.474922
27850.000000 -84.093018
27900.000000 -83.263428
27950.000000 -80.700241
28000.000000 -80.723259
28050.000000 -82.697548
28100.000000 -83.108505
28150.000000 -83.519974
28200.000000 -82.416473
28250.000000 -82.029602
28300.000000 -83.065010
28350.000000 -83.302109
28400.000000 -82.414719
28450.000000 -82.841568
28500.000000 -79.974335
28550.000000 -81.697830
28600.000000 -81.860489
28650.000000 -83.340965
28700.000000 -85.005577
28750.000000 -81.177132
28800.000000 -84.825851
28850.000000 -81.826080
28900.000000 -79.341217
28950.000000 -83.968643
29000.000000 -81.265610
29050.000000 -79.835373
29100.000000 -79.926888
29150.000000 -81.497116
29200.000000 -82.541649
29250.000000 -82.878410
29300.000000 -81.992851
29350.000000 -80.018051
29400.000000 -81.131714
29450.000000 -83.434929
29500.000000 -86.900841
29550.000000 -83.161743
29600.000000 -84.818924
29650.000000 -81.611244
29700.000000 -81.582573
29750.000000 -82.795776
29800.000000 -82.522141
29850.000000 -80.711739
29900.000000 -82.458588
29950.000000 -82.474457
30000.000000 -79.459961
30050.000000 -79.929512
30100.000000 -82.782944
30150.000000 -83.106606
30200.000000 -81.598488
30250.000000 -78.685944
30300.000000 -78.857399
30350.000000 -79.991524
30400.000000 -83.466476
30450.000000 -80.463577
30500.000000 -82.268936
30550.000000 -82.329384
30600.000000 -83.607880
30650.000000 -84.591156
30700.000000 -81.641609
30750.000000 -82.993629
30800.000000 -80.858261
30850.000000 -83.470428
30900.000000 -80.995399
30950.000000 -81.522408
31000.000000 -83.761826
31050.000000 -83.852219
31100.000000 -81.016235
31150.000000 -80.987968
31200.000000 -82.564774
31250.000000 -80.245453
31300.000000 -82.409470
31350.000000 -83.415268
31400.000000 -84.535080
31450.000000 -84.960876
31500.000000 -83.201897
31550.000000 -82.289619
31600.000000 -79.844482
31650.000000 -81.941322
31700.000000 -83.684509
31750.000000 -79.394203
31800.000000 -79.579109
31850.000000 -85.649086
31900.000000 -83.405457
31950.000000 -79.071480
32000.000000 -79.472427
32050.000000 -80.327637
32100.000000 -78.857384
32150.000000 -84.012711
32200.000000 -82.965614
32250.000000 -80.915512
32300.000000 -81.152878
32350.000000 -81.858849
32400.000000 -82.834221
32450.000000 -86.218468
32500.000000 -81.239578
32550.000000 -81.705887
32600.000000 -77.814079
32650.000000 -77.888603
32700.000000 -83.442802
32750.000000 -82.670464
32800.000000 -81.664055
32850.000000 -86.305687
32900.000000 -83.411339
32950.000000 -81.919800
33000.000000 -81.561920
33050.000000 -81.112114
33100.000000 -82.793907
33150.000000 -80.039322
33200.000000 -82.552315
33250.000000 -80.500000
33300.000000 -85.325043
33350.000000 -79.541298
33400.000000 -82.766525
33450.000000 -83.008614
33500.000000 -88.729004
33550.000000 -85.093277
33600.000000 -77.574234
33650.000000 -82.913559
33700.000000 -83.199974
33750.000000 -81.300941
33800.000000 -81.157425
33850.000000 -85.723053
33900.000000 -81.077530
33950.000000 -83.874969
34000.000000 -82.614769
34050.000000 -84.253731
34100.000000 -80.956841
34150.000000 -83.751617
34200.000000 -79.786095
34250.000000 -81.558746
34300.000000 -77.987900
34350.000000 -80.593155
34400.000000 -83.215317
34450.000000 -82.215752
34500.000000 -83.656197
34550.000000 -80.618736
34600.000000 -80.942055
34650.000000 -82.064835
34700.000000 -81.245697
34750.000000 -83.516006
34800.000000 -81.145317
34850.000000 -83.815125
34900.000000 -79.962448
34950.000000 -77.958511
35000.000000 -84.437340
35050.000000 -80.861191
35100.000000 -86.385483
35150.000000 -77.824394
35200.000000 -78.901649
35250.000000 -79.884933
35300.000000 -83.232605
35350.000000 -83.906082
35400.000000 -78.719048
35450.000000 -78.725929
35500.000000 -83.700729
35550.000000 -81.659241
35600.000000 -80.115547
35650.000000 -81.376709
35700.000000 -82.393753
35750.000000 -81.939667
35800.000000 -73.579994
35850.000000 -57.480804
35900.000000 -54.824429
35950.000000 -55.594227
36000.000000 -55.632942
36050.000000 -56.588974
36100.000000 -56.549953
36150.000000 -56.609489
36200.000000 -57.928905
36250.000000 -60.088722
36300.000000 -60.353962
36350.000000 -58.225990
36400.000000 -60.126427
36450.000000 -60.009815
36500.000000 -63.718399
36550.000000 -57.045822
36600.000000 -61.800758
36650.000000 -57.821190
36700.000000 -58.535053
36750.000000 -55.974243
36800.000000 -58.689247
36850.000000 -56.651394
36900.000000 -56.120461
36950.000000 -59.680828
37000.000000 -57.070381
37050.000000 -56.295269
37100.000000 -59.600964
37150.000000 -57.415894
37200.000000 -55.769730
37250.000000 -55.654209
37300.000000 -55.995869
37350.000000 -55.408833
37400.000000 -56.538380
37450.000000 -56.409000
37500.000000 -57.825008
37550.000000 -59.208801
37600.000000 -57.627922
37650.000000 -60.725124
37700.000000 -57.952328
37750.000000 -57.287994
37800.000000 -58.360580
37850.000000 -57.992523
37900.000000 -59.970634
37950.000000 -58.041889
38000.000000 -56.012016
38050.000000 -58.826057
38100.000000 -58.169987
38150.000000 -61.057747
38200.000000 -58.112629
38250.000000 -55.060757
38300.000000 -56.182671
38350.000000 -56.548973
38400.000000 -56.283684
38450.000000 -57.041485
38500.000000 -55.447746
38550.000000 -55.685848
38600.000000 -55.627090
38650.000000 -55.172474
38700.000000 -55.808746
38750.000000 -57.268719
38800.000000 -56.802784
38850.000000 -56.582977
38900.000000 -57.355667
38950.000000 -57.276848
39000.000000 -59.109550
39050.000000 -58.078144
39100.000000 -55.743549
39150.000000 -59.445774
39200.000000 -57.484276
39250.000000 -57.262039
39300.000000 -54.826401
39350.000000 -61.329929
39400.000000 -61.844410
39450.000000 -58.323898
39500.000000 -60.574863
39550.000000 -58.169449
39600.000000 -57.374359
39650.000000 -57.961441
39700.000000 -56.171230
39750.000000 -56.076565
39800.000000 -56.498077
39850.000000 -55.940460
39900.000000 -57.575432
39950.000000 -55.060005
40000.000000 -56.696125
