0.000000 -55.993111
50.000000 -57.419556
100.000000 -57.069435
150.000000 -57.675457
200.000000 -56.473408
250.000000 -59.827572
300.000000 -60.732765
350.000000 -60.528683
400.000000 -59.958881
450.000000 -57.046291
500.000000 -58.188042
550.000000 -59.828869
600.000000 -56.509068
650.000000 -54.461025
700.000000 -54.547474
750.000000 -57.660866
800.000000 -58.075489
850.000000 -57.313641
900.000000 -56.506584
950.000000 -56.883507
1000.000000 -54.862419
1050.000000 -54.755173
1100.000000 -55.989449
1150.000000 -55.305080
1200.000000 -56.300205
1250.000000 -59.255150
1300.000000 -59.803715
1350.000000 -59.076717
1400.000000 -56.594345
1450.000000 -56.055752
1500.000000 -58.162689
1550.000000 -58.763184
1600.000000 -59.750217
1650.000000 -54.995106
1700.000000 -56.628616
1750.000000 -59.214977
1800.000000 -57.880383
1850.000000 -58.210121
1900.000000 -63.448513
1950.000000 -58.461578
2000.000000 -58.275185
2050.000000 -61.782681
2100.000000 -55.989933
2150.000000 -57.874676
2200.000000 -58.262482
2250.000000 -55.413834
2300.000000 -55.301765
2350.000000 -56.128860
2400.000000 -55.039165
2450.000000 -55.689075
2500.000000 -56.608055
2550.000000 -55.235653
2600.000000 -56.834946
2650.000000 -57.334286
2700.000000 -57.507927
2750.000000 -56.628437
2800.000000 -58.350819
2850.000000 -56.067207
2900.000000 -56.087116
2950.000000 -59.923073
3000.000000 -57.863770
3050.000000 -57.549107
3100.000000 -58.437740
3150.000000 -55.967827
3200.000000 -60.076412
3250.000000 -55.595825
3300.000000 -56.380299
3350.000000 -56.181984
3400.000000 -56.185574
3450.000000 -55.602371
3500.000000 -56.314934
3550.000000 -54.871155
3600.000000 -55.642727
3650.000000 -55.531647
3700.000000 -54.479397
3750.000000 -54.592796
3800.000000 -57.737953
3850.000000 -55.910034
3900.000000 -57.212669
3950.000000 -57.687332
4000.000000 -58.174927
4050.000000 -55.626530
4100.000000 -57.767933
4150.000000 -57.831821
4200.000000 -55.312729
4250.000000 -61.015186
4300.000000 -60.778744
4350.000000 -56.984352
4400.000000 -56.793343
4450.000000 -58.799236
4500.000000 -57.522259
4550.000000 -54.991459
4600.000000 -58.295422
4650.000000 -58.806168
4700.000000 -57.468616
4750.000000 -57.061211
4800.000000 -56.058449
4850.000000 -55.725136
4900.000000 -55.769325
4950.000000 -54.960983
5000.000000 -54.205986
5050.000000 -55.380596
5100.000000 -54.453743
5150.000000 -54.326187
5200.000000 -58.652283
5250.000000 -58.500858
5300.000000 -56.933086
5350.000000 -55.078712
5400.000000 -55.823917
5450.000000 -58.668415
5500.000000 -57.441624
5550.000000 -57.941448
5600.000000 -57.972351
5650.000000 -55.428150
5700.000000 -58.852612
5750.000000 -59.273048
5800.000000 -56.366592
5850.000000 -55.111942
5900.000000 -56.923870
5950.000000 -53.977280
6000.000000 -60.903141
6050.000000 -55.794197
6100.000000 -58.359924
6150.000000 -56.153934
6200.000000 -55.433395
6250.000000 -54.997269
6300.000000 -55.429245
6350.000000 -55.528713
6400.000000 -54.395779
6450.000000 -57.408810
6500.000000 -57.847118
6550.000000 -58.880997
6600.000000 -57.147724
6650.000000 -57.162720
6700.000000 -58.666935
6750.000000 -60.905643
6800.000000 -57.422001
6850.000000 -60.109230
6900.000000 -58.042103
6950.000000 -58.813911
7000.000000 -55.895149
7050.000000 -58.314613
7100.000000 -59.728481
7150.000000 -61.059414
7200.000000 -56.202248
7250.000000 -59.938587
7300.000000 -57.536819
7350.000000 -56.304359
7400.000000 -57.782192
7450.000000 -56.781528
7500.000000 -55.674000
7550.000000 -55.435276
7600.000000 -56.366253
7650.000000 -55.171791
7700.000000 -58.571629
7750.000000 -56.500294
7800.000000 -55.649391
7850.000000 -56.697575
7900.000000 -56.311291
7950.000000 -55.796402
8000.000000 -55.942871
8050.000000 -59.203480
8100.000000 -57.874260
8150.000000 -57.762707
8200.000000 -57.788872
8250.000000 -56.920525
8300.000000 -59.488029
8350.000000 -57.669880
8400.000000 -59.705261
8450.000000 -59.272442
8500.000000 -57.438763
8550.000000 -58.684917
8600.000000 -59.241169
8650.000000 -59.505787
8700.000000 -56.855499
8750.000000 -55.448608
8800.000000 -54.984386
8850.000000 -55.872543
8900.000000 -55.427994
8950.000000 -54.324806
9000.000000 -54.307312
9050.000000 -55.442345
9100.000000 -57.681141
9150.000000 -56.539356
9200.000000 -58.546478
9250.000000 -56.653286
9300.000000 -57.177357
9350.000000 -57.825455
9400.000000 -57.904819
9450.000000 -60.390347
9500.000000 -59.808235
9550.000000 -57.913261
9600.000000 -61.536572
9650.000000 -60.267971
9700.000000 -58.862492
9750.000000 -58.883911
9800.000000 -58.761345
9850.000000 -57.832130
9900.000000 -58.344135
9950.000000 -60.777584
10000.000000 -56.800400
10050.000000 -58.312756
10100.000000 -56.183350
10150.000000 -57.630142
10200.000000 -55.111794
10250.000000 -54.886806
10300.000000 -54.989223
10350.000000 -55.006809
10400.000000 -59.958614
10450.000000 -58.044216
10500.000000 -55.466835
10550.000000 -57.129890
10600.000000 -57.365547
10650.000000 -57.541611
10700.000000 -58.696999
10750.000000 -57.160042
10800.000000 -56.271511
10850.000000 -58.964825
10900.000000 -56.007996
10950.000000 -56.506939
11000.000000 -59.019821
11050.000000 -60.018311
11100.000000 -57.750626
11150.000000 -56.135822
11200.000000 -56.772476
11250.000000 -59.254055
11300.000000 -58.791622
11350.000000 -55.411568
11400.000000 -55.594151
11450.000000 -55.105526
11500.000000 -54.522675
11550.000000 -57.304016
11600.000000 -55.896965
11650.000000 -55.030037
11700.000000 -57.674240
11750.000000 -56.999256
11800.000000 -56.699749
11850.000000 -55.594227
11900.000000 -55.912270
11950.000000 -55.909866
12000.000000 -59.740177
12050.000000 -60.593719
12100.000000 -57.112766
12150.000000 -56.634556
12200.000000 -60.715336
12250.000000 -57.221615
12300.000000 -59.320229
12350.000000 -59.490528
12400.000000 -58.863770
12450.000000 -55.309483
12500.000000 -54.284698
12550.000000 -55.358437
12600.000000 -57.647007
12650.000000 -59.934250
12700.000000 -53.971783
12750.000000 -53.966820
12800.000000 -55.141510
12850.000000 -56.647789
12900.000000 -55.384258
12950.000000 -53.971386
13000.000000 -56.454353
13050.000000 -56.687340
13100.000000 -58.289215
13150.000000 -58.842979
13200.000000 -56.602856
13250.000000 -56.367119
13300.000000 -57.459614
13350.000000 -59.726559
13400.000000 -58.715500
13450.000000 -60.814480
13500.000000 -55.832092
13550.000000 -57.884125
13600.000000 -58.410328
13650.000000 -55.600773
13700.000000 -56.528332
13750.000000 -55.227386
13800.000000 -58.952011
13850.000000 -56.708004
13900.000000 -56.462196
13950.000000 -56.357788
14000.000000 -54.537994
14050.000000 -56.035912
14100.000000 -57.867104
14150.000000 -56.151127
14200.000000 -57.564209
14250.000000 -55.289810
14300.000000 -56.731533
14350.000000 -54.910603
14400.000000 -55.353851
14450.000000 -54.354301
14500.000000 -57.520897
14550.000000 -58.050037
14600.000000 -56.978455
14650.000000 -59.115536
14700.000000 -59.814716
14750.000000 -59.437817
14800.000000 -60.012337
14850.000000 -57.942806
14900.000000 -56.508266
14950.000000 -57.647511
15000.000000 -60.287685
15050.000000 -55.374290
15100.000000 -56.335941
15150.000000 -59.691948
15200.000000 -56.718624
15250.000000 -55.446724
15300.000000 -56.133877
15350.000000 -54.046459
15400.000000 -55.417587
15450.000000 -56.398579
15500.000000 -53.966953
15550.000000 -54.376335
15600.000000 -57.269978
15650.000000 -58.114552
15700.000000 -56.457790
15750.000000 -56.857254
15800.000000 -54.100517
15850.000000 -60.530373
15900.000000 -59.493900
15950.000000 -55.942787
16000.000000 -77.641678
16050.000000 -82.786598
16100.000000 -86.592499
16150.000000 -84.029556
16200.000000 -83.611893
16250.000000 -81.675301
16300.000000 -81.675301
16350.000000 -83.284782
16400.000000 -78.328819
16450.000000 -85.854683
16500.000000 -80.011414
16550.000000 -84.503860
16600.000000 -86.603836
16650.000000 -82.437500
16700.000000 -84.991432
16750.000000 -81.238052
16800.000000 -82.764717
16850.000000 -83.222992
16900.000000 -83.415268
16950.000000 -81.231941
17000.000000 -79.831474
17050.000000 -82.054756
17100.000000 -81.908241
17150.000000 -83.706825
17200.000000 -83.311806
17250.000000 -84.107895
17300.000000 -83.468452
17350.000000 -83.770004
17400.000000 -85.288414
17450.000000 -82.744682
17500.000000 -83.169403
17550.000000 -83.482292
17600.000000 -82.339790
17650.000000 -85.969864
17700.000000 -82.746498
17750.000000 -85.237411
17800.000000 -89.398659
17850.000000 -82.683090
17900.000000 -81.694611
17950.000000 -81.909889
18000.000000 -84.946815
18050.000000 -85.899002
18100.000000 -82.625526
18150.000000 -82.782944
18200.000000 -85.513016
18250.000000 -82.341522
18300.000000 -83.848488
18350.000000 -78.581757
18400.000000 -82.284439
18450.000000 -83.977020
18500.000000 -84.253731
18550.000000 -83.311806
18600.000000 -84.939789
18650.000000 -80.680153
18700.000000 -81.806473
18750.000000 -84.366936
18800.000000 -79.791275
18850.000000 -83.704788
18900.000000 -84.942131
18950.000000 -85.227722
19000.000000 -85.251945
19050.000000 -82.287888
19100.000000 -85.033920
19150.000000 -79.410286
19200.000000 -83.806908
19250.000000 -83.968643
19300.000000 -85.153038
19350.000000 -81.530251
19400.000000 -81.952934
19450.000000 -84.227814
19500.000000 -81.619225
19550.000000 -81.423424
19600.000000 -81.250290
19650.000000 -82.960022
19700.000000 -81.558746
19750.000000 -80.313889
19800.000000 -83.125580
19850.000000 -82.713837
19900.000000 -79.427643
19950.000000 -81.704277
20000.000000 -82.041336
20050.000000 -82.750137
20100.000000 -82.112030
20150.000000 -83.341019
20200.000000 -83.263428
20250.000000 -81.786919
20300.000000 -81.136246
20350.000000 -83.156029
20400.000000 -79.837975
20450.000000 -83.074448
20500.000000 -84.086647
20550.000000 -81.898338
20600.000000 -81.842445
20650.000000 -84.855934
20700.000000 -83.238373
20750.000000 -83.294357
20800.000000 -84.084526
20850.000000 -84.141991
20900.000000 -79.974335
20950.000000 -85.003212
21000.000000 -83.960274
21050.000000 -82.071564
21100.000000 -82.270660
21150.000000 -82.961891
21200.000000 -83.065010
21250.000000 -84.227814
21300.000000 -82.557648
21350.000000 -84.258057
21400.000000 -83.411339
21450.000000 -81.702667
21500.000000 -82.839729
21550.000000 -83.545853
21600.000000 -81.853928
21650.000000 -82.814041
21700.000000 -83.389778
21750.000000 -84.736221
21800.000000 -82.614769
21850.000000 -84.597862
21900.000000 -84.208435
21950.000000 -83.273079
22000.000000 -84.452812
22050.000000 -83.780243
22100.000000 -87.340042
22150.000000 -85.465637
22200.000000 -85.416046
22250.000000 -85.359360
22300.000000 -81.446877
22350.000000 -83.333176
22400.000000 -85.100433
22450.000000 -82.017891
22500.000000 -83.019859
22550.000000 -82.418221
22600.000000 -79.967728
22650.000000 -85.088516
22700.000000 -86.316650
22750.000000 -83.165558
22800.000000 -82.195251
22850.000000 -83.146500
22900.000000 -82.009537
22950.000000 -82.559441
23000.000000 -79.071480
23050.000000 -87.584114
23100.000000 -86.454872
23150.000000 -83.541870
23200.000000 -83.725128
23250.000000 -85.443283
23300.000000 -85.919937
23350.000000 -85.909462
23400.000000 -84.759117
23450.000000 -86.204918
23500.000000 -87.831978
23550.000000 -86.874481
23600.000000 -82.722893
23650.000000 -83.786385
23700.000000 -86.020081
23750.000000 -82.325920
23800.000000 -80.931725
23850.000000 -81.904938
23900.000000 -83.458588
23950.000000 -79.187782
24000.000000 -88.056908
24050.000000 -81.576210
24100.000000 -79.998154
24150.000000 -82.390251
24200.000000 -85.500519
24250.000000 -83.456604
24300.000000 -82.150993
24350.000000 -83.776146
24400.000000 -84.618134
24450.000000 -86.672142
24500.000000 -83.889473
24550.000000 -80.785416
24600.000000 -80.549278
24650.000000 -83.652161
24700.000000 -83.271149
24750.000000 -81.694611
24800.000000 -81.098564
24850.000000 -83.770004
24900.000000 -84.577637
24950.000000 -81.885155
25000.000000 -84.236450
25050.000000 -80.539398
25100.000000 -80.701675
25150.000000 -83.577812
25200.000000 -82.988022
25250.000000 -81.844086
25300.000000 -84.290581
25350.000000 -81.873634
25400.000000 -83.968643
25450.000000 -81.304024
25500.000000 -83.933136
25550.000000 -82.004532
25600.000000 -81.931381
25650.000000 -83.337067
25700.000000 -82.504440
25750.000000 -86.761169
25800.000000 -84.029556
25850.000000 -81.193840
25900.000000 -82.006195
25950.000000 -86.769829
26000.000000 -86.105316
26050.000000 -81.710732
26100.000000 -86.311165
26150.000000 -81.050568
26200.000000 -82.338051
26250.000000 -85.805412
26300.000000 -83.914398
26350.000000 -82.726524
26400.000000 -79.836678
26450.000000 -82.388504
26500.000000 -83.144600
26550.000000 -85.844284
26600.000000 -83.379990
26650.000000 -84.839722
26700.000000 -81.842445
26750.000000 -81.636810
26800.000000 -82.836067
26850.000000 -83.346802
26900.000000 -87.355484
26950.000000 -82.748322
27000.000000 -83.275009
27050.000000 -83.458580
27100.000000 -82.442764
27150.000000 -83.519974
27200.000000 -88.010124
27250.000000 -84.199829
27300.000000 -84.642982
27350.000000 -86.971527
27400.000000 -83.559822
27450.000000 -83.097153
27500.000000 -79.078629
27550.000000 -81.705887
27600.000000 -82.577240
27650.000000 -84.071808
27700.000000 -85.578285
27750.000000 -80.992424
27800.000000 -87.278549
27850.000000 -85.290855
27900.000000 -84.095139
27950.000000 -83.852219
28000.000000 -81.198402
28050.000000 -83.951920
28100.000000 -81.148338
28150.000000 -83.589821
28200.000000 -87.229668
28250.000000 -84.846664
28300.000000 -83.091461
28350.000000 -82.986153
28400.000000 -82.728340
28450.000000 -85.500572
28500.000000 -86.874481
28550.000000 -85.818352
28600.000000 -82.426979
28650.000000 -81.372047
28700.000000 -87.171974
28750.000000 -87.786385
28800.000000 -82.320724
28850.000000 -78.739655
28900.000000 -81.875282
28950.000000 -84.299271
29000.000000 -84.382286
29050.000000 -82.764702
29100.000000 -85.959328
29150.000000 -83.523956
29200.000000 -83.348755
29250.000000 -85.005577
29300.000000 -84.040100
29350.000000 -82.948853
29400.000000 -84.430748
29450.000000 -83.448715
29500.000000 -84.410866
29550.000000 -86.842369
29600.000000 -84.895432
29650.000000 -87.401978
29700.000000 -84.517227
29750.000000 -85.616135
29800.000000 -79.466194
29850.000000 -81.236526
29900.000000 -84.984375
29950.000000 -83.827477
30000.000000 -86.242912
30050.000000 -86.402092
30100.000000 -83.545853
30150.000000 -82.908005
30200.000000 -81.471962
30250.000000 -80.229111
30300.000000 -81.715576
30350.000000 -83.074448
30400.000000 -84.782066
30450.000000 -86.150940
30500.000000 -82.823204
30550.000000 -86.513588
30600.000000 -81.601677
30650.000000 -86.191391
30700.000000 -83.561821
30750.000000 -88.714539
30800.000000 -85.603493
30850.000000 -83.450691
30900.000000 -86.264694
30950.000000 -83.573807
31000.000000 -80.601677
31050.000000 -85.435844
31100.000000 -83.121780
31150.000000 -84.645248
31200.000000 -82.073242
31250.000000 -84.490517
31300.000000 -83.815125
31350.000000 -85.990974
31400.000000 -85.383965
31450.000000 -82.587952
31500.000000 -83.944061
31550.000000 -83.731224
31600.000000 -83.456604
31650.000000 -81.590523
31700.000000 -87.692688
31750.000000 -84.584373
31800.000000 -82.294792
31850.000000 -86.413177
31900.000000 -83.887398
31950.000000 -80.193802
32000.000000 -85.899002
32050.000000 -82.416473
32100.000000 -81.764153
32150.000000 -84.555214
32200.000000 -84.679253
32250.000000 -84.541786
32300.000000 -81.926422
32350.000000 -81.190796
32400.000000 -85.854683
32450.000000 -85.854683
32500.000000 -82.418221
32550.000000 -81.612839
32600.000000 -82.582596
32650.000000 -83.680458
32700.000000 -84.488297
32750.000000 -82.946991
32800.000000 -87.654213
32850.000000 -81.368950
32900.000000 -84.040100
32950.000000 -82.697548
33000.000000 -83.395653
33050.000000 -84.116402
33100.000000 -83.833656
33150.000000 -84.084526
33200.000000 -81.643211
33250.000000 -84.071808
33300.000000 -82.456825
33350.000000 -81.528671
33400.000000 -81.914848
33450.000000 -78.908661
33500.000000 -80.915512
33550.000000 -85.510513
33600.000000 -81.337967
33650.000000 -86.778503
33700.000000 -84.597862
33750.000000 -84.695168
33800.000000 -85.674522
33850.000000 -83.835716
33900.000000 -83.632004
33950.000000 -87.533485
34000.000000 -83.565811
34050.000000 -82.939552
34100.000000 -80.658676
34150.000000 -80.509834
34200.000000 -84.382286
34250.000000 -82.036308
34300.000000 -80.367645
34350.000000 -80.571899
34400.000000 -86.102638
34450.000000 -81.654427
34500.000000 -87.171974
34550.000000 -84.690613
34600.000000 -84.683792
34650.000000 -87.433105
34700.000000 -85.888550
34750.000000 -81.962891
34800.000000 -82.205498
34850.000000 -77.839882
34900.000000 -81.198402
34950.000000 -81.814636
35000.000000 -81.244171
35050.000000 -81.417213
35100.000000 -83.385857
35150.000000 -84.752243
35200.000000 -85.872902
35250.000000 -80.936150
35300.000000 -84.738510
35350.000000 -81.409386
35400.000000 -82.001190
35450.000000 -84.667900
35500.000000 -82.645271
35550.000000 -83.478340
35600.000000 -82.595093
35650.000000 -88.700089
35700.000000 -81.519196
35750.000000 -84.137718
35800.000000 -82.841568
35850.000000 -86.344116
35900.000000 -61.066437
35950.000000 -55.705715
36000.000000 -56.859009
36050.000000 -59.576443
36100.000000 -56.970219
36150.000000 -57.511303
36200.000000 -57.567020
36250.000000 -54.647800
36300.000000 -57.521759
36350.000000 -59.235344
36400.000000 -60.246674
36450.000000 -61.193378
36500.000000 -60.776424
36550.000000 -60.507301
36600.000000 -58.160221
36650.000000 -59.114098
36700.000000 -59.651237
36750.000000 -57.706242
36800.000000 -55.718010
36850.000000 -58.527889
36900.000000 -57.029560
36950.000000 -55.419464
37000.000000 -55.783833
37050.000000 -57.441921
37100.000000 -54.506184
37150.000000 -54.964767
37200.000000 -55.373444
37250.000000 -55.576927
37300.000000 -55.902504
37350.000000 -58.416286
37400.000000 -54.811363
37450.000000 -57.848770
37500.000000 -58.287365
37550.000000 -59.432854
37600.000000 -59.369514
37650.000000 -58.625431
37700.000000 -57.777267
37750.000000 -57.080791
37800.000000 -57.512199
37850.000000 -56.440880
37900.000000 -57.782192
37950.000000 -56.617657
38000.000000 -57.306637
38050.000000 -60.534321
38100.000000 -57.157558
38150.000000 -60.303036
38200.000000 -57.724579
38250.000000 -56.784092
38300.000000 -58.838341
38350.000000 -55.887634
38400.000000 -54.892399
38450.000000 -56.152660
38500.000000 -56.209354
38550.000000 -55.444450
38600.000000 -53.966026
38650.000000 -54.455181
38700.000000 -58.080799
38750.000000 -57.435207
38800.000000 -60.940132
38850.000000 -55.182213
38900.000000 -60.775848
38950.000000 -57.421902
39000.000000 -57.636803
39050.000000 -59.435459
39100.000000 -58.104851
39150.000000 -59.448509
39200.000000 -60.053444
39250.000000 -57.554604
39300.000000 -57.704716
39350.000000 -56.848949
39400.000000 -58.116577
39450.000000 -57.905445
39500.000000 -56.090919
39550.000000 -57.659348
39600.000000 -55.079617
39650.000000 -56.579491
39700.000000 -55.359131
39750.000000 -55.457008
39800.000000 -54.109997
39850.000000 -55.900295
39900.000000 -53.952999
39950.000000 -55.501350
40000.000000 -58.334503
