0.000000 -57.471786
50.000000 -57.956413
100.000000 -55.092411
150.000000 -56.987255
200.000000 -56.695946
250.000000 -56.769646
300.000000 -59.539913
350.000000 -58.563313
400.000000 -56.339073
450.000000 -55.461254
500.000000 -56.773392
550.000000 -56.866768
600.000000 -56.525307
650.000000 -57.206230
700.000000 -58.928314
750.000000 -57.564510
800.000000 -58.149719
850.000000 -57.113239
900.000000 -56.977890
950.000000 -56.757133
1000.000000 -56.742092
1050.000000 -55.120781
1100.000000 -55.734539
1150.000000 -55.143253
1200.000000 -55.226776
1250.000000 -57.068771
1300.000000 -56.155640
1350.000000 -57.297314
1400.000000 -54.716564
1450.000000 -58.553547
1500.000000 -55.749557
1550.000000 -54.795918
1600.000000 -58.555565
1650.000000 -59.001015
1700.000000 -58.817265
1750.000000 -58.044109
1800.000000 -56.724804
1850.000000 -56.597210
1900.000000 -57.539314
1950.000000 -58.048874
2000.000000 -60.022560
2050.000000 -59.385056
2100.000000 -56.903992
2150.000000 -55.302765
2200.000000 -55.810135
2250.000000 -54.527683
2300.000000 -55.387920
2350.000000 -54.631641
2400.000000 -54.773670
2450.000000 -55.051228
2500.000000 -53.978806
2550.000000 -54.475399
2600.000000 -58.282578
2650.000000 -55.008076
2700.000000 -57.681141
2750.000000 -57.281887
2800.000000 -58.968590
2850.000000 -55.260117
2900.000000 -57.460598
2950.000000 -59.137470
3000.000000 -57.005356
3050.000000 -58.083881
3100.000000 -63.078598
3150.000000 -57.962070
3200.000000 -57.966579
3250.000000 -58.790932
3300.000000 -56.287056
3350.000000 -58.328159
3400.000000 -56.634014
3450.000000 -57.431068
3500.000000 -57.262138
3550.000000 -58.425129
3600.000000 -56.603302
3650.000000 -54.894169
3700.000000 -56.937740
3750.000000 -55.658550
3800.000000 -56.247387
3850.000000 -58.066254
3900.000000 -55.388233
3950.000000 -55.782200
4000.000000 -57.735500
4050.000000 -58.354767
4100.000000 -57.273075
4150.000000 -57.929996
4200.000000 -59.058979
4250.000000 -57.607571
4300.000000 -59.668316
4350.000000 -55.990101
4400.000000 -55.326416
4450.000000 -57.866482
4500.000000 -56.541313
4550.000000 -56.457878
4600.000000 -59.163307
4650.000000 -59.393829
4700.000000 -58.313194
4750.000000 -57.193653
4800.000000 -57.377789
4850.000000 -56.148575
4900.000000 -56.933178
4950.000000 -55.357582
5000.000000 -55.185711
5050.000000 -55.261269
5100.000000 -56.274445
5150.000000 -56.130386
5200.000000 -54.977249
5250.000000 -56.598911
5300.000000 -58.480583
5350.000000 -57.268715
5400.000000 -56.708096
5450.000000 -58.306210
5500.000000 -58.841125
5550.000000 -63.348160
5600.000000 -60.577274
5650.000000 -58.604973
5700.000000 -58.173100
5750.000000 -61.181679
5800.000000 -58.634937
5850.000000 -58.299889
5900.000000 -57.565613
5950.000000 -57.534924
6000.000000 -57.418457
6050.000000 -57.211903
6100.000000 -56.283428
6150.000000 -56.418213
6200.000000 -57.408123
6250.000000 -56.828686
6300.000000 -54.093800
6350.000000 -55.256508
6400.000000 -55.967247
6450.000000 -56.710636
6500.000000 -57.631351
6550.000000 -56.501091
6600.000000 -57.294399
6650.000000 -56.676849
6700.000000 -56.422424
6750.000000 -61.672882
6800.000000 -57.980854
6850.000000 -56.851810
6900.000000 -54.785076
6950.000000 -58.149609
7000.000000 -62.213215
7050.000000 -58.829765
7100.000000 -58.856911
7150.000000 -60.419369
7200.000000 -61.189579
7250.000000 -55.930832
7300.000000 -58.945435
7350.000000 -58.885189
7400.000000 -58.798084
7450.000000 -58.912861
7500.000000 -56.744278
7550.000000 -55.284187
7600.000000 -56.193436
7650.000000 -54.954605
7700.000000 -57.594299
7750.000000 -55.329277
7800.000000 -55.776165
7850.000000 -59.572781
7900.000000 -60.253769
7950.000000 -55.294975
8000.000000 -57.105354
8050.000000 -61.193226
8100.000000 -56.530018
8150.000000 -56.573505
8200.000000 -58.229126
8250.000000 -58.768475
8300.000000 -61.471954
8350.000000 -58.914501
8400.000000 -59.602230
8450.000000 -58.477360
8500.000000 -59.031315
8550.000000 -56.791782
8600.000000 -57.455952
8650.000000 -56.286190
8700.000000 -57.256145
8750.000000 -59.849297
8800.000000 -57.627220
8850.000000 -56.330555
8900.000000 -54.251747
8950.000000 -56.380650
9000.000000 -55.275490
9050.000000 -54.951492
9100.000000 -55.183201
9150.000000 -57.150299
9200.000000 -58.997894
9250.000000 -57.268715
9300.000000 -58.082184
9350.000000 -58.346764
9400.000000 -56.625202
9450.000000 -57.336727
9500.000000 -56.833290
9550.000000 -57.018230
9600.000000 -59.768780
9650.000000 -58.870632
9700.000000 -55.479664
9750.000000 -58.219616
9800.000000 -55.432301
9850.000000 -56.690243
9900.000000 -56.152317
9950.000000 -58.592907
10000.000000 -58.808479
10050.000000 -55.490147
10100.000000 -55.840054
10150.000000 -54.752346
10200.000000 -56.410580
10250.000000 -54.392929
10300.000000 -55.258659
10350.000000 -55.589760
10400.000000 -57.575932
10450.000000 -57.348438
10500.000000 -54.043186
10550.000000 -57.630974
10600.000000 -58.044323
10650.000000 -58.935345
10700.000000 -59.241051
10750.000000 -56.718170
10800.000000 -60.782948
10850.000000 -57.767525
10900.000000 -60.745899
10950.000000 -56.458054
11000.000000 -60.722389
11050.000000 -59.844219
11100.000000 -58.032059
11150.000000 -57.956310
11200.000000 -56.180874
11250.000000 -56.425060
11300.000000 -58.832314
11350.000000 -56.137180
11400.000000 -55.565384
11450.000000 -55.710484
11500.000000 -55.404537
11550.000000 -54.874897
11600.000000 -54.491341
11650.000000 -54.226074
11700.000000 -54.969818
11750.000000 -56.607609
11800.000000 -58.016117
11850.000000 -58.454945
11900.000000 -55.830368
11950.000000 -56.087372
12000.000000 -56.657703
12050.000000 -56.438332
12100.000000 -59.071236
12150.000000 -57.533127
12200.000000 -56.293972
12250.000000 -61.102470
12300.000000 -58.897209
12350.000000 -58.753189
12400.000000 -57.222965
12450.000000 -60.182690
12500.000000 -57.787533
12550.000000 -55.893414
12600.000000 -57.146099
12650.000000 -58.730030
12700.000000 -58.691525
12750.000000 -55.880703
12800.000000 -56.548794
12850.000000 -54.267078
12900.000000 -55.323784
12950.000000 -56.069908
13000.000000 -54.924187
13050.000000 -59.038548
13100.000000 -58.212818
13150.000000 -60.038921
13200.000000 -57.388279
13250.000000 -58.380360
13300.000000 -57.256531
13350.000000 -58.059467
13400.000000 -55.887054
13450.000000 -57.867622
13500.000000 -56.374012
13550.000000 -58.033112
13600.000000 -56.427078
13650.000000 -56.515011
13700.000000 -57.688446
13750.000000 -58.999126
13800.000000 -56.925079
13850.000000 -54.768661
13900.000000 -55.184341
13950.000000 -57.555115
14000.000000 -55.679657
14050.000000 -55.418446
14100.000000 -54.825378
14150.000000 -55.049431
14200.000000 -55.239712
14250.000000 -55.544094
14300.000000 -54.283600
14350.000000 -54.939865
14400.000000 -57.835434
14450.000000 -58.385971
14500.000000 -60.031467
14550.000000 -59.417347
14600.000000 -56.649769
14650.000000 -57.580647
14700.000000 -57.999996
14750.000000 -60.615173
14800.000000 -58.388832
14850.000000 -60.068794
14900.000000 -57.062817
14950.000000 -57.078709
15000.000000 -58.908188
15050.000000 -57.964798
15100.000000 -54.866455
15150.000000 -60.329014
15200.000000 -57.055164
15250.000000 -56.637161
15300.000000 -59.437943
15350.000000 -56.963959
15400.000000 -55.195999
15450.000000 -55.234657
15500.000000 -56.711998
15550.000000 -54.999577
15600.000000 -57.165874
15650.000000 -57.806355
15700.000000 -57.584457
15750.000000 -58.298798
15800.000000 -58.943439
15850.000000 -56.005569
15900.000000 -77.229324
15950.000000 -80.487373
16000.000000 -83.152214
16050.000000 -81.225830
16100.000000 -80.921402
16150.000000 -82.908005
16200.000000 -85.859879
16250.000000 -83.298233
16300.000000 -81.850647
16350.000000 -81.850647
16400.000000 -81.142296
16450.000000 -80.396729
16500.000000 -81.083534
16550.000000 -83.438866
16600.000000 -81.733353
16650.000000 -84.631683
16700.000000 -84.506088
16750.000000 -80.056648
16800.000000 -80.329018
16850.000000 -81.103081
16900.000000 -81.088043
16950.000000 -80.840721
17000.000000 -82.629112
17050.000000 -81.808105
17100.000000 -78.961418
17150.000000 -86.355171
17200.000000 -81.886803
17250.000000 -84.627167
17300.000000 -83.329285
17350.000000 -83.621941
17400.000000 -80.985001
17450.000000 -81.938011
17500.000000 -82.715668
17550.000000 -82.402481
17600.000000 -83.993820
17650.000000 -83.125580
17700.000000 -86.466026
17750.000000 -85.513016
17800.000000 -84.461670
17850.000000 -80.916985
17900.000000 -84.012711
17950.000000 -81.053558
18000.000000 -84.312325
18050.000000 -83.512032
18100.000000 -82.516823
18150.000000 -84.421890
18200.000000 -81.486107
18250.000000 -82.279274
18300.000000 -79.845787
18350.000000 -78.642761
18400.000000 -80.349686
18450.000000 -80.246819
18500.000000 -80.188377
18550.000000 -85.036285
18600.000000 -81.840813
18650.000000 -84.483849
18700.000000 -80.491585
18750.000000 -86.180588
18800.000000 -79.946625
18850.000000 -80.889038
18900.000000 -80.518272
18950.000000 -80.254997
19000.000000 -81.654427
19050.000000 -84.446175
19100.000000 -80.337280
19150.000000 -80.958336
19200.000000 -85.679649
19250.000000 -77.912529
19300.000000 -85.510513
19350.000000 -84.299271
19400.000000 -84.012711
19450.000000 -80.204651
19500.000000 -82.210625
19550.000000 -82.841568
19600.000000 -84.124924
19650.000000 -83.868759
19700.000000 -79.562698
19750.000000 -82.043007
19800.000000 -79.190193
19850.000000 -82.764702
19900.000000 -82.632698
19950.000000 -79.427643
20000.000000 -85.017372
20050.000000 -82.741051
20100.000000 -81.984520
20150.000000 -84.377899
20200.000000 -82.795731
20250.000000 -81.333336
20300.000000 -86.530441
20350.000000 -79.139633
20400.000000 -80.943764
20450.000000 -78.888809
20500.000000 -82.483284
20550.000000 -84.101517
20600.000000 -80.723259
20650.000000 -84.559692
20700.000000 -80.138412
20750.000000 -81.322586
20800.000000 -83.401535
20850.000000 -82.467384
20900.000000 -82.156090
20950.000000 -85.285980
21000.000000 -82.908005
21050.000000 -83.778191
21100.000000 -82.841568
21150.000000 -82.317261
21200.000000 -83.051842
21250.000000 -80.766579
21300.000000 -83.008614
21350.000000 -83.362404
21400.000000 -85.153038
21450.000000 -82.063156
21500.000000 -83.280807
21550.000000 -83.794594
21600.000000 -83.415268
21650.000000 -81.157425
21700.000000 -81.691383
21750.000000 -83.514015
21800.000000 -83.737404
21850.000000 -78.100060
21900.000000 -83.998001
21950.000000 -81.582573
22000.000000 -82.529228
22050.000000 -81.790176
22100.000000 -80.642967
22150.000000 -79.998154
22200.000000 -82.016220
22250.000000 -82.279274
22300.000000 -82.263779
22350.000000 -84.867531
22400.000000 -81.565094
22450.000000 -81.478241
22500.000000 -87.536644
22550.000000 -84.756821
22600.000000 -80.823219
22650.000000 -85.342186
22700.000000 -82.037979
22750.000000 -83.759781
22800.000000 -79.031082
22850.000000 -79.031082
22900.000000 -78.623512
22950.000000 -79.856216
23000.000000 -81.517616
23050.000000 -81.906586
23100.000000 -80.743446
23150.000000 -83.040527
23200.000000 -82.536324
23250.000000 -84.713387
23300.000000 -82.231155
23350.000000 -84.006462
23400.000000 -84.174072
23450.000000 -81.791801
23500.000000 -84.303619
23550.000000 -83.093353
23600.000000 -83.924805
23650.000000 -82.486771
23700.000000 -79.220428
23750.000000 -82.932114
23800.000000 -86.460449
23850.000000 -88.154640
23900.000000 -84.118599
23950.000000 -81.804848
24000.000000 -86.584015
24050.000000 -79.721680
24100.000000 -79.631020
24150.000000 -80.584648
24200.000000 -81.222778
24250.000000 -83.329285
24300.000000 -80.662971
24350.000000 -81.189278
24400.000000 -79.133636
24450.000000 -82.098518
24500.000000 -83.850159
24550.000000 -82.982414
24600.000000 -80.839264
24650.000000 -82.393745
24700.000000 -81.508148
24750.000000 -82.906151
24800.000000 -80.671555
24850.000000 -84.219200
24900.000000 -85.954071
24950.000000 -82.378059
25000.000000 -79.535019
25050.000000 -83.798691
25100.000000 -83.500122
25150.000000 -84.747658
25200.000000 -84.413071
25250.000000 -82.587952
25300.000000 -85.789925
25350.000000 -79.324036
25400.000000 -83.987503
25450.000000 -82.027931
25500.000000 -84.029556
25550.000000 -83.904007
25600.000000 -83.757744
25650.000000 -79.589203
25700.000000 -80.814484
25750.000000 -78.098991
25800.000000 -82.024582
25850.000000 -83.017982
25900.000000 -81.500267
25950.000000 -83.340965
26000.000000 -84.828163
26050.000000 -84.275391
26100.000000 -80.672989
26150.000000 -81.328697
26200.000000 -83.135086
26250.000000 -78.616730
26300.000000 -83.850159
26350.000000 -81.881866
26400.000000 -81.938011
26450.000000 -82.272385
26500.000000 -81.614433
26550.000000 -84.937447
26600.000000 -83.152214
26650.000000 -84.793579
26700.000000 -83.296295
26750.000000 -81.865417
26800.000000 -81.103081
26850.000000 -81.817902
26900.000000 -81.966217
26950.000000 -78.786789
27000.000000 -80.287819
27050.000000 -81.616028
27100.000000 -83.087677
27150.000000 -89.132904
27200.000000 -82.444527
27250.000000 -80.099442
27300.000000 -85.846878
27350.000000 -80.763687
27400.000000 -82.088402
27450.000000 -84.253731
27500.000000 -80.335930
27550.000000 -78.318985
27600.000000 -82.672272
27650.000000 -81.651222
27700.000000 -84.455025
27750.000000 -82.391998
27800.000000 -85.041031
27850.000000 -83.634018
27900.000000 -82.539879
27950.000000 -85.669426
28000.000000 -82.634491
28050.000000 -82.372818
28100.000000 -87.254074
28150.000000 -80.845108
28200.000000 -84.782066
28250.000000 -86.167099
28300.000000 -81.365845
28350.000000 -81.098564
28400.000000 -82.372818
28450.000000 -80.906677
28500.000000 -85.167442
28550.000000 -82.679482
28600.000000 -84.163368
28650.000000 -80.958321
28700.000000 -85.293289
28750.000000 -85.067108
28800.000000 -78.664330
28850.000000 -83.261497
28900.000000 -82.684898
28950.000000 -80.237274
29000.000000 -84.088768
29050.000000 -82.507973
29100.000000 -84.014816
29150.000000 -81.944641
29200.000000 -83.429024
29250.000000 -81.665657
29300.000000 -80.781067
29350.000000 -82.365868
29400.000000 -80.662971
29450.000000 -80.414787
29500.000000 -83.188492
29550.000000 -86.043968
29600.000000 -81.886803
29650.000000 -87.536644
29700.000000 -80.757896
29750.000000 -81.904938
29800.000000 -85.728180
29850.000000 -86.421501
29900.000000 -83.209557
29950.000000 -82.976814
30000.000000 -84.736221
30050.000000 -84.928093
30100.000000 -83.476364
30150.000000 -83.409378
30200.000000 -81.429672
30250.000000 -82.492065
30300.000000 -81.934692
30350.000000 -81.308647
30400.000000 -83.156029
30450.000000 -84.084526
30500.000000 -82.848923
30550.000000 -83.087677
30600.000000 -82.645271
30650.000000 -82.909851
30700.000000 -80.718941
30750.000000 -84.336311
30800.000000 -82.591522
30850.000000 -83.016113
30900.000000 -83.010483
30950.000000 -84.366936
31000.000000 -82.762878
31050.000000 -81.082039
31100.000000 -82.692123
31150.000000 -85.093277
31200.000000 -85.528023
31250.000000 -81.585754
31300.000000 -83.656197
31350.000000 -80.730461
31400.000000 -81.209061
31450.000000 -86.640762
31500.000000 -83.104713
31550.000000 -81.557220
31600.000000 -81.201447
31650.000000 -86.683578
31700.000000 -81.418739
31750.000000 -82.039658
31800.000000 -81.952934
31850.000000 -82.193542
31900.000000 -86.772720
31950.000000 -83.979118
32000.000000 -82.029602
32050.000000 -83.599846
32100.000000 -85.019737
32150.000000 -81.561928
32200.000000 -81.359642
32250.000000 -84.972618
32300.000000 -88.798141
32350.000000 -80.535172
32400.000000 -83.106606
32450.000000 -79.416489
32500.000000 -77.868866
32550.000000 -78.599792
32600.000000 -79.746101
32650.000000 -84.249405
32700.000000 -84.627167
32750.000000 -81.169548
32800.000000 -83.569817
32850.000000 -82.952576
32900.000000 -83.199974
32950.000000 -82.777466
33000.000000 -81.606461
33050.000000 -82.908005
33100.000000 -84.408669
33150.000000 -84.786667
33200.000000 -80.498596
33250.000000 -83.298233
33300.000000 -82.446281
33350.000000 -86.341370
33400.000000 -78.974365
33450.000000 -83.476357
33500.000000 -84.514999
33550.000000 -85.990974
33600.000000 -81.428108
33650.000000 -82.229446
33700.000000 -85.906845
33750.000000 -82.374557
33800.000000 -85.177055
33850.000000 -84.544022
33900.000000 -81.134735
33950.000000 -83.209557
34000.000000 -82.527458
34050.000000 -80.248177
34100.000000 -80.320763
34150.000000 -82.878410
34200.000000 -87.013031
34250.000000 -83.922722
34300.000000 -85.707695
34350.000000 -82.243164
34400.000000 -83.065010
34450.000000 -83.811020
34500.000000 -84.234291
34550.000000 -82.543427
34600.000000 -87.809151
34650.000000 -80.279602
34700.000000 -83.346802
34750.000000 -81.490822
34800.000000 -82.386765
34850.000000 -81.830986
34900.000000 -88.454597
34950.000000 -81.827713
35000.000000 -81.290176
35050.000000 -81.710739
35100.000000 -83.286613
35150.000000 -83.743454
35200.000000 -83.835716
35250.000000 -83.835716
35300.000000 -83.370216
35350.000000 -86.533249
35400.000000 -83.376083
35450.000000 -81.592117
35500.000000 -79.949272
35550.000000 -79.170898
35600.000000 -78.969650
35650.000000 -83.599846
35700.000000 -83.329285
35750.000000 -80.133026
35800.000000 -83.156029
35850.000000 -57.791058
35900.000000 -55.431282
35950.000000 -56.025597
36000.000000 -55.732349
36050.000000 -56.289822
36100.000000 -58.813679
36150.000000 -56.032974
36200.000000 -58.168053
36250.000000 -58.261505
36300.000000 -60.003845
36350.000000 -58.942738
36400.000000 -61.806469
36450.000000 -59.022781
36500.000000 -58.538414
36550.000000 -57.150776
36600.000000 -59.021240
36650.000000 -58.255974
36700.000000 -55.497169
36750.000000 -55.497009
36800.000000 -60.929359
36850.000000 -57.955471
36900.000000 -57.073410
36950.000000 -57.084579
37000.000000 -57.017570
37050.000000 -55.384567
37100.000000 -55.276951
37150.000000 -55.177113
37200.000000 -55.999630
37250.000000 -54.891224
37300.000000 -55.585770
37350.000000 -56.712189
37400.000000 -55.216072
37450.000000 -59.481407
37500.000000 -56.027351
37550.000000 -56.502861
37600.000000 -58.231831
37650.000000 -58.834629
37700.000000 -57.613106
37750.000000 -57.057526
37800.000000 -59.358673
37850.000000 -59.528606
37900.000000 -57.221039
37950.000000 -59.872253
38000.000000 -60.315674
38050.000000 -57.759735
38100.000000 -58.170521
38150.000000 -58.352455
38200.000000 -57.676472
38250.000000 -56.558151
38300.000000 -57.817272
38350.000000 -56.145939
38400.000000 -55.266800
38450.000000 -55.853523
38500.000000 -54.240402
38550.000000 -55.246918
38600.000000 -56.634014
38650.000000 -56.020897
38700.000000 -56.081207
38750.000000 -54.946751
38800.000000 -56.123516
38850.000000 -57.108585
38900.000000 -59.139748
38950.000000 -59.422180
39000.000000 -60.170242
39050.000000 -61.517292
39100.000000 -58.169018
39150.000000 -57.601738
39200.000000 -58.659664
39250.000000 -59.447392
39300.000000 -59.847866
39350.000000 -57.010334
39400.000000 -58.370243
39450.000000 -60.819576
39500.000000 -57.922863
39550.000000 -55.459995
39600.000000 -55.712833
39650.000000 -57.637005
39700.000000 -56.078510
39750.000000 -55.344074
39800.000000 -54.386955
39850.000000 -54.339855
39900.000000 -54.021584
39950.000000 -53.969532
40000.000000 -56.356392
