0.000000 -63.657402
50.000000 -63.237408
100.000000 -63.433544
150.000000 -63.100163
200.000000 -63.332394
250.000000 -63.258984
300.000000 -63.369232
350.000000 -63.636627
400.000000 -63.274040
450.000000 -63.444767
500.000000 -63.443192
550.000000 -63.522156
600.000000 -63.432167
650.000000 -63.293770
700.000000 -63.099403
750.000000 -63.285641
800.000000 -63.357754
850.000000 -63.291252
900.000000 -63.227215
950.000000 -63.275780
1000.000000 -63.116653
1050.000000 -63.244720
1100.000000 -63.477737
1150.000000 -63.592621
1200.000000 -63.655182
1250.000000 -63.677013
1300.000000 -64.459229
1350.000000 -64.580093
1400.000000 -64.889137
1450.000000 -65.341438
1500.000000 -65.404175
1550.000000 -65.961952
1600.000000 -66.124870
1650.000000 -66.649300
1700.000000 -66.812111
1750.000000 -66.876228
1800.000000 -67.498520
1850.000000 -67.647804
1900.000000 -68.023453
1950.000000 -68.480942
2000.000000 -68.408058
2050.000000 -68.783112
2100.000000 -68.902702
2150.000000 -69.048714
2200.000000 -69.262428
2250.000000 -70.093674
2300.000000 -70.324211
2350.000000 -70.208824
2400.000000 -70.532921
2450.000000 -70.885338
2500.000000 -70.665840
2550.000000 -71.300728
2600.000000 -71.267693
2650.000000 -71.087700
2700.000000 -71.724709
2750.000000 -71.657494
2800.000000 -71.966774
2850.000000 -71.784210
2900.000000 -72.388405
2950.000000 -72.554405
3000.000000 -72.755241
3050.000000 -73.593925
3100.000000 -73.722282
3150.000000 -73.574295
3200.000000 -74.342209
3250.000000 -74.309105
3300.000000 -74.128586
3350.000000 -74.732956
3400.000000 -74.489937
3450.000000 -76.233719
3500.000000 -75.355331
3550.000000 -75.258049
3600.000000 -75.888458
3650.000000 -76.165268
3700.000000 -76.392365
3750.000000 -76.095657
3800.000000 -75.721657
3850.000000 -76.724991
3900.000000 -76.977707
3950.000000 -77.737137
4000.000000 -76.822807
4050.000000 -77.731010
4100.000000 -78.602043
4150.000000 -79.627213
4200.000000 -78.668877
4250.000000 -79.156456
4300.000000 -79.664108
4350.000000 -78.112846
4400.000000 -79.478668
4450.000000 -79.611992
4500.000000 -80.755005
4550.000000 -80.805756
4600.000000 -79.996826
4650.000000 -81.816269
4700.000000 -80.526718
4750.000000 -81.947952
4800.000000 -81.764153
4850.000000 -81.389137
4900.000000 -81.832626
4950.000000 -81.811371
5000.000000 -81.764153
5050.000000 -82.383278
5100.000000 -82.423477
5150.000000 -83.751617
5200.000000 -83.549843
5250.000000 -84.763702
5300.000000 -83.658218
5350.000000 -83.333176
5400.000000 -85.320152
5450.000000 -87.042801
5500.000000 -88.305046
5550.000000 -87.229668
5600.000000 -86.169792
5650.000000 -86.942009
5700.000000 -88.287827
5750.000000 -88.164810
5800.000000 -88.989952
5850.000000 -88.188599
5900.000000 -85.815758
5950.000000 -87.105644
6000.000000 -87.156853
6050.000000 -89.224419
6100.000000 -88.188599
6150.000000 -85.651627
6200.000000 -88.787132
6250.000000 -87.838516
6300.000000 -89.600418
6350.000000 -87.546120
6400.000000 -89.548538
6450.000000 -89.889366
6500.000000 -88.664078
6550.000000 -86.652161
6600.000000 -89.220581
6650.000000 -88.370811
6700.000000 -87.165924
6750.000000 -87.692688
6800.000000 -88.144478
6850.000000 -86.695023
6900.000000 -88.581818
6950.000000 -87.039818
7000.000000 -87.383347
7050.000000 -88.750763
7100.000000 -86.740982
7150.000000 -87.986824
7200.000000 -85.172249
7250.000000 -87.075661
7300.000000 -90.317703
7350.000000 -90.772850
7400.000000 -91.849319
7450.000000 -91.964165
7500.000000 -89.959999
7550.000000 -90.365662
7600.000000 -92.912659
7650.000000 -94.267242
7700.000000 -90.077606
7750.000000 -92.334518
7800.000000 -89.680847
7850.000000 -93.806999
7900.000000 -91.458939
7950.000000 -91.099602
8000.000000 -91.434181
8050.000000 -94.064133
8100.000000 -94.447197
8150.000000 -90.295998
8200.000000 -94.398376
8250.000000 -93.407059
8300.000000 -92.664223
8350.000000 -93.984200
8400.000000 -94.158325
8450.000000 -93.513176
8500.000000 -92.439331
8550.000000 -91.756477
8600.000000 -92.439331
8650.000000 -89.232086
8700.000000 -92.312607
8750.000000 -90.953377
8800.000000 -89.914230
8850.000000 -94.384483
8900.000000 -92.807793
8950.000000 -96.513977
9000.000000 -92.675621
9050.000000 -94.588203
9100.000000 -94.192215
9150.000000 -92.209305
9200.000000 -94.517410
9250.000000 -94.566902
9300.000000 -92.877563
9350.000000 -94.538589
9400.000000 -90.115746
9450.000000 -92.467125
9500.000000 -92.721367
9550.000000 -92.483849
9600.000000 -92.478271
9650.000000 -92.675621
9700.000000 -90.313362
9750.000000 -89.489059
9800.000000 -90.480064
9850.000000 -91.365250
9900.000000 -92.411629
9950.000000 -91.543625
10000.000000 -93.144295
10050.000000 -90.851082
10100.000000 -91.695129
10150.000000 -90.708946
10200.000000 -92.755836
10250.000000 -95.438835
10300.000000 -91.258011
10350.000000 -91.669693
10400.000000 -94.158325
10450.000000 -91.262856
10500.000000 -93.463081
10550.000000 -91.094849
10600.000000 -91.807938
10650.000000 -88.437080
10700.000000 -90.560158
10750.000000 -89.216751
10800.000000 -89.255150
10850.000000 -89.741653
10900.000000 -92.032745
10950.000000 -93.120255
11000.000000 -93.265526
11050.000000 -94.447197
11100.000000 -90.551224
11150.000000 -90.304672
11200.000000 -91.267708
11250.000000 -91.797623
11300.000000 -92.813591
11350.000000 -92.155418
11400.000000 -90.511124
11450.000000 -89.856323
11500.000000 -90.335114
11550.000000 -90.435883
11600.000000 -91.085342
11650.000000 -90.609474
11700.000000 -90.874222
11750.000000 -88.329224
11800.000000 -92.329033
11850.000000 -90.860329
11900.000000 -93.314491
11950.000000 -90.878860
12000.000000 -92.411629
12050.000000 -91.137741
12100.000000 -95.214417
12150.000000 -91.751350
12200.000000 -92.912659
12250.000000 -90.427071
12300.000000 -92.727104
12350.000000 -91.513641
12400.000000 -94.090942
12450.000000 -94.489258
12500.000000 -95.062958
12550.000000 -94.468201
12600.000000 -94.433220
12650.000000 -93.400864
12700.000000 -93.813492
12750.000000 -94.226234
12800.000000 -91.533623
12850.000000 -95.115669
12900.000000 -94.219421
12950.000000 -95.758202
13000.000000 -90.409485
13050.000000 -94.391457
13100.000000 -92.395042
13150.000000 -94.405334
13200.000000 -91.272560
13250.000000 -94.192215
13300.000000 -95.839920
13350.000000 -90.595993
13400.000000 -87.327713
13450.000000 -90.278671
13500.000000 -90.322052
13550.000000 -92.296219
13600.000000 -89.989250
13650.000000 -90.418274
13700.000000 -89.520729
13750.000000 -89.914230
13800.000000 -89.042343
13850.000000 -92.506195
13900.000000 -89.806999
13950.000000 -91.224167
14000.000000 -94.363678
14050.000000 -91.639275
14100.000000 -89.004890
14150.000000 -88.986221
14200.000000 -89.270531
14250.000000 -91.113884
14300.000000 -86.807472
14350.000000 -90.681709
14400.000000 -91.444077
14450.000000 -88.978767
14500.000000 -89.588417
14550.000000 -91.870087
14600.000000 -89.548538
14650.000000 -91.253166
14700.000000 -92.203896
14750.000000 -89.733521
14800.000000 -88.864014
14850.000000 -89.209099
14900.000000 -89.289825
14950.000000 -89.652611
15000.000000 -86.950851
15050.000000 -90.851082
15100.000000 -90.326408
15150.000000 -91.553650
15200.000000 -89.935005
15250.000000 -88.164810
15300.000000 -88.168243
15350.000000 -86.874481
15400.000000 -85.413574
15450.000000 -86.712234
15500.000000 -86.522011
15550.000000 -87.448715
15600.000000 -86.283798
15650.000000 -86.912582
15700.000000 -86.145561
15750.000000 -86.199509
15800.000000 -84.544022
15850.000000 -85.364281
15900.000000 -85.401222
15950.000000 -86.845284
16000.000000 -88.930466
16050.000000 -84.692886
16100.000000 -85.381500
16150.000000 -88.489754
16200.000000 -85.621193
16250.000000 -86.912582
16300.000000 -86.415947
16350.000000 -86.278336
16400.000000 -84.602364
16450.000000 -87.114662
16500.000000 -87.346214
16550.000000 -89.019852
16600.000000 -87.063698
16650.000000 -85.598442
16700.000000 -85.530533
16750.000000 -89.512802
16800.000000 -87.075661
16850.000000 -88.426582
16900.000000 -88.765289
16950.000000 -86.524818
17000.000000 -86.968575
17050.000000 -86.223900
17100.000000 -87.809151
17150.000000 -87.670227
17200.000000 -85.985695
17250.000000 -86.251076
17300.000000 -88.714539
17350.000000 -88.915649
17400.000000 -90.777435
17450.000000 -88.185196
17500.000000 -90.466789
17550.000000 -88.381691
17600.000000 -88.090485
17650.000000 -89.193802
17700.000000 -90.218292
17750.000000 -88.535660
17800.000000 -87.251022
17850.000000 -87.815666
17900.000000 -88.656898
17950.000000 -88.915649
18000.000000 -91.330986
18050.000000 -92.669922
18100.000000 -94.767769
18150.000000 -88.472160
18200.000000 -92.417160
18250.000000 -92.372986
18300.000000 -95.509674
18350.000000 -95.454529
18400.000000 -91.384888
18450.000000 -90.869591
18500.000000 -92.860069
18550.000000 -92.836800
18600.000000 -93.174446
18650.000000 -91.508652
18700.000000 -92.258087
18750.000000 -95.881065
18800.000000 -93.735825
18850.000000 -91.588806
18900.000000 -93.339081
18950.000000 -92.329033
19000.000000 -92.406097
19050.000000 -91.185646
19100.000000 -91.204887
19150.000000 -88.301605
19200.000000 -87.458092
19250.000000 -92.133957
19300.000000 -92.400566
19350.000000 -91.543625
19400.000000 -91.037979
19450.000000 -93.918144
19500.000000 -94.010757
19550.000000 -91.066368
19600.000000 -92.721367
19650.000000 -92.128601
19700.000000 -91.503670
19750.000000 -89.023598
19800.000000 -89.159492
19850.000000 -92.761597
19900.000000 -91.953659
19950.000000 -93.481834
20000.000000 -90.736275
20050.000000 -88.398651
20100.000000 -90.609474
20150.000000 -97.710655
20200.000000 -90.400749
20250.000000 -89.672768
20300.000000 -93.729385
20350.000000 -91.503670
20400.000000 -89.684883
20450.000000 -92.906799
20500.000000 -91.085342
20550.000000 -92.732841
20600.000000 -89.140495
20650.000000 -94.645256
20700.000000 -92.318085
20750.000000 -94.070824
20800.000000 -94.030739
20850.000000 -94.131310
20900.000000 -88.642540
20950.000000 -95.509674
21000.000000 -94.037407
21050.000000 -93.326782
21100.000000 -92.483849
21150.000000 -91.047432
21200.000000 -80.023369
21250.000000 -68.725746
21300.000000 -63.948151
21350.000000 -60.818993
21400.000000 -59.497906
21450.000000 -58.432209
21500.000000 -58.044640
21550.000000 -57.997467
21600.000000 -58.109432
21650.000000 -58.904213
21700.000000 -59.750732
21750.000000 -61.362270
21800.000000 -64.342857
21850.000000 -67.785721
21900.000000 -71.551620
21950.000000 -67.157745
22000.000000 -64.005554
22050.000000 -61.581295
22100.000000 -60.344719
22150.000000 -59.679420
22200.000000 -59.230610
22250.000000 -59.372967
22300.000000 -59.655697
22350.000000 -60.306877
22400.000000 -61.107437
22450.000000 -62.835316
22500.000000 -64.690605
22550.000000 -66.715096
22600.000000 -67.409424
22650.000000 -65.267723
22700.000000 -63.553825
22750.000000 -62.363934
22800.000000 -61.268822
22850.000000 -60.586910
22900.000000 -60.208443
22950.000000 -60.363079
23000.000000 -60.752110
23050.000000 -61.229187
23100.000000 -62.154896
23150.000000 -63.946270
23200.000000 -64.811531
23250.000000 -65.751007
23300.000000 -65.789642
23350.000000 -64.438217
23400.000000 -63.303844
23450.000000 -62.205658
23500.000000 -61.763985
23550.000000 -61.418579
23600.000000 -61.052059
23650.000000 -61.309872
23700.000000 -61.642727
23750.000000 -62.198486
23800.000000 -62.726154
23850.000000 -63.873718
23900.000000 -64.456787
23950.000000 -64.696068
24000.000000 -64.325394
24050.000000 -63.694031
24100.000000 -62.988949
24150.000000 -62.347767
24200.000000 -61.790493
24250.000000 -61.788376
24300.000000 -61.763985
24350.000000 -61.748734
24400.000000 -62.183136
24450.000000 -62.524437
24500.000000 -63.259369
24550.000000 -63.637032
24600.000000 -64.012070
24650.000000 -64.001770
24700.000000 -64.032707
24750.000000 -63.424500
24800.000000 -63.132984
24850.000000 -62.634129
24900.000000 -62.358192
24950.000000 -62.398453
25000.000000 -62.403519
25050.000000 -62.116085
25100.000000 -62.808170
25150.000000 -63.043907
25200.000000 -63.076519
25250.000000 -63.513813
25300.000000 -63.472992
25350.000000 -63.454033
25400.000000 -63.341343
25450.000000 -63.237213
25500.000000 -62.993252
25550.000000 -62.833294
25600.000000 -62.459633
25650.000000 -62.416813
25700.000000 -62.619423
25750.000000 -62.924683
25800.000000 -63.029057
25850.000000 -63.072742
25900.000000 -63.363178
25950.000000 -63.468445
26000.000000 -63.300938
26050.000000 -63.211853
26100.000000 -63.117603
26150.000000 -63.014416
26200.000000 -62.989883
26250.000000 -62.982594
26300.000000 -62.835682
26350.000000 -62.854626
26400.000000 -62.893372
26450.000000 -62.809452
26500.000000 -62.857018
26550.000000 -63.216652
26600.000000 -63.397408
26650.000000 -63.105843
26700.000000 -63.013668
26750.000000 -63.028679
26800.000000 -62.932667
26850.000000 -63.067081
26900.000000 -62.901886
26950.000000 -63.069347
27000.000000 -62.992691
27050.000000 -63.246838
27100.000000 -63.153542
27150.000000 -63.126904
27200.000000 -63.222221
27250.000000 -63.217613
27300.000000 -63.150494
27350.000000 -63.113808
27400.000000 -63.251076
27450.000000 -63.009354
27500.000000 -63.247993
27550.000000 -62.879700
27600.000000 -62.725792
27650.000000 -63.059349
27700.000000 -63.020420
27750.000000 -63.131847
27800.000000 -63.293381
27850.000000 -63.064819
27900.000000 -63.301323
27950.000000 -63.312187
28000.000000 -63.269981
28050.000000 -62.836601
28100.000000 -62.826687
28150.000000 -62.954243
28200.000000 -62.878223
28250.000000 -62.897999
28300.000000 -63.030933
28350.000000 -62.795361
28400.000000 -62.886902
28450.000000 -62.941402
28500.000000 -63.237789
28550.000000 -63.093914
28600.000000 -63.197670
28650.000000 -63.209938
28700.000000 -63.133747
28750.000000 -63.313156
28800.000000 -63.164032
28850.000000 -63.005043
28900.000000 -62.867706
28950.000000 -62.646881
29000.000000 -62.821915
29050.000000 -62.712742
29100.000000 -62.899292
29150.000000 -62.818432
29200.000000 -62.725067
29250.000000 -62.974751
29300.000000 -63.247993
29350.000000 -63.089561
29400.000000 -63.138691
29450.000000 -63.300743
29500.000000 -63.065762
29550.000000 -63.095051
29600.000000 -62.646164
29650.000000 -62.792618
29700.000000 -62.791340
29750.000000 -62.964489
29800.000000 -62.684711
29850.000000 -62.924870
29900.000000 -62.893559
29950.000000 -63.094482
30000.000000 -63.092777
30050.000000 -63.115513
30100.000000 -63.232407
30150.000000 -63.249920
30200.000000 -63.175865
30250.000000 -63.049931
30300.000000 -63.023609
30350.000000 -63.108688
30400.000000 -63.168800
30450.000000 -63.127476
30500.000000 -62.915962
30550.000000 -63.162693
30600.000000 -63.191734
30650.000000 -63.172619
30700.000000 -62.970459
30750.000000 -63.042778
30800.000000 -62.988762
30850.000000 -63.094292
30900.000000 -63.318398
30950.000000 -63.224335
31000.000000 -63.230099
31050.000000 -63.051060
31100.000000 -62.992878
31150.000000 -62.788414
31200.000000 -62.874161
31250.000000 -62.863098
31300.000000 -62.837887
31350.000000 -63.171280
31400.000000 -63.459953
31450.000000 -63.256859
31500.000000 -63.440632
31550.000000 -63.370014
31600.000000 -63.040710
31650.000000 -63.123486
31700.000000 -63.030746
31750.000000 -62.893929
31800.000000 -62.954243
31850.000000 -62.999428
31900.000000 -63.041271
31950.000000 -62.687599
32000.000000 -63.050682
32050.000000 -62.934525
32100.000000 -62.931923
32150.000000 -62.999241
32200.000000 -63.213005
32250.000000 -63.133938
32300.000000 -63.386635
32350.000000 -63.214542
32400.000000 -63.255318
32450.000000 -63.117603
32500.000000 -63.042027
32550.000000 -63.040520
32600.000000 -62.996807
32650.000000 -63.203800
32700.000000 -62.992504
32750.000000 -62.842297
32800.000000 -63.172043
32850.000000 -63.093914
32900.000000 -63.110771
32950.000000 -63.009167
33000.000000 -62.842850
33050.000000 -63.228561
33100.000000 -62.923939
33150.000000 -62.910774
33200.000000 -62.891895
33250.000000 -62.978672
33300.000000 -63.146301
33350.000000 -63.055958
33400.000000 -63.303650
33450.000000 -63.382137
33500.000000 -63.236252
33550.000000 -63.699711
33600.000000 -63.339787
33650.000000 -63.106224
33700.000000 -63.305977
33750.000000 -63.110394
33800.000000 -62.941959
33850.000000 -63.005043
33900.000000 -62.790245
33950.000000 -63.155445
34000.000000 -63.140785
34050.000000 -63.056900
34100.000000 -63.462124
34150.000000 -63.306755
34200.000000 -63.537281
34250.000000 -63.494171
34300.000000 -63.328892
34350.000000 -63.097698
34400.000000 -63.156780
34450.000000 -62.871025
34500.000000 -62.798103
34550.000000 -62.745403
34600.000000 -62.808537
34650.000000 -62.847080
34700.000000 -63.040520
34750.000000 -63.358105
34800.000000 -63.255127
34850.000000 -63.290672
34900.000000 -63.146873
34950.000000 -63.458965
35000.000000 -63.333946
35050.000000 -63.529518
35100.000000 -63.317429
35150.000000 -63.397018
35200.000000 -63.373142
35250.000000 -63.318787
35300.000000 -63.261105
35350.000000 -63.108498
35400.000000 -63.050682
35450.000000 -62.874531
35500.000000 -63.155827
35550.000000 -63.088238
35600.000000 -63.188290
35650.000000 -63.521561
35700.000000 -63.149731
35750.000000 -63.384094
35800.000000 -63.340759
35850.000000 -63.362011
35900.000000 -63.255898
35950.000000 -63.439056
36000.000000 -63.071423
36050.000000 -63.140785
36100.000000 -63.099403
36150.000000 -62.868626
36200.000000 -62.732323
36250.000000 -63.177212
36300.000000 -63.303459
36350.000000 -63.314320
36400.000000 -63.740795
36450.000000 -63.784534
36500.000000 -63.664272
36550.000000 -63.624149
36600.000000 -63.389572
36650.000000 -63.306755
36700.000000 -63.159069
36750.000000 -63.137550
36800.000000 -62.756863
36850.000000 -63.201118
36900.000000 -63.047482
36950.000000 -63.148968
37000.000000 -63.463703
37050.000000 -63.387222
37100.000000 -63.502895
37150.000000 -63.471806
37200.000000 -63.572403
37250.000000 -63.433346
37300.000000 -63.184658
37350.000000 -63.359665
37400.000000 -63.129944
37450.000000 -63.025673
37500.000000 -63.172234
37550.000000 -62.951637
37600.000000 -63.220501
37650.000000 -63.194031
37700.000000 -63.563408
37750.000000 -63.396427
37800.000000 -63.355961
37850.000000 -63.570206
37900.000000 -63.539272
37950.000000 -63.097321
38000.000000 -63.200737
38050.000000 -63.231445
38100.000000 -63.207829
38150.000000 -63.221069
38200.000000 -63.238369
38250.000000 -63.289124
38300.000000 -63.437874
38350.000000 -63.339787
38400.000000 -63.656193
38450.000000 -63.358498
38500.000000 -63.079544
38550.000000 -63.437481
38600.000000 -63.524147
38650.000000 -63.227406
38700.000000 -63.247993
38750.000000 -63.390747
38800.000000 -63.388203
38850.000000 -63.216267
38900.000000 -63.260330
38950.000000 -63.474968
39000.000000 -63.265736
39050.000000 -63.223564
39100.000000 -63.278870
39150.000000 -63.299580
39200.000000 -63.393490
39250.000000 -63.668922
39300.000000 -63.665890
39350.000000 -63.486839
39400.000000 -63.535290
39450.000000 -63.354595
39500.000000 -63.130516
39550.000000 -63.283707
39600.000000 -63.229328
39650.000000 -63.041271
39700.000000 -63.072365
39750.000000 -63.214733
39800.000000 -63.299000
39850.000000 -63.375877
39900.000000 -63.627167
39950.000000 -63.347382
40000.000000 -63.555225
