0.000000 -62.489239
50.000000 -62.676952
100.000000 -62.363762
150.000000 -62.386932
200.000000 -62.534012
250.000000 -62.565655
300.000000 -62.567612
350.000000 -62.588837
400.000000 -62.300312
450.000000 -62.535431
500.000000 -62.710567
550.000000 -62.420143
600.000000 -62.572067
650.000000 -62.396530
700.000000 -62.349155
750.000000 -62.529224
800.000000 -62.386932
850.000000 -62.733959
900.000000 -62.446625
950.000000 -62.503723
1000.000000 -62.621929
1050.000000 -62.629822
1100.000000 -62.670460
1150.000000 -62.711292
1200.000000 -62.674248
1250.000000 -62.803043
1300.000000 -63.191162
1350.000000 -63.495953
1400.000000 -63.768364
1450.000000 -64.211655
1500.000000 -64.328667
1550.000000 -64.772873
1600.000000 -64.944931
1650.000000 -65.209343
1700.000000 -65.294991
1750.000000 -65.323807
1800.000000 -66.060455
1850.000000 -66.102898
1900.000000 -66.281876
1950.000000 -66.541397
2000.000000 -66.783119
2050.000000 -67.020454
2100.000000 -67.340958
2150.000000 -67.759773
2200.000000 -68.098213
2250.000000 -68.190285
2300.000000 -68.299522
2350.000000 -68.483047
2400.000000 -68.941200
2450.000000 -69.132889
2500.000000 -69.297928
2550.000000 -69.744080
2600.000000 -70.472519
2650.000000 -70.559700
2700.000000 -70.409470
2750.000000 -70.844131
2800.000000 -71.075836
2850.000000 -71.402092
2900.000000 -71.554634
2950.000000 -71.835831
3000.000000 -72.117348
3050.000000 -72.156471
3100.000000 -72.154327
3150.000000 -72.811829
3200.000000 -72.770798
3250.000000 -73.187119
3300.000000 -73.190750
3350.000000 -73.949768
3400.000000 -74.296722
3450.000000 -74.670303
3500.000000 -74.481506
3550.000000 -74.526558
3600.000000 -74.932541
3650.000000 -74.566879
3700.000000 -75.673210
3750.000000 -75.798119
3800.000000 -76.115128
3850.000000 -76.637253
3900.000000 -77.492416
3950.000000 -77.507332
4000.000000 -77.501358
4050.000000 -77.663910
4100.000000 -77.755539
4150.000000 -78.639359
4200.000000 -79.040573
4250.000000 -80.142448
4300.000000 -80.052650
4350.000000 -80.798485
4400.000000 -80.921402
4450.000000 -80.554924
4500.000000 -80.786873
4550.000000 -81.487679
4600.000000 -81.956253
4650.000000 -82.231155
4700.000000 -82.411217
4750.000000 -81.109100
4800.000000 -81.934692
4850.000000 -83.178932
4900.000000 -82.299973
4950.000000 -82.430489
5000.000000 -82.733780
5050.000000 -83.121780
5100.000000 -82.746498
5150.000000 -83.169380
5200.000000 -83.215317
5250.000000 -85.310371
5300.000000 -84.876823
5350.000000 -84.586617
5400.000000 -85.109970
5450.000000 -83.908157
5500.000000 -84.347237
5550.000000 -83.238373
5600.000000 -84.110023
5650.000000 -83.908157
5700.000000 -82.735596
5750.000000 -83.680458
5800.000000 -84.430740
5850.000000 -83.891548
5900.000000 -85.069481
5950.000000 -84.271049
6000.000000 -87.275490
6050.000000 -87.660614
6100.000000 -87.695908
6150.000000 -86.544510
6200.000000 -86.615181
6250.000000 -86.680710
6300.000000 -87.395760
6350.000000 -86.446518
6400.000000 -89.106392
6450.000000 -88.754387
6500.000000 -87.374054
6550.000000 -89.868698
6600.000000 -88.532120
6650.000000 -89.386917
6700.000000 -88.596069
6750.000000 -87.461220
6800.000000 -85.613602
6850.000000 -86.830727
6900.000000 -88.893486
6950.000000 -87.175003
7000.000000 -90.141273
7050.000000 -86.524818
7100.000000 -90.902077
7150.000000 -87.584114
7200.000000 -87.126694
7250.000000 -85.126694
7300.000000 -86.213242
7350.000000 -85.782166
7400.000000 -86.261971
7450.000000 -85.393822
7500.000000 -86.833633
7550.000000 -86.983368
7600.000000 -89.668732
7650.000000 -90.149796
7700.000000 -89.568459
7750.000000 -90.213989
7800.000000 -86.541687
7850.000000 -89.336296
7900.000000 -89.046097
7950.000000 -89.426140
8000.000000 -92.539818
8050.000000 -90.309052
8100.000000 -89.745728
8150.000000 -91.844139
8200.000000 -95.130791
8250.000000 -92.091194
8300.000000 -93.646080
8350.000000 -91.233826
8400.000000 -94.117828
8450.000000 -94.151566
8500.000000 -90.686241
8550.000000 -90.502235
8600.000000 -90.304672
8650.000000 -91.200073
8700.000000 -90.995575
8750.000000 -91.019112
8800.000000 -90.745407
8850.000000 -88.790779
8900.000000 -89.251289
8950.000000 -89.125320
9000.000000 -91.355446
9050.000000 -91.128189
9100.000000 -92.989189
9150.000000 -93.768105
9200.000000 -91.715530
9250.000000 -93.456841
9300.000000 -91.875290
9350.000000 -88.739876
9400.000000 -92.883400
9450.000000 -92.489426
9500.000000 -92.059265
9550.000000 -93.569885
9600.000000 -94.482231
9650.000000 -94.363678
9700.000000 -93.036621
9750.000000 -90.265694
9800.000000 -90.209694
9850.000000 -93.977570
9900.000000 -89.644562
9950.000000 -91.613998
10000.000000 -90.981491
10050.000000 -93.078331
10100.000000 -90.560158
10150.000000 -90.892784
10200.000000 -92.647156
10250.000000 -87.809151
10300.000000 -88.298157
10350.000000 -91.751350
10400.000000 -89.332413
10450.000000 -90.274338
10500.000000 -91.061630
10550.000000 -90.056488
10600.000000 -91.404572
10650.000000 -90.022804
10700.000000 -88.617485
10750.000000 -91.563675
10800.000000 -90.524467
10850.000000 -89.465385
10900.000000 -92.744331
10950.000000 -91.090096
11000.000000 -91.807938
11050.000000 -97.139267
11100.000000 -91.598877
11150.000000 -91.823433
11200.000000 -91.828606
11250.000000 -90.471207
11300.000000 -92.456001
11350.000000 -91.434181
11400.000000 -92.428368
11450.000000 -90.897430
11500.000000 -92.150047
11550.000000 -93.204697
11600.000000 -89.688927
11650.000000 -91.563675
11700.000000 -91.113884
11750.000000 -89.737587
11800.000000 -91.090096
11850.000000 -90.213989
11900.000000 -91.932693
11950.000000 -88.134331
12000.000000 -88.856667
12050.000000 -92.247223
12100.000000 -91.695129
12150.000000 -91.185646
12200.000000 -88.816338
12250.000000 -91.028542
12300.000000 -88.834648
12350.000000 -90.591507
12400.000000 -88.236359
12450.000000 -93.271629
12500.000000 -91.974678
12550.000000 -91.639275
12600.000000 -92.669922
12650.000000 -91.705322
12700.000000 -92.959671
12750.000000 -97.235138
12800.000000 -93.826508
12850.000000 -94.503326
12900.000000 -90.972107
12950.000000 -91.787315
13000.000000 -93.885307
13050.000000 -90.578056
13100.000000 -91.751350
13150.000000 -89.608429
13200.000000 -90.832611
13250.000000 -91.291992
13300.000000 -92.318085
13350.000000 -91.350548
13400.000000 -90.462364
13450.000000 -92.395042
13500.000000 -90.124245
13550.000000 -89.332413
13600.000000 -94.004112
13650.000000 -92.635796
13700.000000 -92.091194
13750.000000 -91.705322
13800.000000 -90.818787
13850.000000 -92.506195
13900.000000 -89.806999
13950.000000 -91.224167
14000.000000 -94.363678
14050.000000 -91.639275
14100.000000 -89.004890
14150.000000 -88.986221
14200.000000 -89.270531
14250.000000 -91.113884
14300.000000 -86.807472
14350.000000 -90.681709
14400.000000 -91.444077
14450.000000 -88.978767
14500.000000 -89.588417
14550.000000 -91.870087
14600.000000 -89.548538
14650.000000 -91.253166
14700.000000 -92.203896
14750.000000 -89.733521
14800.000000 -88.864014
14850.000000 -89.209099
14900.000000 -89.289825
14950.000000 -89.652611
15000.000000 -86.950851
15050.000000 -90.851082
15100.000000 -90.326408
15150.000000 -91.553650
15200.000000 -89.935005
15250.000000 -88.164810
15300.000000 -88.168243
15350.000000 -86.874481
15400.000000 -91.777023
15450.000000 -91.634216
15500.000000 -92.889244
15550.000000 -93.001022
15600.000000 -92.989189
15650.000000 -91.483757
15700.000000 -96.183212
15750.000000 -91.533623
15800.000000 -91.958908
15850.000000 -91.214523
15900.000000 -91.009689
15950.000000 -90.897430
16000.000000 -92.906799
16050.000000 -94.475212
16100.000000 -94.980774
16150.000000 -91.849319
16200.000000 -93.761642
16250.000000 -93.859123
16300.000000 -91.340759
16350.000000 -90.800377
16400.000000 -92.038040
16450.000000 -89.868698
16500.000000 -91.075851
16550.000000 -89.733521
16600.000000 -91.528625
16650.000000 -87.825447
16700.000000 -89.496971
16750.000000 -89.616447
16800.000000 -91.316338
16850.000000 -89.596420
16900.000000 -90.609474
16950.000000 -92.807793
17000.000000 -90.772850
17050.000000 -92.318085
17100.000000 -91.766747
17150.000000 -93.351402
17200.000000 -91.746223
17250.000000 -88.610344
17300.000000 -88.823662
17350.000000 -89.301414
17400.000000 -89.023598
17450.000000 -90.449112
17500.000000 -89.672768
17550.000000 -90.035423
17600.000000 -91.995750
17650.000000 -90.902077
17700.000000 -92.389526
17750.000000 -95.368568
17800.000000 -93.481834
17850.000000 -91.715530
17900.000000 -91.023827
17950.000000 -92.230949
18000.000000 -93.469330
18050.000000 -90.699860
18100.000000 -91.782173
18150.000000 -92.687035
18200.000000 -92.198502
18250.000000 -93.904999
18300.000000 -95.147919
18350.000000 -92.350983
18400.000000 -92.395042
18450.000000 -92.556679
18500.000000 -91.593834
18550.000000 -93.036621
18600.000000 -90.035423
18650.000000 -91.823433
18700.000000 -92.411629
18750.000000 -89.046097
18800.000000 -91.019112
18850.000000 -89.113960
18900.000000 -89.151886
18950.000000 -89.656639
19000.000000 -90.440292
19050.000000 -88.989952
19100.000000 -93.090286
19150.000000 -85.993614
19200.000000 -89.762024
19250.000000 -86.564240
19300.000000 -89.220581
19350.000000 -92.836800
19400.000000 -91.603912
19450.000000 -91.710426
19500.000000 -94.336014
19550.000000 -90.022804
19600.000000 -93.150314
19650.000000 -92.384010
19700.000000 -91.156868
19750.000000 -91.654472
19800.000000 -91.669693
19850.000000 -92.117897
19900.000000 -90.934692
19950.000000 -93.066391
20000.000000 -91.449028
20050.000000 -92.687035
20100.000000 -95.077988
20150.000000 -93.538338
20200.000000 -91.453979
20250.000000 -94.702682
20300.000000 -91.370155
20350.000000 -94.645256
20400.000000 -96.030823
20450.000000 -92.727104
20500.000000 -91.700226
20550.000000 -89.465385
20600.000000 -90.343826
20650.000000 -94.630959
20700.000000 -94.384483
20750.000000 -94.524467
20800.000000 -90.274338
20850.000000 -94.524605
20900.000000 -93.944504
20950.000000 -93.519463
21000.000000 -96.312279
21050.000000 -91.782173
21100.000000 -89.774261
21150.000000 -90.027008
21200.000000 -90.239807
21250.000000 -80.736229
21300.000000 -68.339935
21350.000000 -63.620930
21400.000000 -60.607071
21450.000000 -58.970825
21500.000000 -57.849289
21550.000000 -57.437283
21600.000000 -56.971718
21650.000000 -56.967041
21700.000000 -57.441624
21750.000000 -58.038509
21800.000000 -59.094013
21850.000000 -60.591888
21900.000000 -62.979607
21950.000000 -66.103966
22000.000000 -69.365059
22050.000000 -67.700394
22100.000000 -64.334991
22150.000000 -61.989178
22200.000000 -60.827297
22250.000000 -59.688751
22300.000000 -58.997829
22350.000000 -58.690273
22400.000000 -58.738392
22450.000000 -58.957767
22500.000000 -59.419949
22550.000000 -60.244221
22600.000000 -61.634083
22650.000000 -62.808353
22700.000000 -64.848976
22750.000000 -66.231483
22800.000000 -65.499260
22850.000000 -63.721043
22900.000000 -62.324875
22950.000000 -61.141834
23000.000000 -60.352444
23050.000000 -59.924263
23100.000000 -59.692848
23150.000000 -59.548214
23200.000000 -60.046913
23250.000000 -60.504490
23300.000000 -61.316654
23350.000000 -62.055252
23400.000000 -62.927097
23450.000000 -64.165070
23500.000000 -64.514549
23550.000000 -64.209503
23600.000000 -63.207443
23650.000000 -62.487118
23700.000000 -61.769508
23750.000000 -61.030544
23800.000000 -60.835026
23850.000000 -60.565102
23900.000000 -60.585918
23950.000000 -60.944565
24000.000000 -61.449062
24050.000000 -61.878403
24100.000000 -62.468784
24150.000000 -63.168991
24200.000000 -63.382137
24250.000000 -63.509045
24300.000000 -63.260910
24350.000000 -62.563873
24400.000000 -62.294270
24450.000000 -61.825420
24500.000000 -61.498058
24550.000000 -61.268669
24600.000000 -61.319122
24650.000000 -61.413120
24700.000000 -61.518082
24750.000000 -61.751167
24800.000000 -62.307751
24850.000000 -62.532063
24900.000000 -62.987640
24950.000000 -63.188290
25000.000000 -62.681103
25050.000000 -62.718178
25100.000000 -62.387802
25150.000000 -62.281162
25200.000000 -61.590042
25250.000000 -61.829018
25300.000000 -61.688000
25350.000000 -61.929062
25400.000000 -62.021736
25450.000000 -62.112026
25500.000000 -62.252254
25550.000000 -62.487827
25600.000000 -62.335621
25650.000000 -62.166622
25700.000000 -62.280815
25750.000000 -62.457348
25800.000000 -62.158291
25850.000000 -62.241611
25900.000000 -62.223103
25950.000000 -62.007362
26000.000000 -62.086880
26050.000000 -61.999683
26100.000000 -62.183475
26150.000000 -61.941814
26200.000000 -62.037304
26250.000000 -62.421894
26300.000000 -62.252426
26350.000000 -62.324699
26400.000000 -62.336140
26450.000000 -62.523552
26500.000000 -62.260887
26550.000000 -62.139790
26600.000000 -62.239723
26650.000000 -62.193539
26700.000000 -62.329552
26750.000000 -62.196438
26800.000000 -62.267555
26850.000000 -62.048035
26900.000000 -62.060963
26950.000000 -62.014881
27000.000000 -62.217457
27050.000000 -62.081150
27100.000000 -62.311546
27150.000000 -62.227043
27200.000000 -62.390945
27250.000000 -62.556042
27300.000000 -62.509029
27350.000000 -62.499130
27400.000000 -62.612259
27450.000000 -62.510094
27500.000000 -62.195927
27550.000000 -62.276852
27600.000000 -62.139282
27650.000000 -61.985680
27700.000000 -61.962887
27750.000000 -62.140129
27800.000000 -62.123360
27850.000000 -62.293751
27900.000000 -62.295994
27950.000000 -62.308605
28000.000000 -62.529045
28050.000000 -62.622467
28100.000000 -62.661453
28150.000000 -62.573494
28200.000000 -62.640411
28250.000000 -62.410339
28300.000000 -62.280125
28350.000000 -62.090588
28400.000000 -61.954750
28450.000000 -61.968540
28500.000000 -62.162880
28550.000000 -61.992512
28600.000000 -61.898994
28650.000000 -62.299450
28700.000000 -62.465263
28750.000000 -62.626953
28800.000000 -62.647781
28850.000000 -62.660374
28900.000000 -62.357498
28950.000000 -62.319332
29000.000000 -62.293060
29050.000000 -62.060963
29100.000000 -62.243328
29150.000000 -62.242470
29200.000000 -62.175129
29250.000000 -62.120144
29300.000000 -62.254490
29350.000000 -62.435741
29400.000000 -62.487297
29450.000000 -62.599735
29500.000000 -62.401947
29550.000000 -62.441883
29600.000000 -62.699711
29650.000000 -62.633053
29700.000000 -62.226871
29750.000000 -62.394085
29800.000000 -62.230125
29850.000000 -62.304802
29900.000000 -62.354023
29950.000000 -61.895859
30000.000000 -62.253975
30050.000000 -62.141315
30100.000000 -62.280125
30150.000000 -62.293922
30200.000000 -62.400024
30250.000000 -62.443638
30300.000000 -62.543243
30350.000000 -62.369850
30400.000000 -62.468433
30450.000000 -62.557110
30500.000000 -62.404568
30550.000000 -62.538803
30600.000000 -62.532066
30650.000000 -62.187397
30700.000000 -62.338394
30750.000000 -62.127422
30800.000000 -62.399502
30850.000000 -62.039650
30900.000000 -62.116760
30950.000000 -62.321064
31000.000000 -62.152176
31050.000000 -62.442410
31100.000000 -62.517704
31150.000000 -62.409641
31200.000000 -62.465088
31250.000000 -62.382744
31300.000000 -62.292370
31350.000000 -62.279438
31400.000000 -62.288921
31450.000000 -61.987011
31500.000000 -62.071388
31550.000000 -62.239555
31600.000000 -62.391117
31650.000000 -62.589729
31700.000000 -62.475834
31750.000000 -62.758686
31800.000000 -62.526741
31850.000000 -62.625874
31900.000000 -62.432056
31950.000000 -62.343773
32000.000000 -62.205318
32050.000000 -62.058277
32100.000000 -61.954586
32150.000000 -61.941151
32200.000000 -62.145557
32250.000000 -62.164070
32300.000000 -62.296513
32350.000000 -62.412964
32400.000000 -62.597233
32450.000000 -62.588299
32500.000000 -62.733776
32550.000000 -62.766518
32600.000000 -62.607784
32650.000000 -62.441708
32700.000000 -62.439602
32750.000000 -62.152348
32800.000000 -62.287193
32850.000000 -62.211472
32900.000000 -62.120144
32950.000000 -62.227215
33000.000000 -62.314312
33050.000000 -62.370548
33100.000000 -62.491001
33150.000000 -62.663433
33200.000000 -62.580269
33250.000000 -62.733051
33300.000000 -62.644184
33350.000000 -62.545200
33400.000000 -62.559422
33450.000000 -62.318813
33500.000000 -62.310162
33550.000000 -62.327644
33600.000000 -62.330936
33650.000000 -62.455940
33700.000000 -62.341518
33750.000000 -62.534012
33800.000000 -62.570641
33850.000000 -62.564228
33900.000000 -62.561024
33950.000000 -62.652454
34000.000000 -62.751587
34050.000000 -62.687782
34100.000000 -62.634487
34150.000000 -62.598125
34200.000000 -62.271687
34250.000000 -62.395309
34300.000000 -62.426273
34350.000000 -62.441708
34400.000000 -62.178024
34450.000000 -62.374729
34500.000000 -62.374901
34550.000000 -62.654613
34600.000000 -62.632511
34650.000000 -62.789879
34700.000000 -62.762695
34750.000000 -62.589371
34800.000000 -62.550350
34850.000000 -62.367588
34900.000000 -62.405270
34950.000000 -62.451546
35000.000000 -62.122345
35050.000000 -62.222248
35100.000000 -62.379086
35150.000000 -62.427322
35200.000000 -62.570641
35250.000000 -62.669018
35300.000000 -62.855728
35350.000000 -62.715275
35400.000000 -62.643288
35450.000000 -62.634846
35500.000000 -62.549465
35550.000000 -62.359932
35600.000000 -62.289265
35650.000000 -62.338741
35700.000000 -62.232697
35750.000000 -62.051559
35800.000000 -62.323833
35850.000000 -62.460865
35900.000000 -62.252598
35950.000000 -62.326607
36000.000000 -62.676231
36050.000000 -62.346031
36100.000000 -62.443291
36150.000000 -62.520893
36200.000000 -62.521248
36250.000000 -62.198997
36300.000000 -62.364281
36350.000000 -62.272720
36400.000000 -62.436268
36450.000000 -62.378040
36500.000000 -62.593479
36550.000000 -62.494183
36600.000000 -62.674969
36650.000000 -62.726517
36700.000000 -62.692478
36750.000000 -62.597588
36800.000000 -62.686157
36850.000000 -62.500366
36900.000000 -62.420315
36950.000000 -62.689045
37000.000000 -62.426449
37050.000000 -62.447502
37100.000000 -62.630718
37150.000000 -62.473717
37200.000000 -62.524612
37250.000000 -62.416645
37300.000000 -62.342731
37350.000000 -62.465088
37400.000000 -62.212154
37450.000000 -62.376297
37500.000000 -62.570999
37550.000000 -62.661812
37600.000000 -62.586693
37650.000000 -62.848553
37700.000000 -62.702423
37750.000000 -62.795727
37800.000000 -62.819714
37850.000000 -62.733776
37900.000000 -62.452599
37950.000000 -62.723068
38000.000000 -62.642208
38050.000000 -62.444340
38100.000000 -62.378735
38150.000000 -62.428375
38200.000000 -62.433460
38250.000000 -62.403870
38300.000000 -62.320892
38350.000000 -62.538273
38400.000000 -62.700794
38450.000000 -62.690670
38500.000000 -62.594910
38550.000000 -62.638256
38600.000000 -62.528336
38650.000000 -62.591873
38700.000000 -62.537029
38750.000000 -62.398804
38800.000000 -62.463329
38850.000000 -62.429779
38900.000000 -62.455940
38950.000000 -62.693924
39000.000000 -62.677673
39050.000000 -62.490120
39100.000000 -62.578129
39150.000000 -62.479710
39200.000000 -62.455059
39250.000000 -62.522667
39300.000000 -62.419266
39350.000000 -62.494183
39400.000000 -62.413666
39450.000000 -62.409988
39500.000000 -62.444870
39550.000000 -62.413837
39600.000000 -62.618168
39650.000000 -62.508678
39700.000000 -62.601345
39750.000000 -62.547863
39800.000000 -62.567970
39850.000000 -62.577595
39900.000000 -62.293751
39950.000000 -62.308952
40000.000000 -62.543777
