0.000000 -59.592617
50.000000 -59.476044
100.000000 -59.279999
150.000000 -59.499908
200.000000 -59.313610
250.000000 -59.122478
300.000000 -59.261723
350.000000 -59.374447
400.000000 -59.086853
450.000000 -59.528358
500.000000 -59.554127
550.000000 -59.497406
600.000000 -59.603878
650.000000 -59.533253
700.000000 -59.731693
750.000000 -59.834721
800.000000 -59.749447
850.000000 -59.584274
900.000000 -59.555511
950.000000 -59.558666
1000.000000 -59.339859
1050.000000 -59.532875
1100.000000 -59.295139
1150.000000 -59.432354
1200.000000 -59.412888
1250.000000 -59.461826
1300.000000 -59.526100
1350.000000 -59.523586
1400.000000 -59.666912
1450.000000 -59.795795
1500.000000 -60.108963
1550.000000 -60.484570
1600.000000 -60.819576
1650.000000 -60.827152
1700.000000 -61.221706
1750.000000 -61.738689
1800.000000 -61.626408
1850.000000 -61.937340
1900.000000 -62.422417
1950.000000 -62.708035
2000.000000 -62.851681
2050.000000 -63.351280
2100.000000 -63.408783
2150.000000 -63.835091
2200.000000 -64.109802
2250.000000 -64.573357
2300.000000 -64.731644
2350.000000 -65.125725
2400.000000 -65.317451
2450.000000 -65.536034
2500.000000 -65.824295
2550.000000 -66.102364
2600.000000 -66.093269
2650.000000 -66.255966
2700.000000 -66.610062
2750.000000 -67.016586
2800.000000 -67.344353
2850.000000 -67.837845
2900.000000 -67.886673
2950.000000 -68.394806
3000.000000 -68.752205
3050.000000 -68.999275
3100.000000 -69.389641
3150.000000 -69.444115
3200.000000 -69.937904
3250.000000 -69.756302
3300.000000 -70.283852
3350.000000 -70.487579
3400.000000 -70.703934
3450.000000 -70.858467
3500.000000 -71.496681
3550.000000 -71.590294
3600.000000 -71.812050
3650.000000 -72.019493
3700.000000 -72.087448
3750.000000 -72.629532
3800.000000 -72.796204
3850.000000 -72.673889
3900.000000 -73.030655
3950.000000 -73.385353
4000.000000 -73.908913
4050.000000 -73.986168
4100.000000 -74.408096
4150.000000 -74.596710
4200.000000 -75.652283
4250.000000 -75.559586
4300.000000 -75.448219
4350.000000 -76.088898
4400.000000 -76.616585
4450.000000 -77.104980
4500.000000 -78.003685
4550.000000 -78.869011
4600.000000 -78.655235
4650.000000 -79.197441
4700.000000 -78.929726
4750.000000 -79.433846
4800.000000 -79.751251
4850.000000 -80.778168
4900.000000 -80.154587
4950.000000 -80.843643
5000.000000 -81.432800
5050.000000 -80.766579
5100.000000 -81.308647
5150.000000 -81.614433
5200.000000 -81.617630
5250.000000 -81.962891
5300.000000 -83.036766
5350.000000 -81.801582
5400.000000 -83.719078
5450.000000 -82.782944
5500.000000 -82.969345
5550.000000 -83.175110
5600.000000 -83.288551
5650.000000 -85.565674
5700.000000 -85.239822
5750.000000 -84.559692
5800.000000 -85.383965
5850.000000 -86.603836
5900.000000 -84.756821
5950.000000 -85.885941
6000.000000 -86.156319
6050.000000 -86.256516
6100.000000 -85.904228
6150.000000 -87.211403
6200.000000 -87.211403
6250.000000 -88.830978
6300.000000 -86.429832
6350.000000 -86.009483
6400.000000 -87.638237
6450.000000 -87.202293
6500.000000 -89.132904
6550.000000 -89.410385
6600.000000 -91.219345
6650.000000 -89.843964
6700.000000 -95.368568
6750.000000 -88.256905
6800.000000 -92.133957
6850.000000 -91.777023
6900.000000 -95.298859
6950.000000 -92.715637
7000.000000 -91.634216
7050.000000 -91.634216
7100.000000 -91.548637
7150.000000 -95.329773
7200.000000 -91.828606
7250.000000 -91.715530
7300.000000 -94.294685
7350.000000 -90.986183
7400.000000 -92.160789
7450.000000 -92.936134
7500.000000 -92.053955
7550.000000 -90.636490
7600.000000 -92.517387
7650.000000 -93.210762
7700.000000 -91.859703
7750.000000 -93.820000
7800.000000 -91.200089
7850.000000 -90.573578
7900.000000 -92.301682
7950.000000 -92.936134
8000.000000 -91.142517
8050.000000 -93.729385
8100.000000 -91.399643
8150.000000 -91.854507
8200.000000 -91.948410
8250.000000 -88.787132
8300.000000 -93.174446
8350.000000 -90.827995
8400.000000 -93.957718
8450.000000 -91.756477
8500.000000 -91.854530
8550.000000 -90.488930
8600.000000 -90.911385
8650.000000 -93.722946
8700.000000 -92.545433
8750.000000 -92.323555
8800.000000 -90.672646
8850.000000 -93.345238
8900.000000 -94.638100
8950.000000 -95.597054
9000.000000 -93.525749
9050.000000 -93.997467
9100.000000 -94.573997
9150.000000 -91.156868
9200.000000 -92.930260
9250.000000 -92.918518
9300.000000 -90.906731
9350.000000 -91.253166
9400.000000 -92.080544
9450.000000 -92.361977
9500.000000 -92.133957
9550.000000 -91.085342
9600.000000 -91.004982
9650.000000 -91.243492
9700.000000 -91.335869
9750.000000 -91.424301
9800.000000 -97.489479
9850.000000 -90.111504
9900.000000 -89.414299
9950.000000 -90.795784
10000.000000 -94.336014
10050.000000 -91.180847
10100.000000 -91.695129
10150.000000 -88.010124
10200.000000 -90.972221
10250.000000 -91.258011
10300.000000 -88.689270
10350.000000 -89.205269
10400.000000 -87.702339
10450.000000 -89.278244
10500.000000 -88.585381
10550.000000 -91.042709
10600.000000 -89.068665
10650.000000 -87.542953
10700.000000 -89.684898
10750.000000 -87.184090
10800.000000 -86.600998
10850.000000 -87.386452
10900.000000 -87.986824
10950.000000 -88.510910
11000.000000 -89.852203
11050.000000 -89.806999
11100.000000 -92.624443
11150.000000 -91.720642
11200.000000 -88.721771
11250.000000 -89.770180
11300.000000 -90.772850
11350.000000 -86.827812
11400.000000 -86.842384
11450.000000 -90.591507
11500.000000 -90.659065
11550.000000 -87.451843
11600.000000 -91.394722
11650.000000 -91.563675
11700.000000 -88.739876
11750.000000 -91.639275
11800.000000 -92.613113
11850.000000 -93.944504
11900.000000 -93.820000
11950.000000 -89.592415
12000.000000 -90.179695
12050.000000 -89.737587
12100.000000 -90.736275
12150.000000 -90.851082
12200.000000 -89.889366
12250.000000 -93.138275
12300.000000 -91.253166
12350.000000 -91.258072
12400.000000 -89.144287
12450.000000 -89.136696
12500.000000 -93.186531
12550.000000 -92.647156
12600.000000 -93.066391
12650.000000 -90.252739
12700.000000 -91.953659
12750.000000 -90.672646
12800.000000 -91.262856
12850.000000 -88.107323
12900.000000 -90.278671
12950.000000 -87.081650
13000.000000 -90.119995
13050.000000 -90.213989
13100.000000 -87.558762
13150.000000 -88.253479
13200.000000 -88.923058
13250.000000 -90.573601
13300.000000 -89.628487
13350.000000 -91.287125
13400.000000 -90.878860
13450.000000 -90.365662
13500.000000 -95.750076
13550.000000 -95.831741
13600.000000 -92.395042
13650.000000 -93.538338
13700.000000 -92.854248
13750.000000 -93.001022
13800.000000 -94.702682
13850.000000 -94.862595
13900.000000 -92.160789
13950.000000 -92.214706
14000.000000 -95.018036
14050.000000 -91.085342
14100.000000 -93.456841
14150.000000 -94.017418
14200.000000 -93.108253
14250.000000 -92.378494
14300.000000 -90.183975
14350.000000 -91.761612
14400.000000 -95.597054
14450.000000 -97.016197
14500.000000 -92.539818
14550.000000 -91.094849
14600.000000 -91.085342
14650.000000 -91.243492
14700.000000 -89.313026
14750.000000 -89.910080
14800.000000 -91.253166
14850.000000 -94.207802
14900.000000 -92.539818
14950.000000 -94.280952
15000.000000 -92.738586
15050.000000 -91.654472
15100.000000 -91.849319
15150.000000 -94.315323
15200.000000 -89.893509
15250.000000 -92.947891
15300.000000 -90.326408
15350.000000 -90.650032
15400.000000 -88.164810
15450.000000 -91.695129
15500.000000 -89.410385
15550.000000 -89.717285
15600.000000 -93.904999
15650.000000 -93.678024
15700.000000 -91.365250
15750.000000 -90.488930
15800.000000 -95.462387
15850.000000 -90.064926
15900.000000 -88.689270
15950.000000 -93.475578
16000.000000 -94.212608
16050.000000 -91.248329
16100.000000 -89.239761
16150.000000 -89.922539
16200.000000 -87.858139
16250.000000 -89.091278
16300.000000 -86.569885
16350.000000 -89.922539
16400.000000 -88.949005
16450.000000 -90.098778
16500.000000 -92.091194
16550.000000 -91.854507
16600.000000 -92.727104
16650.000000 -90.466789
16700.000000 -88.787132
16750.000000 -90.309013
16800.000000 -90.731720
16850.000000 -90.613968
16900.000000 -89.922539
16950.000000 -88.388199
17000.000000 -92.971466
17050.000000 -91.578743
17100.000000 -89.560486
17150.000000 -89.008629
17200.000000 -89.394730
17250.000000 -88.000130
17300.000000 -93.475578
17350.000000 -90.555695
17400.000000 -90.209747
17450.000000 -88.117439
17500.000000 -91.190475
17550.000000 -90.520020
17600.000000 -92.176933
17650.000000 -94.064133
17700.000000 -94.037407
17750.000000 -94.433220
17800.000000 -92.101868
17850.000000 -91.538628
17900.000000 -90.196823
17950.000000 -89.636520
18000.000000 -93.525772
18050.000000 -91.365250
18100.000000 -92.334518
18150.000000 -89.628487
18200.000000 -89.660667
18250.000000 -90.427071
18300.000000 -88.553383
18350.000000 -89.713226
18400.000000 -87.993469
18450.000000 -90.453529
18500.000000 -91.118652
18550.000000 -89.885231
18600.000000 -92.361977
18650.000000 -90.878860
18700.000000 -92.439331
18750.000000 -96.711395
18800.000000 -92.989189
18850.000000 -95.206779
18900.000000 -91.513641
18950.000000 -93.997467
19000.000000 -94.192215
19050.000000 -94.510368
19100.000000 -91.807938
19150.000000 -92.340004
19200.000000 -93.626968
19250.000000 -93.425697
19300.000000 -94.084229
19350.000000 -93.006943
19400.000000 -92.085869
19450.000000 -91.583771
19500.000000 -92.641472
19550.000000 -94.004112
19600.000000 -92.825188
19650.000000 -90.069153
19700.000000 -92.417160
19750.000000 -93.138275
19800.000000 -92.389526
19850.000000 -94.573997
19900.000000 -94.496284
19950.000000 -91.568695
20000.000000 -92.813591
20050.000000 -92.900940
20100.000000 -90.488930
20150.000000 -93.620613
20200.000000 -94.531525
20250.000000 -91.171249
20300.000000 -89.972527
20350.000000 -91.777023
20400.000000 -88.827324
20450.000000 -91.404572
20500.000000 -90.578056
20550.000000 -94.517410
20600.000000 -91.787315
20650.000000 -90.124245
20700.000000 -93.241142
20750.000000 -90.883499
20800.000000 -91.132965
20850.000000 -92.236366
20900.000000 -92.350983
20950.000000 -90.145531
21000.000000 -92.155418
21050.000000 -87.147797
21100.000000 -87.084648
21150.000000 -85.940926
21200.000000 -87.448715
21250.000000 -89.959999
21300.000000 -90.722603
21350.000000 -88.967598
21400.000000 -79.220436
21450.000000 -68.474609
21500.000000 -63.342709
21550.000000 -60.292198
21600.000000 -58.931244
21650.000000 -57.394169
21700.000000 -56.197025
21750.000000 -55.475018
21800.000000 -54.774467
21850.000000 -54.568794
21900.000000 -54.451992
21950.000000 -54.540684
22000.000000 -54.801159
22050.000000 -55.015392
22100.000000 -55.498508
22150.000000 -56.250916
22200.000000 -57.070286
22250.000000 -58.422035
22300.000000 -59.639023
22350.000000 -61.196270
22400.000000 -62.772717
22450.000000 -64.617905
22500.000000 -65.143921
22550.000000 -63.550835
22600.000000 -61.691219
22650.000000 -60.813606
22700.000000 -59.276340
22750.000000 -58.244595
22800.000000 -57.651150
22850.000000 -57.207577
22900.000000 -56.802235
22950.000000 -56.568859
23000.000000 -56.715355
23050.000000 -56.673054
23100.000000 -56.939884
23150.000000 -57.109440
23200.000000 -57.345997
23250.000000 -58.201500
23300.000000 -58.931126
23350.000000 -59.498783
23400.000000 -60.498032
23450.000000 -60.880966
23500.000000 -61.631363
23550.000000 -61.689610
23600.000000 -61.678669
23650.000000 -61.135639
23700.000000 -60.297409
23750.000000 -59.977234
23800.000000 -59.454235
23850.000000 -58.864120
23900.000000 -58.493721
23950.000000 -57.981907
24000.000000 -57.922646
24050.000000 -57.871460
24100.000000 -57.674644
24150.000000 -57.814800
24200.000000 -57.772240
24250.000000 -58.276276
24300.000000 -58.344902
24350.000000 -58.714588
24400.000000 -59.264641
24450.000000 -59.532249
24500.000000 -59.774204
24550.000000 -60.356033
24600.000000 -60.464272
24650.000000 -60.574440
24700.000000 -60.369301
24750.000000 -59.982655
24800.000000 -60.101181
24850.000000 -59.414745
24900.000000 -59.124756
24950.000000 -59.184517
25000.000000 -58.803970
25050.000000 -58.689705
25100.000000 -58.530125
25150.000000 -58.568031
25200.000000 -58.651489
25250.000000 -58.543228
25300.000000 -58.719959
25350.000000 -58.849594
25400.000000 -59.034752
25450.000000 -59.224548
25500.000000 -59.424164
25550.000000 -59.635719
25600.000000 -59.863247
25650.000000 -59.876957
25700.000000 -59.872513
25750.000000 -60.155792
25800.000000 -60.075073
25850.000000 -59.904831
25900.000000 -59.795666
25950.000000 -59.486031
26000.000000 -59.277927
26050.000000 -58.987915
26100.000000 -58.970001
26150.000000 -58.790588
26200.000000 -58.776070
26250.000000 -58.641281
26300.000000 -58.550182
26350.000000 -58.698368
26400.000000 -58.829880
26450.000000 -58.977776
26500.000000 -58.882160
26550.000000 -58.976597
26600.000000 -59.397289
26650.000000 -59.397415
26700.000000 -59.563702
26750.000000 -59.651108
26800.000000 -59.825493
26850.000000 -59.764786
26900.000000 -59.631653
26950.000000 -59.688110
27000.000000 -59.528862
27050.000000 -59.391605
27100.000000 -59.431984
27150.000000 -59.105724
27200.000000 -59.091026
27250.000000 -58.865166
27300.000000 -58.941326
27350.000000 -58.975536
27400.000000 -59.042110
27450.000000 -59.112301
27500.000000 -59.339001
27550.000000 -59.153084
27600.000000 -59.591984
27650.000000 -59.563953
27700.000000 -59.661682
27750.000000 -59.548840
27800.000000 -59.735935
27850.000000 -59.515308
27900.000000 -59.700268
27950.000000 -59.701675
28000.000000 -59.311165
28050.000000 -59.335072
28100.000000 -59.418091
28150.000000 -59.208801
28200.000000 -59.309937
28250.000000 -59.186207
28300.000000 -59.202274
28350.000000 -59.220795
28400.000000 -59.020889
28450.000000 -59.072071
28500.000000 -59.044601
28550.000000 -59.188866
28600.000000 -59.263058
28650.000000 -59.405331
28700.000000 -59.431362
28750.000000 -59.556774
28800.000000 -59.578716
28850.000000 -59.693741
28900.000000 -59.691563
28950.000000 -59.596535
29000.000000 -59.471176
29050.000000 -59.285858
29100.000000 -59.322681
29150.000000 -59.426399
29200.000000 -59.236919
29250.000000 -59.107517
29300.000000 -59.180416
29350.000000 -58.966473
29400.000000 -59.059097
29450.000000 -59.058624
29500.000000 -59.079102
29550.000000 -59.055767
29600.000000 -59.177647
29650.000000 -59.282318
29700.000000 -59.465317
29750.000000 -59.415363
29800.000000 -59.439686
29850.000000 -59.487156
29900.000000 -59.405582
29950.000000 -59.648567
30000.000000 -59.419453
30050.000000 -59.387405
30100.000000 -59.508293
30150.000000 -59.292576
30200.000000 -59.402485
30250.000000 -59.315697
30300.000000 -59.182102
30350.000000 -59.229034
30400.000000 -59.033329
30450.000000 -59.215462
30500.000000 -59.183674
30550.000000 -59.109909
30600.000000 -59.193207
30650.000000 -59.352890
30700.000000 -59.394821
30750.000000 -59.497658
30800.000000 -59.475418
30850.000000 -59.415981
30900.000000 -59.582882
30950.000000 -59.566349
31000.000000 -59.373215
31050.000000 -59.667168
31100.000000 -59.378517
31150.000000 -59.354122
31200.000000 -59.365204
31250.000000 -59.336422
31300.000000 -59.221638
31350.000000 -59.253929
31400.000000 -59.187412
31450.000000 -59.261234
31500.000000 -59.252598
31550.000000 -59.170776
31600.000000 -59.304066
31650.000000 -59.174267
31700.000000 -59.261841
31750.000000 -59.220306
31800.000000 -59.221764
31850.000000 -59.204571
31900.000000 -59.223942
31950.000000 -59.422432
32000.000000 -59.423672
32050.000000 -59.555641
32100.000000 -59.409668
32150.000000 -59.606792
32200.000000 -59.565090
32250.000000 -59.489902
32300.000000 -59.545948
32350.000000 -59.319126
32400.000000 -59.326969
32450.000000 -59.363724
32500.000000 -59.164150
32550.000000 -59.163185
32600.000000 -59.261841
32650.000000 -59.121643
32700.000000 -59.319492
32750.000000 -59.113140
32800.000000 -59.033211
32850.000000 -59.346127
32900.000000 -59.199734
32950.000000 -59.324886
33000.000000 -59.301865
33050.000000 -59.314468
33100.000000 -59.418339
33150.000000 -59.664364
33200.000000 -59.711544
33250.000000 -59.504036
33300.000000 -59.608944
33350.000000 -59.756145
33400.000000 -59.566349
33450.000000 -59.637882
33500.000000 -59.545444
33550.000000 -59.527100
33600.000000 -59.404095
33650.000000 -59.393089
33700.000000 -59.389629
33750.000000 -59.108356
33800.000000 -59.307861
33850.000000 -59.213886
33900.000000 -59.358551
33950.000000 -59.366924
34000.000000 -59.216671
34050.000000 -59.230610
34100.000000 -59.149956
34150.000000 -59.148876
34200.000000 -59.334949
34250.000000 -59.183071
34300.000000 -59.302231
34350.000000 -59.185848
34400.000000 -59.466438
34450.000000 -59.261963
34500.000000 -59.454361
34550.000000 -59.482784
34600.000000 -59.427517
34650.000000 -59.351292
34700.000000 -59.378887
34750.000000 -59.349445
34800.000000 -59.409294
34850.000000 -59.312267
34900.000000 -59.326969
34950.000000 -59.402485
35000.000000 -59.150917
35050.000000 -59.142990
35100.000000 -59.092937
35150.000000 -59.322556
35200.000000 -59.444530
35250.000000 -59.385429
35300.000000 -59.361137
35350.000000 -59.572151
35400.000000 -59.422802
35450.000000 -59.465942
35500.000000 -59.540916
35550.000000 -59.587433
35600.000000 -59.519699
35650.000000 -59.610718
35700.000000 -59.409786
35750.000000 -59.648308
35800.000000 -59.433475
35850.000000 -59.416229
35900.000000 -59.301128
35950.000000 -59.343544
36000.000000 -59.420567
36050.000000 -59.161621
36100.000000 -59.225273
36150.000000 -59.189465
36200.000000 -59.325871
36250.000000 -59.238621
36300.000000 -59.200821
36350.000000 -59.303574
36400.000000 -59.356953
36450.000000 -59.426025
36500.000000 -59.484032
36550.000000 -59.512428
36600.000000 -59.505787
36650.000000 -59.761688
36700.000000 -59.768265
36750.000000 -59.656460
36800.000000 -59.626698
36850.000000 -59.317287
36900.000000 -59.194176
36950.000000 -59.428261
37000.000000 -59.456722
37050.000000 -59.275364
37100.000000 -59.452244
37150.000000 -59.341454
37200.000000 -59.323292
37250.000000 -59.259651
37300.000000 -59.459835
37350.000000 -59.486652
37400.000000 -59.463200
37450.000000 -59.675720
37500.000000 -59.732468
37550.000000 -59.855682
37600.000000 -59.747643
37650.000000 -59.814590
37700.000000 -59.473301
37750.000000 -59.418213
37800.000000 -59.441795
37850.000000 -59.432480
37900.000000 -59.359291
37950.000000 -59.216190
38000.000000 -59.085182
38050.000000 -59.325623
38100.000000 -59.138306
38150.000000 -59.279392
38200.000000 -59.327339
38250.000000 -59.210739
38300.000000 -59.209530
38350.000000 -59.374325
38400.000000 -59.458591
38450.000000 -59.507046
38500.000000 -59.332249
38550.000000 -59.389751
38600.000000 -59.494030
38650.000000 -59.598179
38700.000000 -59.385799
38750.000000 -59.519699
38800.000000 -59.581997
38850.000000 -59.576946
38900.000000 -59.500156
38950.000000 -59.495155
39000.000000 -59.472923
39050.000000 -59.310429
39100.000000 -59.505917
39150.000000 -59.449879
39200.000000 -59.322433
39250.000000 -59.347851
39300.000000 -59.361504
39350.000000 -59.360275
39400.000000 -59.480785
39450.000000 -59.335194
39500.000000 -59.372475
39550.000000 -59.676613
39600.000000 -59.642838
39650.000000 -59.670357
39700.000000 -59.666912
39750.000000 -59.557404
39800.000000 -59.557781
39850.000000 -59.585537
39900.000000 -59.523464
39950.000000 -59.649456
40000.000000 -59.540417
