0.000000 -61.030243
50.000000 -61.129604
100.000000 -61.264374
150.000000 -61.251965
200.000000 -61.449062
250.000000 -61.335335
300.000000 -61.298321
350.000000 -61.327305
400.000000 -61.617142
450.000000 -61.508774
500.000000 -61.377945
550.000000 -61.114517
600.000000 -61.159687
650.000000 -61.019955
700.000000 -61.006401
750.000000 -60.962017
800.000000 -60.939247
850.000000 -60.933342
900.000000 -61.225674
950.000000 -61.200985
1000.000000 -61.216370
1050.000000 -61.372356
1100.000000 -61.283710
1150.000000 -61.483269
1200.000000 -61.449688
1250.000000 -61.423885
1300.000000 -61.634563
1350.000000 -61.947948
1400.000000 -62.103580
1450.000000 -62.461391
1500.000000 -62.805058
1550.000000 -62.997181
1600.000000 -63.384678
1650.000000 -63.466270
1700.000000 -63.657806
1750.000000 -64.154800
1800.000000 -64.366066
1850.000000 -64.593582
1900.000000 -65.060455
1950.000000 -65.338257
2000.000000 -65.663055
2050.000000 -65.983833
2100.000000 -66.206535
2150.000000 -66.629662
2200.000000 -66.819664
2250.000000 -66.817917
2300.000000 -66.995506
2350.000000 -67.604439
2400.000000 -67.530952
2450.000000 -67.849617
2500.000000 -68.161751
2550.000000 -68.434967
2600.000000 -68.618546
2650.000000 -68.725739
2700.000000 -69.278236
2750.000000 -69.343269
2800.000000 -69.616432
2850.000000 -69.819283
2900.000000 -70.422661
2950.000000 -70.341194
3000.000000 -70.569534
3050.000000 -71.009201
3100.000000 -71.404556
3150.000000 -71.855530
3200.000000 -71.699188
3250.000000 -72.186615
3300.000000 -72.360855
3350.000000 -72.793892
3400.000000 -72.775986
3450.000000 -73.164764
3500.000000 -73.679924
3550.000000 -73.760323
3600.000000 -73.785561
3650.000000 -74.622368
3700.000000 -74.823044
3750.000000 -75.078712
3800.000000 -75.113380
3850.000000 -75.768753
3900.000000 -76.262978
3950.000000 -75.813660
4000.000000 -77.345703
4050.000000 -77.006767
4100.000000 -77.252480
4150.000000 -78.210449
4200.000000 -77.630547
4250.000000 -77.857468
4300.000000 -79.006218
4350.000000 -78.445496
4400.000000 -78.485481
4450.000000 -78.305885
4500.000000 -78.941452
4550.000000 -79.215591
4600.000000 -79.895401
4650.000000 -79.941353
4700.000000 -79.874481
4750.000000 -79.401627
4800.000000 -80.481773
4850.000000 -79.543816
4900.000000 -81.131714
4950.000000 -79.740959
5000.000000 -80.797035
5050.000000 -80.178902
5100.000000 -81.913193
5150.000000 -80.811569
5200.000000 -80.993912
5250.000000 -81.410942
5300.000000 -82.404228
5350.000000 -81.772278
5400.000000 -81.215157
5450.000000 -81.410942
5500.000000 -82.643471
5550.000000 -81.944641
5600.000000 -81.944641
5650.000000 -82.458588
5700.000000 -82.181610
5750.000000 -83.401535
5800.000000 -82.889496
5850.000000 -82.978676
5900.000000 -83.753654
5950.000000 -83.770004
6000.000000 -85.177055
6050.000000 -83.780243
6100.000000 -83.265358
6150.000000 -82.511513
6200.000000 -83.770004
6250.000000 -85.425941
6300.000000 -86.620857
6350.000000 -85.533035
6400.000000 -87.120689
6450.000000 -86.319389
6500.000000 -85.761559
6550.000000 -84.470535
6600.000000 -83.682487
6650.000000 -85.433372
6700.000000 -85.098038
6750.000000 -85.553108
6800.000000 -85.174652
6850.000000 -86.584023
6900.000000 -85.697479
6950.000000 -85.833939
7000.000000 -86.652161
7050.000000 -85.251945
7100.000000 -89.072426
7150.000000 -89.347946
7200.000000 -89.328529
7250.000000 -90.631981
7300.000000 -92.038040
7350.000000 -92.128601
7400.000000 -89.584427
7450.000000 -93.755180
7500.000000 -92.372986
7550.000000 -92.225533
7600.000000 -93.210762
7650.000000 -91.152084
7700.000000 -93.001022
7750.000000 -89.976700
7800.000000 -90.560158
7850.000000 -94.461189
7900.000000 -90.827995
7950.000000 -92.075218
8000.000000 -89.461441
8050.000000 -90.897430
8100.000000 -92.483849
8150.000000 -89.426064
8200.000000 -89.132904
8250.000000 -88.678467
8300.000000 -89.831627
8350.000000 -90.759117
8400.000000 -91.578743
8450.000000 -90.039627
8500.000000 -88.761650
8550.000000 -92.139320
8600.000000 -87.138741
8650.000000 -87.181061
8700.000000 -88.391685
8750.000000 -88.301605
8800.000000 -89.379112
8850.000000 -88.402153
8900.000000 -88.274071
8950.000000 -89.616447
9000.000000 -89.910080
9050.000000 -92.203896
9100.000000 -89.061134
9150.000000 -89.729462
9200.000000 -92.384010
9250.000000 -91.429237
9300.000000 -92.584846
9350.000000 -91.370155
9400.000000 -88.703697
9450.000000 -93.755180
9500.000000 -90.533379
9550.000000 -90.361290
9600.000000 -91.195259
9650.000000 -85.191505
9700.000000 -89.023598
9750.000000 -88.535660
9800.000000 -88.856667
9850.000000 -87.135735
9900.000000 -88.596092
9950.000000 -86.516396
10000.000000 -88.030144
10050.000000 -87.708771
10100.000000 -88.971321
10150.000000 -87.574600
10200.000000 -87.940407
10250.000000 -85.993614
10300.000000 -87.078659
10350.000000 -87.695908
10400.000000 -87.508286
10450.000000 -89.592415
10500.000000 -87.779892
10550.000000 -85.337280
10600.000000 -87.609543
10650.000000 -86.305687
10700.000000 -85.951439
10750.000000 -86.121391
10800.000000 -85.988335
10850.000000 -87.284676
10900.000000 -89.632500
10950.000000 -86.388252
11000.000000 -86.854034
11050.000000 -87.786385
11100.000000 -87.773399
11150.000000 -90.205406
11200.000000 -87.349304
11250.000000 -86.600998
11300.000000 -87.505135
11350.000000 -87.990150
11400.000000 -87.117668
11450.000000 -89.616447
11500.000000 -89.839851
11550.000000 -91.583771
11600.000000 -86.413177
11650.000000 -85.948807
11700.000000 -88.801720
11750.000000 -87.679848
11800.000000 -87.996803
11850.000000 -89.148087
11900.000000 -89.676804
11950.000000 -88.301605
12000.000000 -86.646461
12050.000000 -87.770157
12100.000000 -90.081833
12150.000000 -87.420639
12200.000000 -91.052162
12250.000000 -89.745728
12300.000000 -88.343063
12350.000000 -88.841980
12400.000000 -87.448715
12450.000000 -87.223572
12500.000000 -86.035995
12550.000000 -86.142868
12600.000000 -88.475670
12650.000000 -87.864693
12700.000000 -86.352379
12750.000000 -88.787132
12800.000000 -89.473267
12850.000000 -88.212440
12900.000000 -88.020126
12950.000000 -87.254074
13000.000000 -89.422134
13050.000000 -87.349304
13100.000000 -90.231194
13150.000000 -91.771881
13200.000000 -87.596817
13250.000000 -90.631981
13300.000000 -91.463898
13350.000000 -89.588417
13400.000000 -90.098778
13450.000000 -93.984200
13500.000000 -93.997467
13550.000000 -93.601555
13600.000000 -93.400864
13650.000000 -94.004112
13700.000000 -92.965569
13750.000000 -90.440292
13800.000000 -90.014404
13850.000000 -90.018608
13900.000000 -90.622971
13950.000000 -87.963585
14000.000000 -89.305290
14050.000000 -88.542747
14100.000000 -91.444077
14150.000000 -88.195404
14200.000000 -91.113884
14250.000000 -89.072426
14300.000000 -88.956444
14350.000000 -88.945297
14400.000000 -87.996803
14450.000000 -89.552521
14500.000000 -91.137741
14550.000000 -89.205269
14600.000000 -87.420639
14650.000000 -87.401978
14700.000000 -92.664223
14750.000000 -87.858139
14800.000000 -91.553650
14850.000000 -87.900826
14900.000000 -90.348190
14950.000000 -91.161659
15000.000000 -91.493713
15050.000000 -91.414429
15100.000000 -91.458939
15150.000000 -90.098778
15200.000000 -90.731720
15250.000000 -94.602432
15300.000000 -89.163300
15350.000000 -89.163300
15400.000000 -91.777023
15450.000000 -91.634216
15500.000000 -92.889244
15550.000000 -93.001022
15600.000000 -92.989189
15650.000000 -91.483757
15700.000000 -96.183212
15750.000000 -91.533623
15800.000000 -91.958908
15850.000000 -91.214523
15900.000000 -91.009689
15950.000000 -90.897430
16000.000000 -92.906799
16050.000000 -94.475212
16100.000000 -94.980774
16150.000000 -91.849319
16200.000000 -93.761642
16250.000000 -93.859123
16300.000000 -91.340759
16350.000000 -90.800377
16400.000000 -92.038040
16450.000000 -89.868698
16500.000000 -91.075851
16550.000000 -89.733521
16600.000000 -91.528625
16650.000000 -87.825447
16700.000000 -89.496971
16750.000000 -89.616447
16800.000000 -91.316338
16850.000000 -89.596420
16900.000000 -90.609474
16950.000000 -92.807793
17000.000000 -90.772850
17050.000000 -92.318085
17100.000000 -91.766747
17150.000000 -93.351402
17200.000000 -91.746223
17250.000000 -88.610344
17300.000000 -88.823662
17350.000000 -89.301414
17400.000000 -89.023598
17450.000000 -93.911568
17500.000000 -90.073380
17550.000000 -90.043839
17600.000000 -92.456001
17650.000000 -94.943665
17700.000000 -93.538338
17750.000000 -92.807793
17800.000000 -88.689270
17850.000000 -94.468201
17900.000000 -92.551048
17950.000000 -88.812683
18000.000000 -91.301720
18050.000000 -92.478271
18100.000000 -90.343826
18150.000000 -91.214523
18200.000000 -89.394730
18250.000000 -93.582542
18300.000000 -92.433784
18350.000000 -90.869591
18400.000000 -90.111504
18450.000000 -90.686279
18500.000000 -89.980888
18550.000000 -92.664223
18600.000000 -91.730865
18650.000000 -91.483757
18700.000000 -91.066368
18750.000000 -92.384010
18800.000000 -92.517387
18850.000000 -93.865662
18900.000000 -93.400864
18950.000000 -93.006943
19000.000000 -89.806999
19050.000000 -91.533623
19100.000000 -93.469330
19150.000000 -92.296219
19200.000000 -88.624641
19250.000000 -89.406471
19300.000000 -91.498688
19350.000000 -93.500626
19400.000000 -91.932693
19450.000000 -92.296219
19500.000000 -92.830986
19550.000000 -92.059265
19600.000000 -93.513176
19650.000000 -88.689270
19700.000000 -91.028542
19750.000000 -91.473824
19800.000000 -91.419365
19850.000000 -91.498688
19900.000000 -89.174728
19950.000000 -91.756477
20000.000000 -90.356918
20050.000000 -89.414299
20100.000000 -90.001823
20150.000000 -88.226105
20200.000000 -90.677177
20250.000000 -90.060707
20300.000000 -92.877563
20350.000000 -90.396309
20400.000000 -92.139320
20450.000000 -92.983276
20500.000000 -90.981491
20550.000000 -90.851082
20600.000000 -90.939362
20650.000000 -91.171249
20700.000000 -91.118652
20750.000000 -91.214523
20800.000000 -89.309158
20850.000000 -93.314491
20900.000000 -92.842613
20950.000000 -91.137741
21000.000000 -92.220116
21050.000000 -95.003105
21100.000000 -92.096535
21150.000000 -91.669693
21200.000000 -90.300331
21250.000000 -93.150314
21300.000000 -81.387589
21350.000000 -68.633934
21400.000000 -63.837772
21450.000000 -60.866611
21500.000000 -58.890087
21550.000000 -57.332436
21600.000000 -56.582085
21650.000000 -56.305748
21700.000000 -56.027100
21750.000000 -56.180618
21800.000000 -56.499321
21850.000000 -56.855408
21900.000000 -57.759636
21950.000000 -59.085659
22000.000000 -60.006897
22050.000000 -62.300148
22100.000000 -65.270401
22150.000000 -68.110687
22200.000000 -67.327080
22250.000000 -64.344833
22300.000000 -62.441006
22350.000000 -60.468605
22400.000000 -59.560303
22450.000000 -58.619774
22500.000000 -58.290524
22550.000000 -58.068268
22600.000000 -57.899719
22650.000000 -58.083778
22700.000000 -58.510788
22750.000000 -58.907379
22800.000000 -59.847477
22850.000000 -60.963943
22900.000000 -62.030102
22950.000000 -62.906326
23000.000000 -64.007866
23050.000000 -64.198105
23100.000000 -63.320145
23150.000000 -62.496655
23200.000000 -61.594818
23250.000000 -61.159687
23300.000000 -60.221756
23350.000000 -59.957428
23400.000000 -59.470924
23450.000000 -59.381477
23500.000000 -59.394695
23550.000000 -59.626194
23600.000000 -59.997883
23650.000000 -60.373726
23700.000000 -60.773670
23750.000000 -61.412807
23800.000000 -62.043674
23850.000000 -62.591335
23900.000000 -62.585087
23950.000000 -62.285297
24000.000000 -62.136230
24050.000000 -61.893883
24100.000000 -61.101116
24150.000000 -60.698082
24200.000000 -60.368748
24250.000000 -60.269611
24300.000000 -60.179306
24350.000000 -60.078014
24400.000000 -60.068527
24450.000000 -60.312096
24500.000000 -60.619442
24550.000000 -61.001045
24600.000000 -61.217743
24650.000000 -61.566994
24700.000000 -61.750031
24750.000000 -62.059116
24800.000000 -61.980183
24850.000000 -61.861633
24900.000000 -61.658112
24950.000000 -61.327923
25000.000000 -60.837070
25050.000000 -60.737957
25100.000000 -60.612331
25150.000000 -60.638393
25200.000000 -60.455326
25250.000000 -60.766720
25300.000000 -60.596416
25350.000000 -60.855480
25400.000000 -61.023384
25450.000000 -61.290936
25500.000000 -61.579384
25550.000000 -61.766422
25600.000000 -61.628963
25650.000000 -61.607090
25700.000000 -61.469913
25750.000000 -61.381054
25800.000000 -61.071381
25850.000000 -61.053856
25900.000000 -60.889915
25950.000000 -60.672409
26000.000000 -60.919334
26050.000000 -60.827881
26100.000000 -60.975952
26150.000000 -61.039051
26200.000000 -61.212101
26250.000000 -61.124619
26300.000000 -61.322365
26350.000000 -61.214996
26400.000000 -61.157265
26450.000000 -61.280334
26500.000000 -61.217896
26550.000000 -61.210426
26600.000000 -61.140018
26650.000000 -61.149242
26700.000000 -60.919479
26750.000000 -60.925819
26800.000000 -61.000004
26850.000000 -60.787010
26900.000000 -60.895206
26950.000000 -60.808369
27000.000000 -61.021145
27050.000000 -61.159687
27100.000000 -61.306175
27150.000000 -61.204334
27200.000000 -61.278336
27250.000000 -61.322979
27300.000000 -61.252274
27350.000000 -61.073929
27400.000000 -61.021893
27450.000000 -60.933636
27500.000000 -61.099010
27550.000000 -61.134583
27600.000000 -61.008781
27650.000000 -61.380741
27700.000000 -61.134731
27750.000000 -61.088940
27800.000000 -61.061787
27850.000000 -60.935997
27900.000000 -61.114819
27950.000000 -61.186996
28000.000000 -61.240490
28050.000000 -61.127033
28100.000000 -61.102921
28150.000000 -61.191708
28200.000000 -61.095852
28250.000000 -61.058792
28300.000000 -61.101269
28350.000000 -61.093746
28400.000000 -60.988560
28450.000000 -61.073627
28500.000000 -61.072430
28550.000000 -61.225216
28600.000000 -60.894909
28650.000000 -61.122356
28700.000000 -61.083984
28750.000000 -61.281101
28800.000000 -61.360722
28850.000000 -61.251202
28900.000000 -61.107738
28950.000000 -61.255486
29000.000000 -61.339046
29050.000000 -61.412495
29100.000000 -61.341831
29150.000000 -61.110451
29200.000000 -61.158478
29250.000000 -61.143192
29300.000000 -61.232700
29350.000000 -61.064484
29400.000000 -61.196117
29450.000000 -60.954323
29500.000000 -60.901524
29550.000000 -61.267593
29600.000000 -61.237740
29650.000000 -61.053555
29700.000000 -61.263760
29750.000000 -61.407974
29800.000000 -61.276031
29850.000000 -61.354679
29900.000000 -61.326839
29950.000000 -61.284943
30000.000000 -61.349876
30050.000000 -61.080231
30100.000000 -61.121754
30150.000000 -61.117531
30200.000000 -61.077530
30250.000000 -60.975204
30300.000000 -60.995842
30350.000000 -61.139717
30400.000000 -61.268669
30450.000000 -61.557953
30500.000000 -61.389603
30550.000000 -61.461441
30600.000000 -61.418114
30650.000000 -61.301399
30700.000000 -61.247066
30750.000000 -61.320820
30800.000000 -61.127636
30850.000000 -61.278950
30900.000000 -61.108944
30950.000000 -61.001194
31000.000000 -60.932457
31050.000000 -61.091194
31100.000000 -61.168175
31150.000000 -60.867481
31200.000000 -61.174545
31250.000000 -61.218811
31300.000000 -61.073780
31350.000000 -61.072578
31400.000000 -61.077530
31450.000000 -61.428261
31500.000000 -61.528507
31550.000000 -61.356071
31600.000000 -61.544006
31650.000000 -61.350960
31700.000000 -61.308792
31750.000000 -61.430759
31800.000000 -61.156204
31850.000000 -60.859722
31900.000000 -61.066582
31950.000000 -61.055798
32000.000000 -60.805458
32050.000000 -60.929211
32100.000000 -60.938656
32150.000000 -61.347244
32200.000000 -61.367233
32250.000000 -61.116173
32300.000000 -61.197941
32350.000000 -61.297710
32400.000000 -61.412495
32450.000000 -61.439045
32500.000000 -61.522503
32550.000000 -61.416550
32600.000000 -61.233006
32650.000000 -61.277149
32700.000000 -61.224453
32750.000000 -61.037411
32800.000000 -61.073177
32850.000000 -61.090893
32900.000000 -61.026962
32950.000000 -61.201290
33000.000000 -61.124771
33050.000000 -61.268822
33100.000000 -61.097958
33150.000000 -61.358097
33200.000000 -61.388203
33250.000000 -61.297859
33300.000000 -61.397694
33350.000000 -61.430134
33400.000000 -61.268055
33450.000000 -61.268055
33500.000000 -61.277107
33550.000000 -61.157417
33600.000000 -61.135033
33650.000000 -61.032784
33700.000000 -61.076927
33750.000000 -61.011166
33800.000000 -60.948257
33850.000000 -60.954617
33900.000000 -61.091793
33950.000000 -61.146370
34000.000000 -61.285404
34050.000000 -61.382141
34100.000000 -61.233158
34150.000000 -61.335644
34200.000000 -61.150757
34250.000000 -61.228119
34300.000000 -61.125221
34350.000000 -61.176670
34400.000000 -60.955063
34450.000000 -61.092697
34500.000000 -61.124619
34550.000000 -61.154995
34600.000000 -61.127335
34650.000000 -60.940132
34700.000000 -60.950920
34750.000000 -61.168781
34800.000000 -61.151058
34850.000000 -61.377789
34900.000000 -61.212254
34950.000000 -61.305866
35000.000000 -61.460503
35050.000000 -61.164688
35100.000000 -61.348484
35150.000000 -61.147579
35200.000000 -61.219116
35250.000000 -61.096004
35300.000000 -61.062988
35350.000000 -61.074078
35400.000000 -61.182438
35450.000000 -61.289246
35500.000000 -61.207531
35550.000000 -61.228882
35600.000000 -61.311722
35650.000000 -61.354988
35700.000000 -61.448906
35750.000000 -61.374062
35800.000000 -61.371113
35850.000000 -61.149242
35900.000000 -61.231018
35950.000000 -61.354057
36000.000000 -61.174393
36050.000000 -61.115574
36100.000000 -61.008633
36150.000000 -61.310333
36200.000000 -61.221706
36250.000000 -61.227661
36300.000000 -61.205246
36350.000000 -61.292011
36400.000000 -61.278950
36450.000000 -61.177277
36500.000000 -61.195053
36550.000000 -60.976093
36600.000000 -61.035019
36650.000000 -61.088638
36700.000000 -61.090290
36750.000000 -61.074528
36800.000000 -60.937473
36850.000000 -60.988262
36900.000000 -61.063736
36950.000000 -61.153633
37000.000000 -61.078579
37050.000000 -61.261921
37100.000000 -61.378105
37150.000000 -61.371735
37200.000000 -61.431698
37250.000000 -61.448280
37300.000000 -61.421856
37350.000000 -61.206619
37400.000000 -61.211189
37450.000000 -61.141682
37500.000000 -60.972538
37550.000000 -60.968681
37600.000000 -60.833862
37650.000000 -60.769344
37700.000000 -60.710011
37750.000000 -60.796303
37800.000000 -61.002831
37850.000000 -61.000599
37900.000000 -61.139263
37950.000000 -61.382141
38000.000000 -61.342140
38050.000000 -61.369251
38100.000000 -61.274807
38150.000000 -61.240952
38200.000000 -61.284172
38250.000000 -61.357620
38300.000000 -61.197334
38350.000000 -61.221554
38400.000000 -61.109695
38450.000000 -61.071079
38500.000000 -61.123562
38550.000000 -61.023384
38600.000000 -61.260391
38650.000000 -61.312801
38700.000000 -61.414989
38750.000000 -61.460503
38800.000000 -61.354988
38850.000000 -61.337193
38900.000000 -61.222775
38950.000000 -61.357311
39000.000000 -61.229797
39050.000000 -61.246914
39100.000000 -61.325142
39150.000000 -61.271889
39200.000000 -60.999855
39250.000000 -61.188667
39300.000000 -61.117229
39350.000000 -61.079628
39400.000000 -61.298473
39450.000000 -61.431229
39500.000000 -61.325760
39550.000000 -61.315422
39600.000000 -61.474781
39650.000000 -61.219727
39700.000000 -61.280178
39750.000000 -61.482010
39800.000000 -61.111053
39850.000000 -61.240952
39900.000000 -61.235298
39950.000000 -60.877007
40000.000000 -61.101269
