0.000000 -60.260185
50.000000 -60.162003
100.000000 -60.256634
150.000000 -60.332729
200.000000 -60.199894
250.000000 -60.089256
300.000000 -60.375526
350.000000 -60.345131
400.000000 -60.366119
450.000000 -60.464828
500.000000 -60.531078
550.000000 -60.526993
600.000000 -60.634830
650.000000 -60.600960
700.000000 -60.587479
750.000000 -60.387711
800.000000 -60.416168
850.000000 -60.296040
900.000000 -60.429390
950.000000 -60.196369
1000.000000 -60.070129
1050.000000 -60.010876
1100.000000 -60.011539
1150.000000 -60.175652
1200.000000 -60.088451
1250.000000 -60.366673
1300.000000 -60.319794
1350.000000 -60.660534
1400.000000 -60.804440
1450.000000 -61.038605
1500.000000 -61.452976
1550.000000 -61.584473
1600.000000 -61.870014
1650.000000 -62.024078
1700.000000 -62.563873
1750.000000 -62.559422
1800.000000 -63.099594
1850.000000 -63.264973
1900.000000 -63.499523
1950.000000 -63.604053
2000.000000 -64.354881
2050.000000 -64.431366
2100.000000 -64.572014
2150.000000 -64.765068
2200.000000 -65.021614
2250.000000 -65.626251
2300.000000 -65.811867
2350.000000 -66.074844
2400.000000 -66.058319
2450.000000 -66.397095
2500.000000 -66.815598
2550.000000 -67.208359
2600.000000 -67.471855
2650.000000 -67.609848
2700.000000 -67.975517
2750.000000 -67.921898
2800.000000 -68.295731
2850.000000 -68.776917
2900.000000 -68.737686
2950.000000 -69.132889
3000.000000 -69.475227
3050.000000 -69.801651
3100.000000 -69.934158
3150.000000 -70.201958
3200.000000 -70.273460
3250.000000 -70.857079
3300.000000 -70.832130
3350.000000 -71.450493
3400.000000 -71.525108
3450.000000 -71.591301
3500.000000 -72.433769
3550.000000 -72.566223
3600.000000 -72.821106
3650.000000 -73.291786
3700.000000 -73.680565
3750.000000 -74.060760
3800.000000 -74.402527
3850.000000 -74.367111
3900.000000 -74.732956
3950.000000 -75.014404
4000.000000 -74.951050
4050.000000 -75.312729
4100.000000 -75.640244
4150.000000 -75.707901
4200.000000 -75.808746
4250.000000 -76.595062
4300.000000 -77.300911
4350.000000 -76.717720
4400.000000 -77.297028
4450.000000 -76.797104
4500.000000 -76.505966
4550.000000 -77.237038
4600.000000 -78.541328
4650.000000 -77.768860
4700.000000 -79.368286
4750.000000 -79.205902
4800.000000 -79.426399
4850.000000 -79.224068
4900.000000 -80.345551
4950.000000 -80.964241
5000.000000 -80.821861
5050.000000 -79.845787
5100.000000 -80.552101
5150.000000 -80.311142
5200.000000 -80.327637
5250.000000 -81.780403
5300.000000 -81.871994
5350.000000 -81.561920
5400.000000 -82.161186
5450.000000 -82.421722
5500.000000 -81.772278
5550.000000 -82.362373
5600.000000 -82.310341
5650.000000 -82.477951
5700.000000 -82.666862
5750.000000 -82.444527
5800.000000 -82.539879
5850.000000 -83.916473
5900.000000 -83.652161
5950.000000 -83.427055
6000.000000 -83.017982
6050.000000 -82.481483
6100.000000 -83.837776
6150.000000 -82.294792
6200.000000 -84.373512
6250.000000 -84.695168
6300.000000 -83.209557
6350.000000 -85.052872
6400.000000 -85.588348
6450.000000 -85.500519
6500.000000 -85.239822
6550.000000 -86.865707
6600.000000 -86.391014
6650.000000 -87.013031
6700.000000 -87.039818
6750.000000 -90.378784
6800.000000 -86.030685
6850.000000 -87.715210
6900.000000 -87.395760
6950.000000 -87.162895
7000.000000 -86.569923
7050.000000 -86.009483
7100.000000 -86.496773
7150.000000 -86.076538
7200.000000 -85.117134
7250.000000 -85.756416
7300.000000 -84.738510
7350.000000 -87.340042
7400.000000 -86.126755
7450.000000 -85.453209
7500.000000 -85.234978
7550.000000 -84.752243
7600.000000 -84.312325
7650.000000 -85.420990
7700.000000 -86.191391
7750.000000 -88.678505
7800.000000 -88.070328
7850.000000 -87.018982
7900.000000 -87.193184
7950.000000 -88.363869
8000.000000 -89.205269
8050.000000 -91.301720
8100.000000 -90.081833
8150.000000 -88.689270
8200.000000 -86.457664
8250.000000 -92.279854
8300.000000 -88.556931
8350.000000 -88.546295
8400.000000 -90.551224
8450.000000 -92.567932
8500.000000 -91.061630
8550.000000 -91.896118
8600.000000 -88.882423
8650.000000 -88.750763
8700.000000 -89.864571
8750.000000 -90.396309
8800.000000 -91.453979
8850.000000 -88.628220
8900.000000 -89.922539
8950.000000 -95.980614
9000.000000 -89.441772
9050.000000 -89.301414
9100.000000 -89.489059
9150.000000 -91.705322
9200.000000 -89.823410
9250.000000 -89.947495
9300.000000 -89.106392
9350.000000 -88.444084
9400.000000 -91.326096
9450.000000 -88.978767
9500.000000 -90.650032
9550.000000 -93.271629
9600.000000 -92.738586
9650.000000 -89.656639
9700.000000 -91.190453
9750.000000 -90.326408
9800.000000 -87.593643
9850.000000 -88.188599
9900.000000 -88.141098
9950.000000 -88.754387
10000.000000 -88.444084
10050.000000 -91.493713
10100.000000 -90.911385
10150.000000 -91.608955
10200.000000 -89.935005
10250.000000 -90.218292
10300.000000 -89.140495
10350.000000 -89.429985
10400.000000 -90.158325
10450.000000 -92.345535
10500.000000 -91.360344
10550.000000 -91.042709
10600.000000 -89.068665
10650.000000 -87.542953
10700.000000 -89.684898
10750.000000 -87.184090
10800.000000 -86.600998
10850.000000 -87.386452
10900.000000 -87.986824
10950.000000 -88.510910
11000.000000 -89.852203
11050.000000 -89.806999
11100.000000 -92.624443
11150.000000 -91.720642
11200.000000 -88.721771
11250.000000 -89.770180
11300.000000 -90.772850
11350.000000 -86.827812
11400.000000 -86.842384
11450.000000 -90.591507
11500.000000 -90.659065
11550.000000 -87.451843
11600.000000 -91.394722
11650.000000 -91.563675
11700.000000 -88.739876
11750.000000 -91.639275
11800.000000 -92.613113
11850.000000 -93.944504
11900.000000 -93.820000
11950.000000 -89.592415
12000.000000 -90.179695
12050.000000 -89.737587
12100.000000 -90.736275
12150.000000 -90.851082
12200.000000 -89.889366
12250.000000 -93.138275
12300.000000 -91.253166
12350.000000 -91.258072
12400.000000 -89.144287
12450.000000 -89.136696
12500.000000 -93.186531
12550.000000 -92.647156
12600.000000 -93.066391
12650.000000 -90.252739
12700.000000 -91.953659
12750.000000 -90.672646
12800.000000 -91.262856
12850.000000 -88.107323
12900.000000 -90.278671
12950.000000 -87.081650
13000.000000 -90.119995
13050.000000 -90.213989
13100.000000 -87.558762
13150.000000 -88.253479
13200.000000 -88.923058
13250.000000 -90.573601
13300.000000 -89.628487
13350.000000 -91.287125
13400.000000 -90.878860
13450.000000 -90.365662
13500.000000 -95.750076
13550.000000 -95.831741
13600.000000 -92.395042
13650.000000 -93.538338
13700.000000 -92.854248
13750.000000 -93.001022
13800.000000 -94.702682
13850.000000 -94.862595
13900.000000 -92.160789
13950.000000 -92.214706
14000.000000 -95.018036
14050.000000 -91.085342
14100.000000 -93.456841
14150.000000 -94.017418
14200.000000 -93.108253
14250.000000 -92.378494
14300.000000 -92.995102
14350.000000 -93.308357
14400.000000 -94.884628
14450.000000 -92.715637
14500.000000 -92.444885
14550.000000 -94.426239
14600.000000 -95.446678
14650.000000 -93.557251
14700.000000 -93.937912
14750.000000 -92.506195
14800.000000 -92.796227
14850.000000 -94.775002
14900.000000 -88.765289
14950.000000 -90.791191
15000.000000 -91.291992
15050.000000 -91.563675
15100.000000 -92.607452
15150.000000 -92.112549
15200.000000 -93.289978
15250.000000 -95.509674
15300.000000 -94.688286
15350.000000 -93.296097
15400.000000 -92.871727
15450.000000 -93.066391
15500.000000 -94.995659
15550.000000 -91.365250
15600.000000 -91.180847
15650.000000 -92.630119
15700.000000 -91.761612
15750.000000 -90.506683
15800.000000 -91.906555
15850.000000 -90.718048
15900.000000 -91.384888
15950.000000 -93.550941
16000.000000 -88.134331
16050.000000 -90.902153
16100.000000 -89.648582
16150.000000 -88.539200
16200.000000 -87.686264
16250.000000 -89.042343
16300.000000 -89.680847
16350.000000 -92.367477
16400.000000 -90.471207
16450.000000 -91.624100
16500.000000 -91.563675
16550.000000 -90.600487
16600.000000 -91.085342
16650.000000 -89.897644
16700.000000 -89.359619
16750.000000 -91.498688
16800.000000 -91.720642
16850.000000 -92.032745
16900.000000 -88.525047
16950.000000 -92.075233
17000.000000 -91.128189
17050.000000 -89.489059
17100.000000 -89.811096
17150.000000 -89.544563
17200.000000 -88.510910
17250.000000 -91.746223
17300.000000 -92.439331
17350.000000 -90.869591
17400.000000 -89.282104
17450.000000 -89.516769
17500.000000 -86.801674
17550.000000 -88.174995
17600.000000 -88.229515
17650.000000 -88.689270
17700.000000 -89.297554
17750.000000 -87.018982
17800.000000 -88.284386
17850.000000 -89.398643
17900.000000 -87.069679
17950.000000 -88.482765
18000.000000 -88.542747
18050.000000 -86.629387
18100.000000 -89.363518
18150.000000 -86.883263
18200.000000 -86.959709
18250.000000 -87.126709
18300.000000 -86.210342
18350.000000 -87.527184
18400.000000 -89.027344
18450.000000 -86.947906
18500.000000 -88.993729
18550.000000 -87.318466
18600.000000 -87.358574
18650.000000 -87.464355
18700.000000 -87.828728
18750.000000 -87.411301
18800.000000 -86.755394
18850.000000 -88.560486
18900.000000 -87.858139
18950.000000 -87.153831
19000.000000 -87.763672
19050.000000 -87.741028
19100.000000 -88.322304
19150.000000 -86.592499
19200.000000 -88.388199
19250.000000 -91.498688
19300.000000 -89.140495
19350.000000 -90.440292
19400.000000 -89.839851
19450.000000 -87.486290
19500.000000 -88.882423
19550.000000 -91.028542
19600.000000 -91.166451
19650.000000 -90.640999
19700.000000 -87.084648
19750.000000 -86.598167
19800.000000 -88.864014
19850.000000 -86.025383
19900.000000 -86.324883
19950.000000 -88.656898
20000.000000 -89.644562
20050.000000 -88.232933
20100.000000 -89.144287
20150.000000 -87.398865
20200.000000 -86.868637
20250.000000 -88.923058
20300.000000 -89.422134
20350.000000 -91.360344
20400.000000 -90.560158
20450.000000 -90.925362
20500.000000 -89.532639
20550.000000 -90.309013
20600.000000 -90.018608
20650.000000 -92.258087
20700.000000 -91.859703
20750.000000 -93.665237
20800.000000 -94.384483
20850.000000 -91.730865
20900.000000 -92.836800
20950.000000 -86.446518
21000.000000 -90.902077
21050.000000 -87.721657
21100.000000 -89.544563
21150.000000 -88.809029
21200.000000 -89.170914
21250.000000 -89.794708
21300.000000 -89.163300
21350.000000 -80.821785
21400.000000 -68.238739
21450.000000 -63.220493
21500.000000 -61.284786
21550.000000 -58.443832
21600.000000 -57.420525
21650.000000 -56.428570
21700.000000 -55.750534
21750.000000 -55.111038
21800.000000 -54.975910
21850.000000 -54.922783
21900.000000 -55.326878
21950.000000 -55.576607
22000.000000 -56.013603
22050.000000 -57.078518
22100.000000 -58.038822
22150.000000 -59.324520
22200.000000 -61.165596
22250.000000 -63.490017
22300.000000 -64.928085
22350.000000 -66.260864
22400.000000 -64.324745
22450.000000 -62.740513
22500.000000 -60.914474
22550.000000 -59.530617
22600.000000 -58.666595
22650.000000 -57.767113
22700.000000 -57.356647
22750.000000 -57.089508
22800.000000 -56.891747
22850.000000 -56.932526
22900.000000 -56.896847
22950.000000 -57.447258
23000.000000 -58.103569
23050.000000 -58.738853
23100.000000 -59.218613
23150.000000 -60.455608
23200.000000 -61.365993
23250.000000 -62.234581
23300.000000 -62.682003
23350.000000 -62.636463
23400.000000 -61.695728
23450.000000 -61.123714
23500.000000 -60.657959
23550.000000 -59.612747
23600.000000 -59.023849
23650.000000 -58.753880
23700.000000 -58.202251
23750.000000 -58.116577
23800.000000 -58.213573
23850.000000 -58.293896
23900.000000 -58.398636
23950.000000 -58.794277
24000.000000 -58.974007
24050.000000 -59.646275
24100.000000 -60.046379
24150.000000 -60.638256
24200.000000 -60.946190
24250.000000 -61.254261
24300.000000 -61.235752
24350.000000 -61.349415
24400.000000 -60.994057
24450.000000 -60.648098
24500.000000 -59.997883
24550.000000 -59.700523
24600.000000 -59.488277
24650.000000 -59.096405
24700.000000 -58.953537
24750.000000 -58.929955
24800.000000 -58.803856
24850.000000 -58.901993
24900.000000 -59.171860
24950.000000 -59.282558
25000.000000 -59.491402
25050.000000 -59.814461
25100.000000 -59.788422
25150.000000 -60.480083
25200.000000 -60.663410
25250.000000 -60.450024
25300.000000 -60.844955
25350.000000 -60.437748
25400.000000 -60.450439
25450.000000 -60.431198
25500.000000 -59.914936
25550.000000 -59.643856
25600.000000 -59.572781
25650.000000 -59.393955
25700.000000 -59.155251
25750.000000 -59.142151
25800.000000 -59.286591
25850.000000 -59.333355
25900.000000 -59.351536
25950.000000 -59.480659
26000.000000 -59.745079
26050.000000 -59.939907
26100.000000 -60.022694
26150.000000 -60.094212
26200.000000 -60.058914
26250.000000 -60.312645
26300.000000 -60.115005
26350.000000 -60.036259
26400.000000 -60.197048
26450.000000 -59.922546
26500.000000 -59.846951
26550.000000 -59.958881
26600.000000 -59.909290
26650.000000 -59.910603
26700.000000 -59.741722
26750.000000 -59.765297
26800.000000 -59.803310
26850.000000 -59.699497
26900.000000 -59.713722
26950.000000 -59.678017
27000.000000 -59.678146
27050.000000 -59.922024
27100.000000 -59.868336
27150.000000 -60.112991
27200.000000 -60.169704
27250.000000 -60.072536
27300.000000 -60.097832
27350.000000 -60.096626
27400.000000 -60.120781
27450.000000 -59.981335
27500.000000 -60.068794
27550.000000 -59.965744
27600.000000 -59.669334
27650.000000 -59.646404
27700.000000 -59.621498
27750.000000 -59.686962
27800.000000 -59.844738
27850.000000 -59.757820
27900.000000 -59.939114
27950.000000 -59.874992
28000.000000 -60.086578
28050.000000 -60.128849
28100.000000 -60.258137
28150.000000 -60.144062
28200.000000 -60.275356
28250.000000 -60.178085
28300.000000 -60.142311
28350.000000 -60.043980
28400.000000 -60.047443
28450.000000 -59.924126
28500.000000 -59.779888
28550.000000 -59.634956
28600.000000 -59.682869
28650.000000 -59.869122
28700.000000 -59.841614
28750.000000 -59.801880
28800.000000 -59.963627
28850.000000 -59.948597
28900.000000 -60.013000
28950.000000 -60.112186
29000.000000 -59.842655
29050.000000 -60.101986
29100.000000 -60.018578
29150.000000 -59.796829
29200.000000 -59.884018
29250.000000 -59.880352
29300.000000 -59.821468
29350.000000 -59.803566
29400.000000 -59.800976
29450.000000 -59.841877
29500.000000 -59.865204
29550.000000 -59.874607
29600.000000 -59.877869
29650.000000 -59.929646
29700.000000 -59.959404
29750.000000 -59.913097
29800.000000 -59.908241
29850.000000 -59.830173
29900.000000 -59.933456
29950.000000 -59.925308
30000.000000 -59.944382
30050.000000 -59.883492
30100.000000 -59.810696
30150.000000 -59.803310
30200.000000 -59.854771
30250.000000 -60.007824
30300.000000 -59.735935
30350.000000 -60.135712
30400.000000 -60.152691
30450.000000 -60.177952
30500.000000 -60.048512
30550.000000 -59.943592
30600.000000 -59.884018
30650.000000 -59.923603
30700.000000 -59.900246
30750.000000 -59.995628
30800.000000 -59.998409
30850.000000 -60.220539
30900.000000 -59.974724
30950.000000 -60.092606
31000.000000 -60.104939
31050.000000 -59.986359
31100.000000 -59.925568
31150.000000 -59.997086
31200.000000 -60.045448
31250.000000 -60.087517
31300.000000 -60.039852
31350.000000 -60.065586
31400.000000 -60.060249
31450.000000 -60.060783
31500.000000 -60.128445
31550.000000 -59.945171
31600.000000 -60.109634
31650.000000 -60.141098
31700.000000 -60.131538
31750.000000 -59.868336
31800.000000 -60.165245
31850.000000 -60.085506
31900.000000 -59.811733
31950.000000 -59.759624
32000.000000 -59.786865
32050.000000 -59.860638
32100.000000 -59.810047
32150.000000 -59.992317
32200.000000 -60.057178
32250.000000 -60.060516
32300.000000 -60.090866
32350.000000 -60.082027
32400.000000 -60.129116
32450.000000 -60.100914
32500.000000 -60.043846
32550.000000 -60.048244
32600.000000 -59.866508
32650.000000 -59.987682
32700.000000 -59.877350
32750.000000 -59.904179
32800.000000 -59.920708
32850.000000 -59.868336
32900.000000 -59.918606
32950.000000 -59.927803
33000.000000 -59.876694
33050.000000 -59.880482
33100.000000 -59.931484
33150.000000 -59.964817
33200.000000 -59.999470
33250.000000 -59.935303
33300.000000 -60.155659
33350.000000 -60.077480
33400.000000 -60.101048
33450.000000 -60.317867
33500.000000 -60.273029
33550.000000 -60.174435
33600.000000 -60.245312
33650.000000 -60.180115
33700.000000 -60.156200
33750.000000 -60.094749
33800.000000 -60.026150
33850.000000 -60.041317
33900.000000 -60.030937
33950.000000 -60.144466
34000.000000 -60.125217
34050.000000 -60.158897
34100.000000 -59.957165
34150.000000 -59.855289
34200.000000 -59.881794
34250.000000 -59.882835
34300.000000 -59.989403
34350.000000 -60.102928
34400.000000 -60.122932
34450.000000 -60.175110
34500.000000 -60.198540
34550.000000 -60.277134
34600.000000 -60.053577
34650.000000 -60.089928
34700.000000 -60.093006
34750.000000 -60.070129
34800.000000 -60.088589
34850.000000 -60.146355
34900.000000 -60.108963
34950.000000 -60.166054
35000.000000 -60.204777
35050.000000 -60.044781
35100.000000 -60.136654
35150.000000 -60.048512
35200.000000 -60.041451
35250.000000 -60.120514
35300.000000 -60.135578
35350.000000 -59.808884
35400.000000 -59.857117
35450.000000 -59.872253
35500.000000 -59.800850
35550.000000 -59.810436
35600.000000 -59.962181
35650.000000 -59.985168
35700.000000 -60.130600
35750.000000 -60.229782
35800.000000 -60.203423
35850.000000 -60.256771
35900.000000 -60.420757
35950.000000 -60.509972
36000.000000 -60.196640
36050.000000 -60.239586
36100.000000 -60.115273
36150.000000 -59.959145
36200.000000 -59.959538
36250.000000 -59.886105
36300.000000 -59.946358
36350.000000 -59.873951
36400.000000 -59.799812
36450.000000 -59.834457
36500.000000 -59.846043
36550.000000 -59.972610
36600.000000 -60.028675
36650.000000 -59.980804
36700.000000 -60.217678
36750.000000 -60.052242
36800.000000 -60.269474
36850.000000 -60.478405
36900.000000 -60.269611
36950.000000 -60.295628
37000.000000 -60.256496
37050.000000 -60.255951
37100.000000 -60.127102
37150.000000 -60.046246
37200.000000 -60.074673
37250.000000 -60.077213
37300.000000 -59.960728
37350.000000 -60.058914
37400.000000 -60.105743
37450.000000 -59.988609
37500.000000 -60.110573
37550.000000 -60.102657
37600.000000 -60.425907
37650.000000 -60.213604
37700.000000 -60.376633
37750.000000 -60.411304
37800.000000 -60.155659
37850.000000 -60.515171
37900.000000 -60.224884
37950.000000 -60.240402
38000.000000 -60.254585
38050.000000 -60.239723
38100.000000 -60.177547
38150.000000 -60.176735
38200.000000 -60.102119
38250.000000 -59.936222
38300.000000 -60.077614
38350.000000 -60.203285
38400.000000 -60.139751
38450.000000 -60.194202
38500.000000 -60.335758
38550.000000 -60.347340
38600.000000 -60.390900
38650.000000 -60.525585
38700.000000 -60.498314
38750.000000 -60.601242
38800.000000 -60.711018
38850.000000 -60.515736
38900.000000 -60.692337
38950.000000 -60.492138
39000.000000 -60.264690
39050.000000 -60.291241
39100.000000 -60.277546
39150.000000 -60.330528
39200.000000 -60.241631
39250.000000 -60.285622
39300.000000 -60.087517
39350.000000 -60.136791
39400.000000 -60.220127
39450.000000 -60.429111
39500.000000 -60.364323
39550.000000 -60.393951
39600.000000 -60.438862
39650.000000 -60.361973
39700.000000 -60.308800
39750.000000 -60.317867
39800.000000 -60.465668
39850.000000 -60.404636
39900.000000 -60.267563
39950.000000 -60.454212
40000.000000 -60.329700
