0.000000 -62.114563
50.000000 -61.876099
100.000000 -61.952259
150.000000 -61.780087
200.000000 -61.774548
250.000000 -61.750679
300.000000 -61.836056
350.000000 -61.678829
400.000000 -61.362892
450.000000 -61.551929
500.000000 -61.460190
550.000000 -61.269283
600.000000 -61.437481
650.000000 -61.836056
700.000000 -61.774384
750.000000 -61.423573
800.000000 -61.607407
850.000000 -61.422951
900.000000 -61.739498
950.000000 -61.817245
1000.000000 -61.739662
1050.000000 -61.628487
1100.000000 -62.069370
1150.000000 -62.439426
1200.000000 -61.882187
1250.000000 -62.077110
1300.000000 -61.889927
1350.000000 -61.884823
1400.000000 -62.230984
1450.000000 -62.222076
1500.000000 -62.124882
1550.000000 -62.182796
1600.000000 -61.561283
1650.000000 -62.165432
1700.000000 -61.956577
1750.000000 -61.660519
1800.000000 -61.707661
1850.000000 -62.012539
1900.000000 -61.855068
1950.000000 -62.171047
2000.000000 -61.881363
2050.000000 -61.988178
2100.000000 -61.809406
2150.000000 -61.840477
2200.000000 -61.693153
2250.000000 -61.967041
2300.000000 -62.202415
2350.000000 -61.971863
2400.000000 -62.455414
2450.000000 -61.976025
2500.000000 -62.257755
2550.000000 -62.199512
2600.000000 -61.988346
2650.000000 -62.110001
2700.000000 -62.087387
2750.000000 -61.865250
2800.000000 -62.089069
2850.000000 -61.639843
2900.000000 -61.899651
2950.000000 -61.934357
3000.000000 -62.111351
3050.000000 -61.846542
3100.000000 -61.688160
3150.000000 -61.558113
3200.000000 -61.373287
3250.000000 -61.745819
3300.000000 -61.865086
3350.000000 -61.872646
3400.000000 -61.958073
3450.000000 -61.807777
3500.000000 -61.720253
3550.000000 -62.212837
3600.000000 -61.861633
3650.000000 -61.876591
3700.000000 -61.914181
3750.000000 -62.083847
3800.000000 -62.050888
3850.000000 -62.128777
3900.000000 -61.799294
3950.000000 -61.746464
4000.000000 -61.901466
4050.000000 -61.875111
4100.000000 -62.031273
4150.000000 -61.461285
4200.000000 -61.692669
4250.000000 -62.093285
4300.000000 -62.159821
4350.000000 -62.004021
4400.000000 -61.994701
4450.000000 -61.797337
4500.000000 -61.772270
4550.000000 -62.005692
4600.000000 -61.673363
4650.000000 -61.947948
4700.000000 -61.871822
4750.000000 -61.757492
4800.000000 -61.608685
4850.000000 -61.787075
4900.000000 -62.020397
4950.000000 -62.155575
5000.000000 -62.357151
5050.000000 -62.366196
5100.000000 -62.327644
5150.000000 -62.250881
5200.000000 -61.980350
5250.000000 -61.864262
5300.000000 -61.769833
5350.000000 -61.931213
5400.000000 -62.279953
5450.000000 -62.204803
5500.000000 -61.838676
5550.000000 -61.739986
5600.000000 -61.791309
5650.000000 -61.892235
5700.000000 -61.843098
5750.000000 -61.578590
5800.000000 -61.962887
5850.000000 -62.029934
5900.000000 -62.052902
5950.000000 -61.960728
6000.000000 -61.909225
6050.000000 -61.657631
6100.000000 -61.833107
6150.000000 -61.909058
6200.000000 -61.886139
6250.000000 -61.719120
6300.000000 -61.719769
6350.000000 -61.869194
6400.000000 -61.949940
6450.000000 -61.898827
6500.000000 -62.127590
6550.000000 -61.972862
6600.000000 -62.441532
6650.000000 -62.580090
6700.000000 -62.180752
6750.000000 -62.066345
6800.000000 -61.730114
6850.000000 -61.734482
6900.000000 -61.766907
6950.000000 -61.796032
7000.000000 -62.207882
7050.000000 -61.683334
7100.000000 -61.730923
7150.000000 -62.311893
7200.000000 -61.933697
7250.000000 -62.039314
7300.000000 -61.682045
7350.000000 -61.722031
7400.000000 -61.706532
7450.000000 -62.045353
7500.000000 -61.923435
7550.000000 -62.189957
7600.000000 -61.628166
7650.000000 -61.781864
7700.000000 -61.975689
7750.000000 -62.034458
7800.000000 -61.750195
7850.000000 -61.876923
7900.000000 -62.141827
7950.000000 -62.124035
8000.000000 -61.465523
8050.000000 -61.847031
8100.000000 -61.883503
8150.000000 -61.877087
8200.000000 -61.697662
8250.000000 -61.812672
8300.000000 -61.895199
8350.000000 -61.435291
8400.000000 -61.485470
8450.000000 -61.919468
8500.000000 -61.793915
8550.000000 -61.781864
8600.000000 -62.008530
8650.000000 -61.873466
8700.000000 -61.840969
8750.000000 -61.692024
8800.000000 -62.076611
8850.000000 -61.756680
8900.000000 -61.811531
8950.000000 -62.155575
9000.000000 -61.636162
9050.000000 -61.630562
9100.000000 -62.056767
9150.000000 -61.948612
9200.000000 -61.477612
9250.000000 -62.091770
9300.000000 -61.815941
9350.000000 -61.785934
9400.000000 -62.245560
9450.000000 -62.010868
9500.000000 -62.149120
9550.000000 -62.359932
9600.000000 -62.436092
9650.000000 -61.872974
9700.000000 -62.212326
9750.000000 -61.913189
9800.000000 -61.905426
9850.000000 -62.035461
9900.000000 -62.123020
9950.000000 -62.177856
10000.000000 -61.936512
10050.000000 -62.117100
10100.000000 -62.284782
10150.000000 -61.812511
10200.000000 -61.927074
10250.000000 -61.718315
10300.000000 -62.253456
10350.000000 -61.806469
10400.000000 -61.663086
10450.000000 -61.866070
10500.000000 -61.831963
10550.000000 -61.803043
10600.000000 -61.553989
10650.000000 -61.837692
10700.000000 -61.721062
10750.000000 -61.731083
10800.000000 -62.015881
10850.000000 -61.765285
10900.000000 -61.934193
10950.000000 -61.582726
11000.000000 -61.414833
11050.000000 -62.049042
11100.000000 -61.791309
11150.000000 -61.877419
11200.000000 -62.359409
11250.000000 -62.793350
11300.000000 -62.761055
11350.000000 -62.993439
11400.000000 -63.327141
11450.000000 -63.598438
11500.000000 -64.285141
11550.000000 -64.572014
11600.000000 -64.253944
11650.000000 -64.809456
11700.000000 -65.534782
11750.000000 -65.440796
11800.000000 -65.338989
11850.000000 -66.274231
11900.000000 -66.639046
11950.000000 -66.639046
12000.000000 -67.181648
12050.000000 -67.777283
12100.000000 -68.394455
12150.000000 -67.848633
12200.000000 -68.565796
12250.000000 -68.954941
12300.000000 -69.011978
12350.000000 -69.056610
12400.000000 -69.444511
12450.000000 -69.709564
12500.000000 -70.249275
12550.000000 -70.395859
12600.000000 -70.434990
12650.000000 -70.961784
12700.000000 -70.851524
12750.000000 -71.458420
12800.000000 -71.778549
12850.000000 -72.440422
12900.000000 -72.440422
12950.000000 -72.398338
13000.000000 -72.745461
13050.000000 -73.383499
13100.000000 -73.131042
13150.000000 -73.018776
13200.000000 -73.689529
13250.000000 -73.967613
13300.000000 -74.937721
13350.000000 -74.537857
13400.000000 -75.300377
13450.000000 -75.105080
13500.000000 -75.773643
13550.000000 -75.481239
13600.000000 -76.100731
13650.000000 -76.311378
13700.000000 -76.471466
13750.000000 -76.010674
13800.000000 -77.098335
13850.000000 -76.372269
13900.000000 -76.765076
13950.000000 -78.101120
14000.000000 -78.061806
14050.000000 -78.345230
14100.000000 -78.910995
14150.000000 -79.537529
14200.000000 -79.338760
14250.000000 -79.737091
14300.000000 -79.699890
14350.000000 -79.850998
14400.000000 -80.610199
14450.000000 -81.029655
14500.000000 -81.133224
14550.000000 -81.574623
14600.000000 -81.044586
14650.000000 -82.115417
14700.000000 -82.446281
14750.000000 -81.259476
14800.000000 -81.253349
14850.000000 -82.516823
14900.000000 -82.541649
14950.000000 -81.664055
15000.000000 -82.958160
15050.000000 -83.397614
15100.000000 -82.128952
15150.000000 -83.230682
15200.000000 -83.741417
15250.000000 -82.976814
15300.000000 -83.331230
15350.000000 -82.208908
15400.000000 -83.823357
15450.000000 -85.443283
15500.000000 -85.093277
15550.000000 -84.382286
15600.000000 -85.505516
15650.000000 -84.647507
15700.000000 -85.692368
15750.000000 -86.012154
15800.000000 -86.232040
15850.000000 -87.361671
15900.000000 -86.204918
15950.000000 -88.370811
16000.000000 -88.391685
16050.000000 -87.527184
16100.000000 -87.060707
16150.000000 -87.612724
16200.000000 -87.802643
16250.000000 -89.701065
16300.000000 -89.749802
16350.000000 -88.006790
16400.000000 -86.974487
16450.000000 -88.779846
16500.000000 -89.604424
16550.000000 -88.779846
16600.000000 -89.355728
16650.000000 -87.890953
16700.000000 -90.257057
16750.000000 -89.136696
16800.000000 -89.827515
16850.000000 -91.705322
16900.000000 -90.713501
16950.000000 -88.783485
17000.000000 -88.971321
17050.000000 -91.404572
17100.000000 -91.037979
17150.000000 -90.484497
17200.000000 -90.175415
17250.000000 -89.980888
17300.000000 -92.166588
17350.000000 -92.258087
17400.000000 -89.140495
17450.000000 -89.441772
17500.000000 -89.951660
17550.000000 -91.797623
17600.000000 -91.052162
17650.000000 -91.896118
17700.000000 -90.551224
17750.000000 -93.576210
17800.000000 -89.872833
17850.000000 -94.151566
17900.000000 -90.837227
17950.000000 -94.084229
18000.000000 -91.209702
18050.000000 -91.669693
18100.000000 -95.222214
18150.000000 -95.161110
18200.000000 -89.359619
18250.000000 -93.918144
18300.000000 -91.833778
18350.000000 -93.235062
18400.000000 -92.767357
18450.000000 -97.006798
18500.000000 -91.258011
18550.000000 -93.096275
18600.000000 -91.870087
18650.000000 -92.522987
18700.000000 -91.818283
18750.000000 -91.190453
18800.000000 -90.396309
18850.000000 -90.480064
18900.000000 -91.389801
18950.000000 -91.414429
19000.000000 -91.578743
19050.000000 -92.350983
19100.000000 -91.389801
19150.000000 -94.995659
19200.000000 -89.762024
19250.000000 -92.350983
19300.000000 -94.869934
19350.000000 -91.964165
19400.000000 -92.112549
19450.000000 -90.352554
19500.000000 -90.668114
19550.000000 -94.044083
19600.000000 -89.922539
19650.000000 -92.517387
19700.000000 -91.404572
19750.000000 -91.771881
19800.000000 -92.006302
19850.000000 -90.137009
19900.000000 -94.104378
19950.000000 -91.880493
20000.000000 -90.378784
20050.000000 -91.147301
20100.000000 -91.792465
20150.000000 -93.438141
20200.000000 -92.802010
20250.000000 -90.361290
20300.000000 -90.690781
20350.000000 -91.958908
20400.000000 -91.147301
20450.000000 -92.848427
20500.000000 -91.028542
20550.000000 -93.481834
20600.000000 -92.236366
20650.000000 -92.252647
20700.000000 -93.302223
20750.000000 -92.101868
20800.000000 -92.247223
20850.000000 -91.690041
20900.000000 -95.557228
20950.000000 -94.702682
21000.000000 -93.042564
21050.000000 -96.089767
21100.000000 -90.690781
21150.000000 -90.731720
21200.000000 -95.283447
21250.000000 -91.085342
21300.000000 -92.704185
21350.000000 -93.394661
21400.000000 -94.936264
21450.000000 -95.229713
21500.000000 -92.356476
21550.000000 -91.142517
21600.000000 -90.183975
21650.000000 -95.077988
21700.000000 -92.641472
21750.000000 -89.930847
21800.000000 -89.876961
21850.000000 -91.004982
21900.000000 -94.731537
21950.000000 -92.225533
22000.000000 -93.639709
22050.000000 -90.039627
22100.000000 -90.622971
22150.000000 -89.856323
22200.000000 -91.028542
22250.000000 -91.995750
22300.000000 -91.974678
22350.000000 -96.675163
22400.000000 -91.634216
22450.000000 -98.117149
22500.000000 -95.032982
22550.000000 -91.583771
22600.000000 -92.802010
22650.000000 -92.112549
22700.000000 -92.738586
22750.000000 -91.818268
22800.000000 -93.186531
22850.000000 -89.042343
22900.000000 -93.742271
22950.000000 -92.027451
23000.000000 -94.384483
23050.000000 -87.223572
23100.000000 -95.161110
23150.000000 -92.378494
23200.000000 -93.761642
23250.000000 -90.235497
23300.000000 -92.819382
23350.000000 -93.904999
23400.000000 -91.958908
23450.000000 -93.684433
23500.000000 -92.721367
23550.000000 -94.753242
23600.000000 -93.241142
23650.000000 -95.032982
23700.000000 -95.605042
23750.000000 -91.649399
23800.000000 -92.323555
23850.000000 -93.671631
23900.000000 -88.060265
23950.000000 -91.085342
24000.000000 -94.274094
24050.000000 -91.932693
24100.000000 -92.203896
24150.000000 -91.042709
24200.000000 -93.320633
24250.000000 -88.982498
24300.000000 -93.690842
24350.000000 -95.881065
24400.000000 -91.927460
24450.000000 -91.684952
24500.000000 -90.175415
24550.000000 -95.138359
24600.000000 -94.178642
24650.000000 -93.904999
24700.000000 -95.955620
24750.000000 -93.283859
24800.000000 -93.096275
24850.000000 -94.377541
24900.000000 -93.314491
24950.000000 -94.308441
25000.000000 -91.238655
25050.000000 -91.558662
25100.000000 -90.768272
25150.000000 -96.594200
25200.000000 -94.789543
25250.000000 -90.213989
25300.000000 -92.947891
25350.000000 -92.263519
25400.000000 -92.601799
25450.000000 -90.846458
25500.000000 -91.463898
25550.000000 -90.640999
25600.000000 -92.450439
25650.000000 -93.018799
25700.000000 -91.937927
25750.000000 -92.947891
25800.000000 -92.698463
25850.000000 -90.855705
25900.000000 -90.604980
25950.000000 -91.468857
26000.000000 -88.110695
26050.000000 -87.783134
26100.000000 -94.602432
26150.000000 -96.286308
26200.000000 -91.296852
26250.000000 -92.836800
26300.000000 -92.048645
26350.000000 -92.279854
26400.000000 -94.131310
26450.000000 -92.241791
26500.000000 -90.086067
26550.000000 -92.761597
26600.000000 -90.560158
26650.000000 -91.583771
26700.000000 -91.195259
26750.000000 -92.556679
26800.000000 -93.582542
26850.000000 -95.438835
26900.000000 -92.001022
26950.000000 -95.145935
27000.000000 -93.302223
27050.000000 -95.368568
27100.000000 -93.846062
27150.000000 -93.826508
27200.000000 -90.786606
27250.000000 -93.308357
27300.000000 -91.782173
27350.000000 -94.602432
27400.000000 -92.977371
27450.000000 -94.440201
27500.000000 -95.742180
27550.000000 -94.630959
27600.000000 -93.911568
27650.000000 -94.077522
27700.000000 -92.871727
27750.000000 -92.545433
27800.000000 -92.356476
27850.000000 -92.942009
27900.000000 -93.444366
27950.000000 -92.732841
28000.000000 -90.745407
28050.000000 -93.755180
28100.000000 -94.804100
28150.000000 -94.775002
28200.000000 -94.503326
28250.000000 -93.265526
28300.000000 -94.294685
28350.000000 -89.790611
28400.000000 -94.287819
28450.000000 -96.997414
28500.000000 -92.773125
28550.000000 -92.715637
28600.000000 -94.322212
28650.000000 -93.781052
28700.000000 -91.964165
28750.000000 -92.889244
28800.000000 -95.123230
28850.000000 -92.279854
28900.000000 -92.247223
28950.000000 -91.943169
29000.000000 -92.664223
29050.000000 -87.943718
29100.000000 -92.825188
29150.000000 -91.583771
29200.000000 -92.117897
29250.000000 -93.012871
29300.000000 -92.038040
29350.000000 -94.315353
29400.000000 -95.685318
29450.000000 -94.440201
29500.000000 -91.453979
29550.000000 -91.833778
29600.000000 -94.171867
29650.000000 -91.943207
29700.000000 -91.233826
29750.000000 -89.612434
29800.000000 -92.755836
29850.000000 -90.132751
29900.000000 -93.204697
29950.000000 -92.692749
30000.000000 -95.415352
30050.000000 -91.209702
30100.000000 -91.730865
30150.000000 -89.016113
30200.000000 -89.831627
30250.000000 -90.795784
30300.000000 -91.468857
30350.000000 -90.244118
30400.000000 -94.475212
30450.000000 -95.848129
30500.000000 -94.862595
30550.000000 -89.668732
30600.000000 -89.856323
30650.000000 -89.266678
30700.000000 -89.705368
30750.000000 -94.906723
30800.000000 -92.133957
30850.000000 -90.759117
30900.000000 -90.930023
30950.000000 -88.710922
31000.000000 -91.802780
31050.000000 -91.761612
31100.000000 -91.209702
31150.000000 -74.222137
31200.000000 -67.599030
31250.000000 -63.567406
31300.000000 -61.578907
31350.000000 -59.973270
31400.000000 -58.903278
31450.000000 -57.700745
31500.000000 -57.781166
31550.000000 -57.297218
31600.000000 -57.149437
31650.000000 -57.004322
31700.000000 -57.665119
31750.000000 -58.333191
31800.000000 -58.552090
31850.000000 -59.647930
31900.000000 -60.913147
31950.000000 -61.909225
32000.000000 -64.046844
32050.000000 -65.414803
32100.000000 -67.591408
32150.000000 -67.822830
32200.000000 -66.833336
32250.000000 -65.146553
32300.000000 -63.309082
32350.000000 -62.224300
32400.000000 -61.047272
32450.000000 -60.447510
32500.000000 -59.617817
32550.000000 -59.213284
32600.000000 -59.228306
32650.000000 -59.409786
32700.000000 -59.818352
32750.000000 -59.957561
32800.000000 -60.264282
32850.000000 -60.900200
32900.000000 -61.439671
32950.000000 -62.343601
33000.000000 -63.066704
33050.000000 -63.415459
33100.000000 -64.457451
33150.000000 -64.043472
33200.000000 -63.760391
33250.000000 -63.413307
33300.000000 -62.476540
33350.000000 -62.031776
33400.000000 -61.372978
33450.000000 -60.760784
33500.000000 -60.348858
33550.000000 -60.266743
33600.000000 -59.825104
33650.000000 -59.894875
33700.000000 -60.324883
33750.000000 -60.448345
33800.000000 -61.015038
33850.000000 -61.356228
33900.000000 -61.727203
33950.000000 -62.000683
34000.000000 -62.667938
34050.000000 -62.691212
34100.000000 -63.216461
34150.000000 -62.915962
34200.000000 -63.282547
34250.000000 -63.065575
34300.000000 -62.115913
34350.000000 -62.018890
34400.000000 -61.846050
34450.000000 -61.550659
34500.000000 -61.166050
34550.000000 -60.937622
34600.000000 -60.707279
34650.000000 -60.909321
34700.000000 -61.094048
34750.000000 -61.541794
34800.000000 -60.922279
34850.000000 -61.590042
34900.000000 -61.542267
34950.000000 -62.059620
35000.000000 -62.080822
35050.000000 -62.311028
35100.000000 -62.138435
35150.000000 -62.177174
35200.000000 -62.304459
35250.000000 -62.568504
35300.000000 -62.391815
35350.000000 -61.959068
35400.000000 -61.758465
35450.000000 -62.059284
35500.000000 -61.590202
35550.000000 -61.949108
35600.000000 -61.632484
35650.000000 -61.681240
35700.000000 -61.685425
35750.000000 -61.777962
35800.000000 -61.381207
35850.000000 -61.479652
35900.000000 -61.757980
35950.000000 -61.598801
36000.000000 -62.340302
36050.000000 -62.024078
36100.000000 -61.809082
36150.000000 -62.409115
36200.000000 -62.573135
36250.000000 -62.287884
36300.000000 -62.341171
36350.000000 -61.879391
36400.000000 -61.896519
36450.000000 -61.724293
36500.000000 -61.565407
36550.000000 -61.601830
36600.000000 -61.837856
36650.000000 -61.935684
36700.000000 -61.914013
36750.000000 -61.767719
36800.000000 -61.754410
36850.000000 -61.773247
36900.000000 -62.100033
36950.000000 -61.801575
37000.000000 -61.729141
37050.000000 -62.148273
37100.000000 -62.282024
37150.000000 -62.350899
37200.000000 -62.267384
37250.000000 -62.255520
37300.000000 -62.099361
37350.000000 -62.194733
37400.000000 -62.115578
37450.000000 -62.165092
37500.000000 -62.054077
37550.000000 -61.798153
37600.000000 -61.900806
37650.000000 -62.084858
37700.000000 -61.732380
37750.000000 -61.769997
37800.000000 -61.941315
37850.000000 -61.394268
37900.000000 -61.741444
37950.000000 -61.799129
38000.000000 -61.722515
38050.000000 -61.833763
38100.000000 -61.898827
38150.000000 -62.169853
38200.000000 -61.921616
38250.000000 -61.813980
38300.000000 -62.177685
38350.000000 -62.183308
38400.000000 -62.153194
38450.000000 -61.946125
38500.000000 -61.939659
38550.000000 -62.071556
38600.000000 -62.184330
38650.000000 -62.088226
38700.000000 -61.736588
38750.000000 -61.941151
38800.000000 -61.875275
38850.000000 -61.695889
38900.000000 -61.636482
38950.000000 -61.157566
39000.000000 -61.866726
39050.000000 -61.902950
39100.000000 -61.844246
39150.000000 -61.946125
39200.000000 -62.302731
39250.000000 -61.962391
39300.000000 -62.090755
39350.000000 -61.755058
39400.000000 -61.833271
39450.000000 -61.836548
39500.000000 -62.073238
39550.000000 -61.683815
39600.000000 -61.818554
39650.000000 -61.839657
39700.000000 -61.716377
39750.000000 -61.919632
39800.000000 -61.827381
39850.000000 -61.913189
39900.000000 -61.843262
39950.000000 -61.735779
40000.000000 -62.023743
