0.000000 -60.393120
50.000000 -60.213467
100.000000 -60.368332
150.000000 -60.324471
200.000000 -59.987156
250.000000 -60.074139
300.000000 -59.653023
350.000000 -59.995495
400.000000 -60.063450
450.000000 -60.095554
500.000000 -59.913490
550.000000 -59.741467
600.000000 -60.289047
650.000000 -59.918346
700.000000 -60.114334
750.000000 -60.376354
800.000000 -60.182957
850.000000 -60.094078
900.000000 -60.086044
950.000000 -60.151073
1000.000000 -59.969833
1050.000000 -60.096760
1100.000000 -59.728481
1150.000000 -59.951233
1200.000000 -60.136787
1250.000000 -60.015121
1300.000000 -60.138134
1350.000000 -60.227062
1400.000000 -60.060249
1450.000000 -60.084705
1500.000000 -60.086712
1550.000000 -60.383972
1600.000000 -60.455746
1650.000000 -59.875908
1700.000000 -60.040253
1750.000000 -59.826790
1800.000000 -59.857906
1850.000000 -60.232506
1900.000000 -60.008751
1950.000000 -59.961124
2000.000000 -59.763878
2050.000000 -59.971153
2100.000000 -60.094345
2150.000000 -60.241901
2200.000000 -58.721676
2250.000000 -58.923046
2300.000000 -58.922924
2350.000000 -58.906319
2400.000000 -58.763069
2450.000000 -59.162228
2500.000000 -59.259544
2550.000000 -58.990746
2600.000000 -59.191280
2650.000000 -59.132549
2700.000000 -58.378929
2750.000000 -58.675125
2800.000000 -58.698940
2850.000000 -58.676380
2900.000000 -59.055054
2950.000000 -59.187412
3000.000000 -58.695175
3050.000000 -58.947430
3100.000000 -59.077671
3150.000000 -58.814720
3200.000000 -58.619434
3250.000000 -58.750668
3300.000000 -58.703163
3350.000000 -58.621357
3400.000000 -58.760197
3450.000000 -58.744926
3500.000000 -58.619324
3550.000000 -58.700420
3600.000000 -58.962940
3650.000000 -58.714584
3700.000000 -59.270611
3750.000000 -58.665573
3800.000000 -58.661255
3850.000000 -58.976128
3900.000000 -59.121643
3950.000000 -59.185966
4000.000000 -59.379871
4050.000000 -59.386787
4100.000000 -59.217037
4150.000000 -58.925972
4200.000000 -58.946842
4250.000000 -59.195141
4300.000000 -58.882511
4350.000000 -59.206142
4400.000000 -59.164150
4450.000000 -58.739769
4500.000000 -58.658188
4550.000000 -59.150078
4600.000000 -58.747223
4650.000000 -58.866325
4700.000000 -58.865860
4750.000000 -58.786667
4800.000000 -59.045551
4850.000000 -59.323170
4900.000000 -59.234131
4950.000000 -59.157413
5000.000000 -59.317287
5050.000000 -59.235588
5100.000000 -58.975418
5150.000000 -59.166798
5200.000000 -59.301865
5250.000000 -59.076717
5300.000000 -59.075764
5350.000000 -59.217640
5400.000000 -59.098431
5450.000000 -59.202877
5500.000000 -59.178368
5550.000000 -58.993813
5600.000000 -59.351048
5650.000000 -59.150677
5700.000000 -59.028587
5750.000000 -59.163067
5800.000000 -59.161983
5850.000000 -59.326359
5900.000000 -59.414124
5950.000000 -59.309937
6000.000000 -59.324642
6050.000000 -59.434711
6100.000000 -59.523964
6150.000000 -59.695274
6200.000000 -59.360767
6250.000000 -59.024914
6300.000000 -58.931244
6350.000000 -58.996647
6400.000000 -59.039024
6450.000000 -59.189465
6500.000000 -58.936283
6550.000000 -58.876686
6600.000000 -59.105484
6650.000000 -58.726368
6700.000000 -58.919884
6750.000000 -59.565971
6800.000000 -58.861095
6850.000000 -58.984493
6900.000000 -58.935814
6950.000000 -58.950836
7000.000000 -59.277561
7050.000000 -59.036770
7100.000000 -59.033802
7150.000000 -58.930889
7200.000000 -59.039970
7250.000000 -58.980721
7300.000000 -58.715500
7350.000000 -59.205296
7400.000000 -59.089718
7450.000000 -59.415112
7500.000000 -59.378269
7550.000000 -59.118526
7600.000000 -59.673805
7650.000000 -59.430122
7700.000000 -59.201908
7750.000000 -59.485031
7800.000000 -59.759884
7850.000000 -59.192242
7900.000000 -59.104172
7950.000000 -58.880180
8000.000000 -58.996883
8050.000000 -59.570385
8100.000000 -59.446270
8150.000000 -59.243114
8200.000000 -59.650730
8250.000000 -59.696812
8300.000000 -59.525093
8350.000000 -59.493778
8400.000000 -59.297218
8450.000000 -59.254055
8500.000000 -59.307861
8550.000000 -59.121880
8600.000000 -58.882511
8650.000000 -59.009644
8700.000000 -59.305286
8750.000000 -59.549469
8800.000000 -59.447765
8850.000000 -59.587685
8900.000000 -59.205540
8950.000000 -59.192726
9000.000000 -58.992043
9050.000000 -59.038548
9100.000000 -58.795082
9150.000000 -59.006336
9200.000000 -58.912861
9250.000000 -58.956242
9300.000000 -58.998062
9350.000000 -58.935230
9400.000000 -59.185848
9450.000000 -59.211712
9500.000000 -58.988506
9550.000000 -59.035702
9600.000000 -58.810211
9650.000000 -58.956123
9700.000000 -58.907719
9750.000000 -59.264763
9800.000000 -59.077194
9850.000000 -58.730373
9900.000000 -59.057671
9950.000000 -59.343914
10000.000000 -59.362492
10050.000000 -59.432976
10100.000000 -59.780922
10150.000000 -59.608055
10200.000000 -59.140591
10250.000000 -59.533131
10300.000000 -59.782860
10350.000000 -59.474419
10400.000000 -59.545067
10450.000000 -59.673805
10500.000000 -59.396427
10550.000000 -59.233643
10600.000000 -59.509796
10650.000000 -59.170292
10700.000000 -59.269634
10750.000000 -59.094372
10800.000000 -59.409168
10850.000000 -59.605019
10900.000000 -59.107277
10950.000000 -59.589329
11000.000000 -59.339981
11050.000000 -59.614014
11100.000000 -59.596283
11150.000000 -59.306633
11200.000000 -59.563953
11250.000000 -59.292210
11300.000000 -59.531872
11350.000000 -59.849037
11400.000000 -60.322269
11450.000000 -60.557747
11500.000000 -60.787300
11550.000000 -61.119492
11600.000000 -61.584473
11650.000000 -61.654102
11700.000000 -61.915337
11750.000000 -62.046692
11800.000000 -62.281677
11850.000000 -62.723434
11900.000000 -62.840645
11950.000000 -62.798653
12000.000000 -63.598438
12050.000000 -63.306755
12100.000000 -63.946064
12150.000000 -64.544014
12200.000000 -65.077080
12250.000000 -64.939079
12300.000000 -65.257767
12350.000000 -65.290604
12400.000000 -65.667892
12450.000000 -65.773911
12500.000000 -66.194633
12550.000000 -66.719116
12600.000000 -66.978325
12650.000000 -66.933159
12700.000000 -67.314156
12750.000000 -67.903114
12800.000000 -68.459846
12850.000000 -68.358650
12900.000000 -68.632500
12950.000000 -69.193787
13000.000000 -69.384949
13050.000000 -69.849304
13100.000000 -69.970840
13150.000000 -70.396294
13200.000000 -70.021950
13250.000000 -70.352104
13300.000000 -70.620255
13350.000000 -70.937943
13400.000000 -71.162132
13450.000000 -71.316811
13500.000000 -71.720619
13550.000000 -71.927963
13600.000000 -72.889809
13650.000000 -72.020554
13700.000000 -72.420464
13750.000000 -73.165970
13800.000000 -73.229561
13850.000000 -73.316925
13900.000000 -73.274055
13950.000000 -74.206467
14000.000000 -74.598137
14050.000000 -74.598137
14100.000000 -74.518799
14150.000000 -74.648811
14200.000000 -75.909126
14250.000000 -76.135483
14300.000000 -76.445023
14350.000000 -77.069908
14400.000000 -76.453827
14450.000000 -77.149727
14500.000000 -76.830162
14550.000000 -77.549210
14600.000000 -78.188904
14650.000000 -78.438850
14700.000000 -77.071800
14750.000000 -77.948044
14800.000000 -78.731636
14850.000000 -78.939102
14900.000000 -79.046524
14950.000000 -79.371986
15000.000000 -80.345551
15050.000000 -79.877090
15100.000000 -80.637260
15150.000000 -80.840721
15200.000000 -80.830513
15250.000000 -80.327637
15300.000000 -82.364113
15350.000000 -81.722038
15400.000000 -81.886803
15450.000000 -81.798317
15500.000000 -81.273277
15550.000000 -81.151367
15600.000000 -82.609489
15650.000000 -83.906082
15700.000000 -82.924690
15750.000000 -82.757416
15800.000000 -83.565811
15850.000000 -83.257637
15900.000000 -83.159836
15950.000000 -83.016113
16000.000000 -84.369125
16050.000000 -86.606667
16100.000000 -84.014816
16150.000000 -83.666298
16200.000000 -83.642075
16250.000000 -83.658218
16300.000000 -84.930435
16350.000000 -86.302956
16400.000000 -85.129082
16450.000000 -85.611076
16500.000000 -85.990974
16550.000000 -84.982025
16600.000000 -87.048767
16650.000000 -86.355133
16700.000000 -84.595612
16750.000000 -85.136261
16800.000000 -86.041313
16850.000000 -86.502373
16900.000000 -86.666428
16950.000000 -88.493271
17000.000000 -88.812683
17050.000000 -88.003464
17100.000000 -86.709358
17150.000000 -87.744255
17200.000000 -88.158028
17250.000000 -85.738434
17300.000000 -88.232933
17350.000000 -88.339600
17400.000000 -86.657867
17450.000000 -89.461624
17500.000000 -87.483154
17550.000000 -90.218292
17600.000000 -88.301605
17650.000000 -87.871254
17700.000000 -90.248428
17750.000000 -88.073685
17800.000000 -89.016113
17850.000000 -92.038040
17900.000000 -88.553383
17950.000000 -87.464355
18000.000000 -88.398651
18050.000000 -88.433578
18100.000000 -91.137741
18150.000000 -90.158325
18200.000000 -91.578743
18250.000000 -91.052162
18300.000000 -92.483849
18350.000000 -92.947891
18400.000000 -91.113884
18450.000000 -90.188255
18500.000000 -92.312607
18550.000000 -93.084312
18600.000000 -88.997421
18650.000000 -88.507378
18700.000000 -91.818268
18750.000000 -93.102264
18800.000000 -94.695480
18850.000000 -93.891861
18900.000000 -92.556679
18950.000000 -91.937927
19000.000000 -92.727104
19050.000000 -92.715637
19100.000000 -91.624100
19150.000000 -90.609474
19200.000000 -93.388466
19250.000000 -92.048645
19300.000000 -96.711395
19350.000000 -93.937912
19400.000000 -91.838959
19450.000000 -92.624443
19500.000000 -93.407059
19550.000000 -93.481834
19600.000000 -91.282265
19650.000000 -91.937927
19700.000000 -92.784668
19750.000000 -95.100578
19800.000000 -92.171547
19850.000000 -93.431915
19900.000000 -92.918518
19950.000000 -93.024734
20000.000000 -91.695129
20050.000000 -92.744331
20100.000000 -95.138359
20150.000000 -91.849319
20200.000000 -91.434181
20250.000000 -91.896118
20300.000000 -93.138275
20350.000000 -94.084229
20400.000000 -92.209305
20450.000000 -91.350548
20500.000000 -90.520020
20550.000000 -93.407059
20600.000000 -93.690842
20650.000000 -95.914124
20700.000000 -95.291153
20750.000000 -95.972275
20800.000000 -93.813492
20850.000000 -92.860069
20900.000000 -91.262856
20950.000000 -94.503326
21000.000000 -91.751350
21050.000000 -96.260422
21100.000000 -94.274094
21150.000000 -95.245033
21200.000000 -92.220116
21250.000000 -93.885307
21300.000000 -93.241142
21350.000000 -90.031212
21400.000000 -94.356750
21450.000000 -93.569885
21500.000000 -91.306587
21550.000000 -94.084229
21600.000000 -91.870087
21650.000000 -91.741104
21700.000000 -90.400703
21750.000000 -93.794014
21800.000000 -93.126259
21850.000000 -90.740837
21900.000000 -89.568459
21950.000000 -93.228981
22000.000000 -91.674774
22050.000000 -89.964172
22100.000000 -91.137741
22150.000000 -91.953659
22200.000000 -94.124565
22250.000000 -91.238655
22300.000000 -91.335869
22350.000000 -89.885231
22400.000000 -91.394722
22450.000000 -90.440292
22500.000000 -95.509674
22550.000000 -90.953377
22600.000000 -91.248329
22650.000000 -90.440292
22700.000000 -95.807144
22750.000000 -93.544640
22800.000000 -94.804184
22850.000000 -94.666740
22900.000000 -93.048515
22950.000000 -92.906799
23000.000000 -91.321220
23050.000000 -92.345490
23100.000000 -91.715530
23150.000000 -93.048515
23200.000000 -93.582542
23250.000000 -92.091194
23300.000000 -90.427071
23350.000000 -90.972107
23400.000000 -90.533379
23450.000000 -91.439125
23500.000000 -91.523628
23550.000000 -93.216827
23600.000000 -94.524467
23650.000000 -92.556679
23700.000000 -92.171547
23750.000000 -94.398376
23800.000000 -96.487404
23850.000000 -92.107208
23900.000000 -91.953659
23950.000000 -96.149117
24000.000000 -91.453979
24050.000000 -92.209305
24100.000000 -93.018799
24150.000000 -91.306587
24200.000000 -93.357567
24250.000000 -90.335114
24300.000000 -94.928871
24350.000000 -95.329773
24400.000000 -91.238655
24450.000000 -91.498688
24500.000000 -91.573715
24550.000000 -91.152084
24600.000000 -96.505112
24650.000000 -93.852592
24700.000000 -94.057442
24750.000000 -96.355728
24800.000000 -91.156868
24850.000000 -94.746002
24900.000000 -92.539818
24950.000000 -92.601799
25000.000000 -92.860069
25050.000000 -95.431000
25100.000000 -94.260391
25150.000000 -89.305290
25200.000000 -92.064575
25250.000000 -92.198502
25300.000000 -91.019112
25350.000000 -94.084229
25400.000000 -92.274406
25450.000000 -90.027008
25500.000000 -90.391930
25550.000000 -97.529274
25600.000000 -94.855263
25650.000000 -89.955826
25700.000000 -92.128601
25750.000000 -92.417160
25800.000000 -93.620613
25850.000000 -94.623817
25900.000000 -94.688347
25950.000000 -94.475212
26000.000000 -95.798965
26050.000000 -91.948410
26100.000000 -92.495010
26150.000000 -94.753242
26200.000000 -91.434181
26250.000000 -92.584846
26300.000000 -91.384888
26350.000000 -93.550941
26400.000000 -92.647156
26450.000000 -91.624100
26500.000000 -92.965569
26550.000000 -89.918381
26600.000000 -95.345268
26650.000000 -93.351402
26700.000000 -88.978767
26750.000000 -89.270531
26800.000000 -93.538338
26850.000000 -94.731537
26900.000000 -92.433784
26950.000000 -90.618469
27000.000000 -92.155418
27050.000000 -93.388466
27100.000000 -92.802010
27150.000000 -92.983276
27200.000000 -94.951073
27250.000000 -91.424301
27300.000000 -91.335869
27350.000000 -91.209702
27400.000000 -91.272560
27450.000000 -93.253326
27500.000000 -92.534203
27550.000000 -93.253326
27600.000000 -95.214417
27650.000000 -91.990479
27700.000000 -93.639709
27750.000000 -91.792465
27800.000000 -91.233826
27850.000000 -93.665237
27900.000000 -90.855705
27950.000000 -93.388466
28000.000000 -92.601799
28050.000000 -92.285301
28100.000000 -91.370155
28150.000000 -93.620613
28200.000000 -95.972275
28250.000000 -94.111099
28300.000000 -91.823433
28350.000000 -91.052292
28400.000000 -89.701065
28450.000000 -93.241142
28500.000000 -93.525826
28550.000000 -93.357567
28600.000000 -90.449112
28650.000000 -95.653114
28700.000000 -93.937912
28750.000000 -92.590492
28800.000000 -92.761597
28850.000000 -93.463081
28900.000000 -93.990829
28950.000000 -94.638100
29000.000000 -96.756897
29050.000000 -93.506905
29100.000000 -91.528717
29150.000000 -90.972107
29200.000000 -93.156342
29250.000000 -91.958908
29300.000000 -99.365860
29350.000000 -95.717636
29400.000000 -96.286308
29450.000000 -93.162369
29500.000000 -92.329033
29550.000000 -91.538628
29600.000000 -96.320953
29650.000000 -92.813591
29700.000000 -91.326096
29750.000000 -96.047623
29800.000000 -94.287819
29850.000000 -90.111504
29900.000000 -94.219421
29950.000000 -91.152084
30000.000000 -95.517586
30050.000000 -91.690041
30100.000000 -93.826508
30150.000000 -93.872208
30200.000000 -93.859123
30250.000000 -94.030739
30300.000000 -92.630119
30350.000000 -94.405334
30400.000000 -92.268959
30450.000000 -92.784668
30500.000000 -94.623817
30550.000000 -92.290756
30600.000000 -94.877281
30650.000000 -90.196823
30700.000000 -94.510368
30750.000000 -91.906555
30800.000000 -92.930260
30850.000000 -93.180489
30900.000000 -90.888138
30950.000000 -92.112549
31000.000000 -88.794426
31050.000000 -90.511124
31100.000000 -91.190453
31150.000000 -91.019112
31200.000000 -91.624100
31250.000000 -72.479370
31300.000000 -66.880325
31350.000000 -63.453640
31400.000000 -61.159386
31450.000000 -59.320473
31500.000000 -57.929325
31550.000000 -57.299545
31600.000000 -56.899353
31650.000000 -56.161598
31700.000000 -55.865208
31750.000000 -55.627651
31800.000000 -55.334232
31850.000000 -55.965828
31900.000000 -55.878971
31950.000000 -56.130898
32000.000000 -56.703831
32050.000000 -57.203060
32100.000000 -58.199558
32150.000000 -58.718929
32200.000000 -59.690800
32250.000000 -61.521423
32300.000000 -62.213696
32350.000000 -63.828087
32400.000000 -65.344627
32450.000000 -65.532524
32500.000000 -64.455902
32550.000000 -63.066154
32600.000000 -62.340321
32650.000000 -61.096905
32700.000000 -59.771362
32750.000000 -59.602993
32800.000000 -58.695518
32850.000000 -57.823254
32900.000000 -57.912426
32950.000000 -57.639732
33000.000000 -57.348145
33050.000000 -57.681343
33100.000000 -57.560104
33150.000000 -57.718056
33200.000000 -58.400620
33250.000000 -58.854240
33300.000000 -58.991219
33350.000000 -59.181263
33400.000000 -60.009945
33450.000000 -60.495087
33500.000000 -61.007889
33550.000000 -61.449219
33600.000000 -61.853428
33650.000000 -62.372116
33700.000000 -61.861965
33750.000000 -61.672722
33800.000000 -61.533409
33850.000000 -61.004177
33900.000000 -60.734642
33950.000000 -59.906013
34000.000000 -59.540916
34050.000000 -59.382465
34100.000000 -59.019112
34150.000000 -58.950722
34200.000000 -58.809288
34250.000000 -58.992634
34300.000000 -59.055412
34350.000000 -59.006927
34400.000000 -58.891373
34450.000000 -59.016628
34500.000000 -59.607044
34550.000000 -60.192982
34600.000000 -60.197994
34650.000000 -60.402691
34700.000000 -60.704834
34750.000000 -60.614746
34800.000000 -60.517002
34850.000000 -60.755867
34900.000000 -60.929211
34950.000000 -60.995991
35000.000000 -60.676422
35050.000000 -60.666256
35100.000000 -60.229374
35150.000000 -60.229374
35200.000000 -59.708721
35250.000000 -59.745068
35300.000000 -59.810696
35350.000000 -59.685425
35400.000000 -59.454361
35450.000000 -59.701290
35500.000000 -59.332493
35550.000000 -59.690029
35600.000000 -59.363602
35650.000000 -59.673676
35700.000000 -59.836021
35750.000000 -59.686832
35800.000000 -59.899719
35850.000000 -60.014725
35900.000000 -60.056644
35950.000000 -60.032001
36000.000000 -60.212379
36050.000000 -60.197723
36100.000000 -60.266468
36150.000000 -60.126831
36200.000000 -60.333832
36250.000000 -60.061317
36300.000000 -60.168488
36350.000000 -60.050644
36400.000000 -59.851513
36450.000000 -60.060516
36500.000000 -59.581997
36550.000000 -59.444653
36600.000000 -59.524338
36650.000000 -59.288055
36700.000000 -59.453983
36750.000000 -59.720520
36800.000000 -59.639153
36850.000000 -59.555641
36900.000000 -59.669209
36950.000000 -59.941616
37000.000000 -60.003048
37050.000000 -60.043980
37100.000000 -60.659962
37150.000000 -60.251450
37200.000000 -60.435238
37250.000000 -60.716919
37300.000000 -60.037189
37350.000000 -60.386463
37400.000000 -59.987022
37450.000000 -59.904568
37500.000000 -59.839142
37550.000000 -60.002254
37600.000000 -60.149723
37650.000000 -59.813290
37700.000000 -59.886631
37750.000000 -59.819389
37800.000000 -59.918083
37850.000000 -59.671124
37900.000000 -60.129791
37950.000000 -60.076546
38000.000000 -59.830818
38050.000000 -60.094078
38100.000000 -60.165112
38150.000000 -60.280830
38200.000000 -60.233593
38250.000000 -60.269066
38300.000000 -60.401859
38350.000000 -60.331902
38400.000000 -60.268791
38450.000000 -60.427299
38500.000000 -60.198673
38550.000000 -60.440536
38600.000000 -60.383835
38650.000000 -60.390484
38700.000000 -60.517422
38750.000000 -60.098232
38800.000000 -60.243813
38850.000000 -60.059849
38900.000000 -60.236725
38950.000000 -60.073071
39000.000000 -60.422707
39050.000000 -59.941357
39100.000000 -60.042381
39150.000000 -60.392704
39200.000000 -60.095150
39250.000000 -60.538971
39300.000000 -59.961384
39350.000000 -59.931484
39400.000000 -60.252266
39450.000000 -59.900509
39500.000000 -59.867031
39550.000000 -59.825623
39600.000000 -59.940563
39650.000000 -60.239315
39700.000000 -60.238770
39750.000000 -60.373035
39800.000000 -60.722675
39850.000000 -60.460495
39900.000000 -59.915852
39950.000000 -60.101585
40000.000000 -59.641056
