0.000000 -60.921101
50.000000 -61.135334
100.000000 -60.870556
150.000000 -60.955212
200.000000 -60.963497
250.000000 -61.183956
300.000000 -61.430603
350.000000 -61.022636
400.000000 -61.312202
450.000000 -61.561283
500.000000 -61.513504
550.000000 -61.751328
600.000000 -61.720898
650.000000 -61.193073
700.000000 -61.627529
750.000000 -61.603264
800.000000 -61.336418
850.000000 -61.358242
900.000000 -61.319588
950.000000 -61.435135
1000.000000 -61.207073
1050.000000 -60.884338
1100.000000 -61.083233
1150.000000 -61.458778
1200.000000 -61.383850
1250.000000 -61.103523
1300.000000 -61.391941
1350.000000 -61.366459
1400.000000 -61.430290
1450.000000 -61.781704
1500.000000 -61.733349
1550.000000 -61.394737
1600.000000 -61.101116
1650.000000 -61.101418
1700.000000 -61.573982
1750.000000 -61.182133
1800.000000 -61.355297
1850.000000 -61.163174
1900.000000 -61.235142
1950.000000 -61.471485
2000.000000 -61.313416
2050.000000 -61.418736
2100.000000 -61.415302
2150.000000 -61.340282
2200.000000 -61.055351
2250.000000 -61.814468
2300.000000 -61.403454
2350.000000 -61.180466
2400.000000 -61.113010
2450.000000 -61.053104
2500.000000 -61.019653
2550.000000 -61.489559
2600.000000 -61.135033
2650.000000 -61.464581
2700.000000 -61.540051
2750.000000 -61.884327
2800.000000 -61.374683
2850.000000 -61.008633
2900.000000 -60.992126
2950.000000 -61.415146
3000.000000 -61.568424
3050.000000 -61.713955
3100.000000 -61.804676
3150.000000 -61.290325
3200.000000 -61.278488
3250.000000 -61.522659
3300.000000 -61.385715
3350.000000 -61.012356
3400.000000 -61.450787
3450.000000 -61.110149
3500.000000 -61.045925
3550.000000 -61.358864
3600.000000 -61.393959
3650.000000 -61.383385
3700.000000 -61.298935
3750.000000 -61.073029
3800.000000 -61.232239
3850.000000 -61.145615
3900.000000 -60.754856
3950.000000 -60.874512
4000.000000 -61.187298
4050.000000 -61.035469
4100.000000 -61.143951
4150.000000 -61.429665
4200.000000 -61.342758
4250.000000 -61.497902
4300.000000 -61.197788
4350.000000 -61.483738
4400.000000 -61.410625
4450.000000 -61.335800
4500.000000 -61.125977
4550.000000 -61.338737
4600.000000 -61.482639
4650.000000 -61.156811
4700.000000 -61.192467
4750.000000 -61.164234
4800.000000 -61.079479
4850.000000 -61.369873
4900.000000 -61.167416
4950.000000 -61.548443
5000.000000 -61.227814
5050.000000 -61.538628
5100.000000 -61.105782
5150.000000 -61.674488
5200.000000 -61.468033
5250.000000 -61.393646
5300.000000 -61.689125
5350.000000 -61.827053
5400.000000 -61.757332
5450.000000 -61.082180
5500.000000 -61.588612
5550.000000 -61.293396
5600.000000 -61.529613
5650.000000 -61.462383
5700.000000 -61.331474
5750.000000 -61.482639
5800.000000 -61.338737
5850.000000 -61.413586
5900.000000 -61.392246
5950.000000 -61.550976
6000.000000 -61.578590
6050.000000 -61.593227
6100.000000 -61.201138
6150.000000 -61.184715
6200.000000 -61.356228
6250.000000 -60.941757
6300.000000 -61.618900
6350.000000 -61.526611
6400.000000 -61.679150
6450.000000 -61.828854
6500.000000 -61.913849
6550.000000 -61.709919
6600.000000 -61.806957
6650.000000 -61.887787
6700.000000 -61.879883
6750.000000 -61.616344
6800.000000 -61.446869
6850.000000 -61.525822
6900.000000 -61.577957
6950.000000 -61.302784
7000.000000 -61.648811
7050.000000 -61.279873
7100.000000 -61.651695
7150.000000 -61.461758
7200.000000 -61.487041
7250.000000 -60.838238
7300.000000 -61.021595
7350.000000 -61.394268
7400.000000 -61.038307
7450.000000 -61.342449
7500.000000 -61.148033
7550.000000 -61.034573
7600.000000 -61.241104
7650.000000 -61.466778
7700.000000 -61.140472
7750.000000 -61.564774
7800.000000 -61.405792
7850.000000 -61.274345
7900.000000 -61.379345
7950.000000 -61.570011
8000.000000 -61.580498
8050.000000 -61.461285
8100.000000 -61.938499
8150.000000 -61.848015
8200.000000 -61.469913
8250.000000 -61.231934
8300.000000 -61.891903
8350.000000 -61.529613
8400.000000 -61.484840
8450.000000 -61.636482
8500.000000 -61.640484
8550.000000 -61.398472
8600.000000 -61.657150
8650.000000 -61.547176
8700.000000 -61.589245
8750.000000 -61.611237
8800.000000 -61.620495
8850.000000 -61.859829
8900.000000 -61.301090
8950.000000 -61.593227
9000.000000 -61.809246
9050.000000 -61.445148
9100.000000 -61.648491
9150.000000 -61.573982
9200.000000 -61.560806
9250.000000 -61.447182
9300.000000 -61.457367
9350.000000 -61.160595
9400.000000 -61.268974
9450.000000 -61.646408
9500.000000 -61.546227
9550.000000 -61.370960
9600.000000 -61.374062
9650.000000 -61.509720
9700.000000 -61.468658
9750.000000 -61.775520
9800.000000 -61.513821
9850.000000 -61.729950
9900.000000 -61.581295
9950.000000 -61.429195
10000.000000 -61.703789
10050.000000 -61.660519
10100.000000 -61.914673
10150.000000 -61.989010
10200.000000 -61.640965
10250.000000 -61.532932
10300.000000 -61.484840
10350.000000 -61.449219
10400.000000 -61.825745
10450.000000 -61.163322
10500.000000 -61.193989
10550.000000 -61.585587
10600.000000 -61.257324
10650.000000 -61.429039
10700.000000 -61.766747
10750.000000 -61.688805
10800.000000 -61.760250
10850.000000 -61.285404
10900.000000 -61.546860
10950.000000 -61.510826
11000.000000 -61.297089
11050.000000 -61.577320
11100.000000 -61.831799
11150.000000 -61.495697
11200.000000 -61.916492
11250.000000 -62.434689
11300.000000 -62.371765
11350.000000 -62.641132
11400.000000 -63.218189
11450.000000 -63.068024
11500.000000 -63.551830
11550.000000 -63.794994
11600.000000 -64.591103
11650.000000 -64.820992
11700.000000 -64.814758
11750.000000 -65.215866
11800.000000 -65.639175
11850.000000 -65.863777
11900.000000 -65.974602
11950.000000 -66.183006
12000.000000 -66.352089
12050.000000 -66.840904
12100.000000 -67.436218
12150.000000 -67.210785
12200.000000 -67.886673
12250.000000 -67.731651
12300.000000 -68.060585
12350.000000 -68.788216
12400.000000 -68.991058
12450.000000 -68.986214
12500.000000 -68.824013
12550.000000 -69.292519
12600.000000 -69.913803
12650.000000 -69.891006
12700.000000 -70.462791
12750.000000 -71.047890
12800.000000 -70.884415
12850.000000 -70.897881
12900.000000 -71.622566
12950.000000 -72.141983
13000.000000 -71.944199
13050.000000 -72.157547
13100.000000 -72.620461
13150.000000 -73.053261
13200.000000 -72.767914
13250.000000 -72.807777
13300.000000 -74.036713
13350.000000 -73.831047
13400.000000 -74.473785
13450.000000 -74.365036
13500.000000 -74.978516
13550.000000 -74.090248
13600.000000 -75.422363
13650.000000 -74.994888
13700.000000 -75.529427
13750.000000 -75.846458
13800.000000 -75.769569
13850.000000 -77.256340
13900.000000 -76.276779
13950.000000 -76.922668
14000.000000 -77.374069
14050.000000 -77.883400
14100.000000 -78.150253
14150.000000 -79.251991
14200.000000 -78.112846
14250.000000 -78.776421
14300.000000 -78.195358
14350.000000 -79.737091
14400.000000 -80.485977
14450.000000 -80.264557
14500.000000 -78.928551
14550.000000 -79.207191
14600.000000 -81.660843
14650.000000 -81.528671
14700.000000 -82.365852
14750.000000 -82.156090
14800.000000 -79.261726
14850.000000 -82.390251
14900.000000 -82.593307
14950.000000 -82.054756
15000.000000 -82.755600
15050.000000 -83.383904
15100.000000 -83.767960
15150.000000 -83.339012
15200.000000 -83.879112
15250.000000 -83.910240
15300.000000 -83.656197
15350.000000 -83.798691
15400.000000 -83.889473
15450.000000 -84.622650
15500.000000 -85.505516
15550.000000 -83.646111
15600.000000 -86.167099
15650.000000 -85.007935
15700.000000 -85.483063
15750.000000 -85.254372
15800.000000 -86.124069
15850.000000 -84.798172
15900.000000 -84.989082
15950.000000 -85.005577
16000.000000 -83.654182
16050.000000 -85.919937
16100.000000 -85.792488
16150.000000 -85.940926
16200.000000 -84.061226
16250.000000 -86.519203
16300.000000 -86.355133
16350.000000 -88.841980
16400.000000 -88.664078
16450.000000 -86.595337
16500.000000 -87.689476
16550.000000 -86.894974
16600.000000 -88.284386
16650.000000 -89.313026
16700.000000 -86.798775
16750.000000 -87.202293
16800.000000 -90.006012
16850.000000 -91.147301
16900.000000 -88.812683
16950.000000 -88.919350
17000.000000 -88.915649
17050.000000 -87.766914
17100.000000 -90.925362
17150.000000 -87.211403
17200.000000 -89.881096
17250.000000 -87.013031
17300.000000 -92.356522
17350.000000 -87.527184
17400.000000 -88.209038
17450.000000 -89.316902
17500.000000 -89.556503
17550.000000 -90.772850
17600.000000 -90.471207
17650.000000 -90.048058
17700.000000 -91.508652
17750.000000 -91.190453
17800.000000 -88.971321
17850.000000 -89.347946
17900.000000 -93.678024
17950.000000 -92.704185
18000.000000 -90.497803
18050.000000 -88.137711
18100.000000 -90.897430
18150.000000 -89.008629
18200.000000 -90.672646
18250.000000 -89.951660
18300.000000 -92.819382
18350.000000 -89.351837
18400.000000 -92.193100
18450.000000 -90.524467
18500.000000 -92.059265
18550.000000 -93.394661
18600.000000 -89.943329
18650.000000 -91.797623
18700.000000 -91.301743
18750.000000 -90.322052
18800.000000 -94.973335
18850.000000 -93.024734
18900.000000 -90.274338
18950.000000 -93.228981
19000.000000 -91.493713
19050.000000 -91.761612
19100.000000 -92.658531
19150.000000 -91.901337
19200.000000 -92.807793
19250.000000 -93.787529
19300.000000 -91.258011
19350.000000 -94.877281
19400.000000 -91.355446
19450.000000 -91.710426
19500.000000 -94.914101
19550.000000 -92.528595
19600.000000 -93.595215
19650.000000 -90.763695
19700.000000 -92.107208
19750.000000 -92.995102
19800.000000 -91.548637
19850.000000 -91.409500
19900.000000 -94.185425
19950.000000 -90.484497
20000.000000 -93.450600
20050.000000 -92.819382
20100.000000 -91.990479
20150.000000 -91.370155
20200.000000 -89.102615
20250.000000 -92.059265
20300.000000 -89.922539
20350.000000 -89.976700
20400.000000 -91.350548
20450.000000 -90.209694
20500.000000 -93.865662
20550.000000 -90.462364
20600.000000 -90.352554
20650.000000 -92.692749
20700.000000 -93.108253
20750.000000 -93.690842
20800.000000 -90.218292
20850.000000 -93.469330
20900.000000 -95.557228
20950.000000 -94.702682
21000.000000 -93.042564
21050.000000 -96.089767
21100.000000 -90.690781
21150.000000 -90.731720
21200.000000 -95.283447
21250.000000 -91.085342
21300.000000 -92.704185
21350.000000 -93.394661
21400.000000 -94.936264
21450.000000 -95.229713
21500.000000 -92.356476
21550.000000 -91.142517
21600.000000 -90.183975
21650.000000 -94.724312
21700.000000 -91.200073
21750.000000 -93.678024
21800.000000 -89.910080
21850.000000 -91.995750
21900.000000 -92.539818
21950.000000 -92.511787
22000.000000 -90.166870
22050.000000 -92.329033
22100.000000 -91.488731
22150.000000 -93.388466
22200.000000 -95.018036
22250.000000 -96.399399
22300.000000 -89.897644
22350.000000 -92.406097
22400.000000 -89.697021
22450.000000 -92.323555
22500.000000 -95.229713
22550.000000 -90.175415
22600.000000 -93.235062
22650.000000 -89.918381
22700.000000 -95.055458
22750.000000 -92.182320
22800.000000 -95.478119
22850.000000 -93.924728
22900.000000 -92.329033
22950.000000 -91.659546
23000.000000 -91.943169
23050.000000 -93.774574
23100.000000 -93.259422
23150.000000 -93.977570
23200.000000 -93.937912
23250.000000 -91.583771
23300.000000 -90.192543
23350.000000 -91.243492
23400.000000 -92.489426
23450.000000 -93.210762
23500.000000 -94.588203
23550.000000 -95.897575
23600.000000 -91.880493
23650.000000 -93.144295
23700.000000 -93.846062
23750.000000 -94.496284
23800.000000 -96.729568
23850.000000 -95.645081
23900.000000 -93.607903
23950.000000 -89.815193
24000.000000 -92.053955
24050.000000 -93.937912
24100.000000 -96.487404
24150.000000 -92.895096
24200.000000 -92.767357
24250.000000 -90.800377
24300.000000 -93.066391
24350.000000 -93.102264
24400.000000 -93.419479
24450.000000 -90.383163
24500.000000 -90.618469
24550.000000 -92.085869
24600.000000 -92.906799
24650.000000 -93.357567
24700.000000 -91.282265
24750.000000 -96.047623
24800.000000 -93.006943
24850.000000 -94.531525
24900.000000 -93.078331
24950.000000 -91.948410
25000.000000 -92.669922
25050.000000 -91.014397
25100.000000 -89.922539
25150.000000 -92.439331
25200.000000 -93.977570
25250.000000 -91.619049
25300.000000 -92.900940
25350.000000 -95.856354
25400.000000 -90.967422
25450.000000 -92.924385
25500.000000 -93.450600
25550.000000 -89.528671
25600.000000 -93.557251
25650.000000 -93.990829
25700.000000 -92.356476
25750.000000 -91.844139
25800.000000 -92.478271
25850.000000 -91.508652
25900.000000 -95.930695
25950.000000 -90.511124
26000.000000 -92.669922
26050.000000 -90.686241
26100.000000 -90.542297
26150.000000 -90.560158
26200.000000 -94.702682
26250.000000 -94.638100
26300.000000 -95.701462
26350.000000 -93.400864
26400.000000 -93.588875
26450.000000 -93.532043
26500.000000 -91.311462
26550.000000 -92.123253
26600.000000 -92.567932
26650.000000 -95.517586
26700.000000 -89.528671
26750.000000 -89.528671
26800.000000 -91.355446
26850.000000 -94.024071
26900.000000 -91.287125
26950.000000 -93.235062
27000.000000 -91.690041
27050.000000 -92.895096
27100.000000 -92.953781
27150.000000 -92.802010
27200.000000 -90.837227
27250.000000 -90.892784
27300.000000 -90.967422
27350.000000 -91.190453
27400.000000 -93.671631
27450.000000 -94.928871
27500.000000 -92.607452
27550.000000 -90.864960
27600.000000 -93.639709
27650.000000 -93.563568
27700.000000 -96.191757
27750.000000 -95.637062
27800.000000 -92.860069
27850.000000 -94.840614
27900.000000 -90.791191
27950.000000 -91.071274
28000.000000 -91.142517
28050.000000 -92.750084
28100.000000 -94.681099
28150.000000 -91.109123
28200.000000 -94.731537
28250.000000 -95.423172
28300.000000 -94.517410
28350.000000 -92.214706
28400.000000 -90.754547
28450.000000 -91.818268
28500.000000 -90.934692
28550.000000 -89.572449
28600.000000 -91.896118
28650.000000 -93.742271
28700.000000 -91.937927
28750.000000 -91.985207
28800.000000 -92.761597
28850.000000 -91.700226
28900.000000 -94.581100
28950.000000 -92.947891
29000.000000 -90.064926
29050.000000 -92.064575
29100.000000 -93.210762
29150.000000 -94.274094
29200.000000 -91.360344
29250.000000 -93.174446
29300.000000 -91.335869
29350.000000 -92.767357
29400.000000 -94.287819
29450.000000 -88.653305
29500.000000 -95.848129
29550.000000 -94.260391
29600.000000 -93.755180
29650.000000 -91.901337
29700.000000 -92.579208
29750.000000 -91.833778
29800.000000 -95.085510
29850.000000 -94.192215
29900.000000 -91.071106
29950.000000 -92.198502
30000.000000 -92.681328
30050.000000 -92.428238
30100.000000 -92.075218
30150.000000 -93.001022
30200.000000 -92.865898
30250.000000 -94.342918
30300.000000 -92.027451
30350.000000 -91.818268
30400.000000 -96.434494
30450.000000 -90.631981
30500.000000 -90.330757
30550.000000 -89.552521
30600.000000 -91.548637
30650.000000 -91.228996
30700.000000 -94.260391
30750.000000 -89.939163
30800.000000 -89.823410
30850.000000 -92.607475
30900.000000 -93.563568
30950.000000 -92.198502
31000.000000 -95.003105
31050.000000 -93.595215
31100.000000 -94.531525
31150.000000 -92.641472
31200.000000 -73.662659
31250.000000 -67.361656
31300.000000 -63.827263
31350.000000 -61.414055
31400.000000 -59.578083
31450.000000 -58.638111
31500.000000 -57.942703
31550.000000 -56.996819
31600.000000 -56.897034
31650.000000 -56.853287
31700.000000 -56.524422
31750.000000 -56.464668
31800.000000 -57.476345
31850.000000 -57.732029
31900.000000 -58.062332
31950.000000 -59.701168
32000.000000 -60.268108
32050.000000 -61.059990
32100.000000 -63.666695
32150.000000 -65.484299
32200.000000 -66.371391
32250.000000 -67.332321
32300.000000 -65.985680
32350.000000 -64.873093
32400.000000 -62.902069
32450.000000 -62.007027
32500.000000 -60.899174
32550.000000 -59.886631
32600.000000 -59.556774
32650.000000 -58.929836
32700.000000 -58.710587
32750.000000 -59.004681
32800.000000 -58.820156
32850.000000 -59.439438
32900.000000 -59.511929
32950.000000 -59.932804
33000.000000 -60.363495
33050.000000 -61.219875
33100.000000 -61.757816
33150.000000 -62.996059
33200.000000 -63.400349
33250.000000 -64.266060
33300.000000 -64.007027
33350.000000 -64.174065
33400.000000 -62.755772
33450.000000 -62.566189
33500.000000 -62.175983
33550.000000 -61.238663
33600.000000 -60.628559
33650.000000 -60.277134
33700.000000 -59.554001
33750.000000 -59.803829
33800.000000 -59.820297
33850.000000 -59.815754
33900.000000 -59.933331
33950.000000 -60.192440
34000.000000 -61.048767
34050.000000 -60.833130
34100.000000 -61.534672
34150.000000 -61.717506
34200.000000 -62.259300
34250.000000 -62.572422
34300.000000 -62.317257
34350.000000 -62.658752
34400.000000 -62.695549
34450.000000 -62.227554
34500.000000 -61.925091
34550.000000 -62.000015
34600.000000 -61.481224
34650.000000 -60.899319
34700.000000 -60.303036
34750.000000 -60.591873
34800.000000 -60.388542
34850.000000 -60.547295
34900.000000 -60.731899
34950.000000 -60.134232
35000.000000 -60.520519
35050.000000 -61.054604
35100.000000 -61.052807
35150.000000 -61.034573
35200.000000 -61.298935
35250.000000 -61.695408
35300.000000 -61.799946
35350.000000 -61.608845
35400.000000 -61.964718
35450.000000 -62.082161
35500.000000 -61.759926
35550.000000 -61.835564
35600.000000 -61.555099
35650.000000 -61.305557
35700.000000 -61.542110
35750.000000 -61.315422
35800.000000 -61.227814
35850.000000 -60.670692
35900.000000 -60.865868
35950.000000 -60.885807
36000.000000 -60.798046
36050.000000 -60.769905
36100.000000 -61.184414
36150.000000 -61.385094
36200.000000 -61.542740
36250.000000 -61.377789
36300.000000 -61.367546
36350.000000 -61.610760
36400.000000 -61.513821
36450.000000 -61.732540
36500.000000 -61.434822
36550.000000 -61.534988
36600.000000 -61.796684
36650.000000 -61.922279
36700.000000 -61.572235
36750.000000 -61.093147
36800.000000 -61.541794
36850.000000 -61.333481
36900.000000 -61.487827
36950.000000 -61.112709
37000.000000 -61.481537
37050.000000 -61.139114
37100.000000 -61.517136
37150.000000 -61.600872
37200.000000 -61.434200
37250.000000 -60.998367
37300.000000 -61.790821
37350.000000 -61.555256
37400.000000 -61.545433
37450.000000 -61.881691
37500.000000 -61.617302
37550.000000 -61.643524
37600.000000 -61.393646
37650.000000 -61.109394
37700.000000 -61.436386
37750.000000 -61.659073
37800.000000 -61.167416
37850.000000 -61.010567
37900.000000 -61.294167
37950.000000 -61.155750
38000.000000 -60.816662
38050.000000 -60.959354
38100.000000 -61.168476
38150.000000 -61.143192
38200.000000 -61.438576
38250.000000 -61.511299
38300.000000 -61.149090
38350.000000 -61.472427
38400.000000 -61.627686
38450.000000 -61.792286
38500.000000 -61.747761
38550.000000 -61.623531
38600.000000 -61.357468
38650.000000 -61.690575
38700.000000 -61.479183
38750.000000 -61.525822
38800.000000 -61.385715
38850.000000 -61.377789
38900.000000 -61.436855
38950.000000 -61.698307
39000.000000 -61.745655
39050.000000 -61.148487
39100.000000 -61.084282
39150.000000 -61.085033
39200.000000 -61.247375
39250.000000 -61.482327
39300.000000 -61.431385
39350.000000 -61.851460
39400.000000 -61.635361
39450.000000 -61.253803
39500.000000 -61.511612
39550.000000 -61.402054
39600.000000 -61.428883
39650.000000 -61.445930
39700.000000 -61.392715
39750.000000 -61.172874
39800.000000 -61.317425
39850.000000 -61.486099
39900.000000 -61.191402
39950.000000 -61.222164
40000.000000 -61.127335
