0.000000 -60.393120
50.000000 -60.213467
100.000000 -60.368332
150.000000 -60.324471
200.000000 -59.987156
250.000000 -60.074139
300.000000 -59.653023
350.000000 -59.995495
400.000000 -60.063450
450.000000 -60.095554
500.000000 -59.913490
550.000000 -59.741467
600.000000 -60.289047
650.000000 -59.918346
700.000000 -60.114334
750.000000 -60.376354
800.000000 -60.182957
850.000000 -60.094078
900.000000 -60.086044
950.000000 -60.151073
1000.000000 -59.969833
1050.000000 -60.096760
1100.000000 -59.728481
1150.000000 -59.951233
1200.000000 -60.136787
1250.000000 -60.015121
1300.000000 -60.138134
1350.000000 -60.227062
1400.000000 -60.060249
1450.000000 -60.084705
1500.000000 -60.086712
1550.000000 -60.383972
1600.000000 -60.455746
1650.000000 -59.875908
1700.000000 -60.040253
1750.000000 -59.826790
1800.000000 -59.857906
1850.000000 -60.232506
1900.000000 -60.008751
1950.000000 -59.961124
2000.000000 -59.763878
2050.000000 -59.971153
2100.000000 -60.094345
2150.000000 -60.241901
2200.000000 -60.314846
2250.000000 -60.174301
2300.000000 -60.354378
2350.000000 -60.408249
2400.000000 -60.555347
2450.000000 -60.463291
2500.000000 -60.240814
2550.000000 -60.254997
2600.000000 -60.413944
2650.000000 -60.404636
2700.000000 -60.467628
2750.000000 -60.147835
2800.000000 -60.153637
2850.000000 -60.048244
2900.000000 -60.437748
2950.000000 -60.145950
3000.000000 -60.085106
3050.000000 -60.134903
3100.000000 -60.380787
3150.000000 -60.294529
3200.000000 -59.797482
3250.000000 -60.144062
3300.000000 -60.413250
3350.000000 -59.798256
3400.000000 -60.379677
3450.000000 -60.322819
3500.000000 -60.218086
3550.000000 -60.385078
3600.000000 -60.532909
3650.000000 -60.268383
3700.000000 -60.441792
3750.000000 -60.024021
3800.000000 -60.145004
3850.000000 -59.935169
3900.000000 -59.969833
3950.000000 -59.752666
4000.000000 -59.979351
4050.000000 -60.359348
4100.000000 -59.705517
4150.000000 -60.014061
4200.000000 -60.464691
4250.000000 -60.146622
4300.000000 -59.889378
4350.000000 -60.695354
4400.000000 -59.990593
4450.000000 -60.407829
4500.000000 -60.086712
4550.000000 -60.107758
4600.000000 -60.333279
4650.000000 -60.049446
4700.000000 -59.949123
4750.000000 -59.878132
4800.000000 -59.903782
4850.000000 -60.257454
4900.000000 -60.279873
4950.000000 -59.980938
5000.000000 -59.987156
5050.000000 -60.088722
5100.000000 -60.258953
5150.000000 -60.872314
5200.000000 -60.007957
5250.000000 -60.147163
5300.000000 -60.167404
5350.000000 -60.318008
5400.000000 -59.963894
5450.000000 -60.576988
5500.000000 -60.262367
5550.000000 -60.055180
5600.000000 -60.070129
5650.000000 -60.468185
5700.000000 -60.091400
5750.000000 -59.969307
5800.000000 -59.963501
5850.000000 -59.890553
5900.000000 -60.316082
5950.000000 -60.460217
6000.000000 -59.976971
6050.000000 -60.501961
6100.000000 -59.902866
6150.000000 -60.312233
6200.000000 -60.113663
6250.000000 -60.049446
6300.000000 -60.117958
6350.000000 -60.443882
6400.000000 -60.435379
6450.000000 -60.510399
6500.000000 -60.261276
6550.000000 -60.060917
6600.000000 -60.326534
6650.000000 -60.138809
6700.000000 -60.449463
6750.000000 -60.628559
6800.000000 -60.448345
6850.000000 -60.242855
6900.000000 -59.989273
6950.000000 -60.598404
7000.000000 -60.311958
7050.000000 -59.878914
7100.000000 -60.475044
7150.000000 -60.131538
7200.000000 -60.257454
7250.000000 -60.447369
7300.000000 -60.168358
7350.000000 -60.131809
7400.000000 -60.295902
7450.000000 -60.171459
7500.000000 -59.907455
7550.000000 -59.999340
7600.000000 -60.406441
7650.000000 -60.067192
7700.000000 -60.006630
7750.000000 -60.133560
7800.000000 -59.829651
7850.000000 -60.127907
7900.000000 -60.329288
7950.000000 -60.217270
8000.000000 -60.373173
8050.000000 -60.110977
8100.000000 -60.146622
8150.000000 -60.210617
8200.000000 -60.403805
8250.000000 -60.217953
8300.000000 -60.366951
8350.000000 -60.303036
8400.000000 -60.310040
8450.000000 -60.425770
8500.000000 -60.387989
8550.000000 -60.416309
8600.000000 -60.854015
8650.000000 -60.333557
8700.000000 -60.552803
8750.000000 -60.580395
8800.000000 -60.207630
8850.000000 -60.196369
8900.000000 -60.276997
8950.000000 -60.301800
9000.000000 -60.109901
9050.000000 -60.069462
9100.000000 -60.336998
9150.000000 -60.333694
9200.000000 -60.042118
9250.000000 -60.458401
9300.000000 -60.200844
9350.000000 -60.456306
9400.000000 -60.099575
9450.000000 -59.781181
9500.000000 -59.970627
9550.000000 -59.960464
9600.000000 -60.304405
9650.000000 -60.638966
9700.000000 -60.630268
9750.000000 -60.715046
9800.000000 -60.517986
9850.000000 -60.285759
9900.000000 -60.769760
9950.000000 -60.705410
10000.000000 -60.168892
10050.000000 -60.346512
10100.000000 -60.384399
10150.000000 -60.352306
10200.000000 -60.386192
10250.000000 -60.052509
10300.000000 -60.260731
10350.000000 -60.659676
10400.000000 -60.512783
10450.000000 -60.411163
10500.000000 -60.545177
10550.000000 -60.210617
10600.000000 -60.683872
10650.000000 -60.718212
10700.000000 -60.491997
10750.000000 -60.750088
10800.000000 -60.577980
10850.000000 -60.425770
10900.000000 -60.318008
10950.000000 -60.571186
11000.000000 -60.258137
11050.000000 -60.683445
11100.000000 -60.466087
11150.000000 -60.350925
11200.000000 -60.196640
11250.000000 -60.828754
11300.000000 -60.955212
11350.000000 -61.479183
11400.000000 -61.913021
11450.000000 -61.874123
11500.000000 -62.523018
11550.000000 -62.671902
11600.000000 -63.305782
11650.000000 -63.499722
11700.000000 -63.818413
11750.000000 -63.634815
11800.000000 -64.445503
11850.000000 -64.741470
11900.000000 -64.837166
11950.000000 -64.883087
12000.000000 -65.459908
12050.000000 -65.838562
12100.000000 -65.661018
12150.000000 -66.142860
12200.000000 -66.746445
12250.000000 -66.673271
12300.000000 -66.698738
12350.000000 -67.214737
12400.000000 -67.432785
12450.000000 -68.089798
12500.000000 -68.240791
12550.000000 -68.374619
12600.000000 -68.485512
12650.000000 -68.657600
12700.000000 -69.309914
12750.000000 -69.262428
12800.000000 -69.596405
12850.000000 -69.993004
12900.000000 -69.849304
12950.000000 -70.774666
13000.000000 -70.743561
13050.000000 -71.176987
13100.000000 -70.889519
13150.000000 -71.927437
13200.000000 -71.904968
13250.000000 -72.092247
13300.000000 -72.461540
13350.000000 -72.417145
13400.000000 -73.278328
13450.000000 -73.483688
13500.000000 -73.237473
13550.000000 -74.629501
13600.000000 -74.133308
13650.000000 -74.900803
13700.000000 -75.587448
13750.000000 -75.211334
13800.000000 -75.448219
13850.000000 -74.931801
13900.000000 -75.702240
13950.000000 -76.107498
14000.000000 -76.427429
14050.000000 -76.980515
14100.000000 -76.561096
14150.000000 -77.319382
14200.000000 -77.151642
14250.000000 -78.246117
14300.000000 -78.593025
14350.000000 -78.296074
14400.000000 -78.752274
14450.000000 -78.433319
14500.000000 -79.242271
14550.000000 -78.821434
14600.000000 -79.608185
14650.000000 -79.734528
14700.000000 -80.316635
14750.000000 -80.293304
14800.000000 -80.821762
14850.000000 -81.257942
14900.000000 -80.827591
14950.000000 -81.146828
15000.000000 -82.423477
15050.000000 -83.854286
15100.000000 -81.949615
15150.000000 -82.435745
15200.000000 -83.619934
15250.000000 -82.933975
15300.000000 -83.180840
15350.000000 -82.561211
15400.000000 -83.265465
15450.000000 -83.342911
15500.000000 -83.573807
15550.000000 -85.425941
15600.000000 -84.163368
15650.000000 -86.215759
15700.000000 -84.508316
15750.000000 -85.654167
15800.000000 -86.689301
15850.000000 -87.574654
15900.000000 -85.234978
15950.000000 -88.852989
16000.000000 -86.065254
16050.000000 -86.245628
16100.000000 -86.396553
16150.000000 -87.105644
16200.000000 -87.480019
16250.000000 -87.679848
16300.000000 -85.071861
16350.000000 -89.410400
16400.000000 -87.398865
16450.000000 -90.564629
16500.000000 -91.042709
16550.000000 -87.822189
16600.000000 -88.090485
16650.000000 -86.778503
16700.000000 -88.468643
16750.000000 -89.612434
16800.000000 -87.129707
16850.000000 -88.776199
16900.000000 -90.759117
16950.000000 -91.634216
17000.000000 -90.986183
17050.000000 -89.309158
17100.000000 -89.243607
17150.000000 -89.536606
17200.000000 -88.703697
17250.000000 -89.831627
17300.000000 -89.524696
17350.000000 -88.747131
17400.000000 -88.553383
17450.000000 -93.703667
17500.000000 -91.224167
17550.000000 -89.289825
17600.000000 -92.350983
17650.000000 -92.613113
17700.000000 -88.398651
17750.000000 -90.098778
17800.000000 -93.658844
17850.000000 -91.985207
17900.000000 -91.802780
17950.000000 -88.461617
18000.000000 -94.447197
18050.000000 -93.557251
18100.000000 -90.231194
18150.000000 -88.904564
18200.000000 -93.722946
18250.000000 -94.301559
18300.000000 -94.482231
18350.000000 -91.802780
18400.000000 -93.108253
18450.000000 -89.802895
18500.000000 -92.942009
18550.000000 -94.192215
18600.000000 -90.383163
18650.000000 -91.118668
18700.000000 -94.524467
18750.000000 -93.235062
18800.000000 -93.494362
18850.000000 -91.906555
18900.000000 -93.652458
18950.000000 -94.287819
19000.000000 -94.899353
19050.000000 -92.983276
19100.000000 -92.258087
19150.000000 -93.289978
19200.000000 -94.239883
19250.000000 -91.233826
19300.000000 -91.228996
19350.000000 -90.827995
19400.000000 -94.171867
19450.000000 -94.461189
19500.000000 -89.852203
19550.000000 -94.077522
19600.000000 -94.226234
19650.000000 -93.332932
19700.000000 -94.468201
19750.000000 -89.426064
19800.000000 -94.517410
19850.000000 -90.248428
19900.000000 -93.413269
19950.000000 -89.947495
20000.000000 -90.330757
20050.000000 -94.024071
20100.000000 -96.904121
20150.000000 -92.356476
20200.000000 -98.289581
20250.000000 -95.462387
20300.000000 -93.463081
20350.000000 -95.717636
20400.000000 -91.291992
20450.000000 -93.990829
20500.000000 -91.321220
20550.000000 -89.725395
20600.000000 -92.567932
20650.000000 -91.326096
20700.000000 -93.911568
20750.000000 -91.340759
20800.000000 -91.838959
20850.000000 -94.825989
20900.000000 -94.804100
20950.000000 -88.486229
21000.000000 -89.692993
21050.000000 -90.300331
21100.000000 -88.736252
21150.000000 -91.943169
21200.000000 -92.171547
21250.000000 -92.744331
21300.000000 -90.313362
21350.000000 -92.727104
21400.000000 -91.629158
21450.000000 -93.132286
21500.000000 -91.854507
21550.000000 -94.185425
21600.000000 -92.825188
21650.000000 -94.724312
21700.000000 -91.200073
21750.000000 -93.678024
21800.000000 -89.910080
21850.000000 -91.995750
21900.000000 -92.539818
21950.000000 -92.511787
22000.000000 -90.166870
22050.000000 -92.329033
22100.000000 -91.488731
22150.000000 -93.388466
22200.000000 -95.018036
22250.000000 -96.399399
22300.000000 -89.897644
22350.000000 -92.406097
22400.000000 -89.697021
22450.000000 -92.323555
22500.000000 -95.229713
22550.000000 -90.175415
22600.000000 -93.235062
22650.000000 -89.918381
22700.000000 -95.055458
22750.000000 -92.182320
22800.000000 -95.478119
22850.000000 -93.924728
22900.000000 -92.329033
22950.000000 -91.659546
23000.000000 -91.943169
23050.000000 -93.774574
23100.000000 -93.259422
23150.000000 -93.977570
23200.000000 -93.937912
23250.000000 -91.583771
23300.000000 -90.192543
23350.000000 -91.243492
23400.000000 -92.489426
23450.000000 -93.210762
23500.000000 -94.588203
23550.000000 -93.216827
23600.000000 -94.524467
23650.000000 -92.556679
23700.000000 -92.171547
23750.000000 -94.398376
23800.000000 -96.487404
23850.000000 -92.107208
23900.000000 -91.953659
23950.000000 -96.149117
24000.000000 -91.453979
24050.000000 -92.209305
24100.000000 -93.018799
24150.000000 -91.306587
24200.000000 -93.357567
24250.000000 -90.335114
24300.000000 -94.928871
24350.000000 -95.329773
24400.000000 -91.238655
24450.000000 -91.498688
24500.000000 -91.573715
24550.000000 -91.152084
24600.000000 -96.505112
24650.000000 -93.852592
24700.000000 -94.057442
24750.000000 -96.355728
24800.000000 -91.156868
24850.000000 -94.746002
24900.000000 -92.539818
24950.000000 -92.601799
25000.000000 -92.860069
25050.000000 -95.431000
25100.000000 -94.260391
25150.000000 -89.305290
25200.000000 -92.064575
25250.000000 -92.198502
25300.000000 -91.019112
25350.000000 -94.084229
25400.000000 -92.274406
25450.000000 -90.027008
25500.000000 -90.391930
25550.000000 -97.529274
25600.000000 -94.855263
25650.000000 -89.955826
25700.000000 -92.128601
25750.000000 -92.417160
25800.000000 -93.620613
25850.000000 -94.623817
25900.000000 -94.688347
25950.000000 -94.475212
26000.000000 -95.798965
26050.000000 -91.948410
26100.000000 -92.495010
26150.000000 -94.753242
26200.000000 -91.434181
26250.000000 -92.584846
26300.000000 -91.384888
26350.000000 -93.550941
26400.000000 -92.647156
26450.000000 -91.624100
26500.000000 -92.965569
26550.000000 -89.918381
26600.000000 -95.345268
26650.000000 -93.351402
26700.000000 -88.978767
26750.000000 -89.270531
26800.000000 -93.538338
26850.000000 -94.731537
26900.000000 -92.433784
26950.000000 -90.618469
27000.000000 -92.155418
27050.000000 -93.388466
27100.000000 -92.802010
27150.000000 -92.983276
27200.000000 -94.951073
27250.000000 -91.424301
27300.000000 -91.335869
27350.000000 -91.209702
27400.000000 -91.272560
27450.000000 -93.253326
27500.000000 -92.534203
27550.000000 -93.253326
27600.000000 -95.214417
27650.000000 -91.990479
27700.000000 -93.639709
27750.000000 -91.792465
27800.000000 -91.233826
27850.000000 -93.665237
27900.000000 -90.855705
27950.000000 -93.388466
28000.000000 -92.601799
28050.000000 -92.285301
28100.000000 -91.370155
28150.000000 -93.620613
28200.000000 -95.972275
28250.000000 -94.111099
28300.000000 -91.823433
28350.000000 -91.052292
28400.000000 -89.701065
28450.000000 -93.241142
28500.000000 -93.525826
28550.000000 -93.357567
28600.000000 -90.449112
28650.000000 -95.653114
28700.000000 -93.937912
28750.000000 -92.590492
28800.000000 -92.761597
28850.000000 -93.463081
28900.000000 -93.990829
28950.000000 -94.638100
29000.000000 -96.756897
29050.000000 -93.506905
29100.000000 -91.528717
29150.000000 -90.972107
29200.000000 -93.156342
29250.000000 -91.958908
29300.000000 -99.365860
29350.000000 -95.717636
29400.000000 -96.286308
29450.000000 -93.162369
29500.000000 -92.329033
29550.000000 -91.538628
29600.000000 -96.320953
29650.000000 -92.813591
29700.000000 -91.326096
29750.000000 -96.047623
29800.000000 -94.287819
29850.000000 -90.111504
29900.000000 -94.219421
29950.000000 -91.152084
30000.000000 -95.517586
30050.000000 -91.690041
30100.000000 -93.826508
30150.000000 -93.872208
30200.000000 -93.859123
30250.000000 -94.030739
30300.000000 -92.630119
30350.000000 -94.405334
30400.000000 -92.268959
30450.000000 -92.784668
30500.000000 -94.623817
30550.000000 -92.290756
30600.000000 -94.877281
30650.000000 -90.196823
30700.000000 -94.510368
30750.000000 -91.906555
30800.000000 -92.930260
30850.000000 -93.180489
30900.000000 -90.888138
30950.000000 -92.112549
31000.000000 -88.794426
31050.000000 -90.511124
31100.000000 -91.190453
31150.000000 -91.019112
31200.000000 -91.624100
31250.000000 -72.479370
31300.000000 -66.880325
31350.000000 -63.453640
31400.000000 -61.159386
31450.000000 -59.320473
31500.000000 -57.929325
31550.000000 -57.299545
31600.000000 -56.899353
31650.000000 -56.161598
31700.000000 -55.865208
31750.000000 -55.627651
31800.000000 -55.334232
31850.000000 -55.965828
31900.000000 -55.878971
31950.000000 -56.130898
32000.000000 -56.703831
32050.000000 -57.203060
32100.000000 -58.199558
32150.000000 -58.718929
32200.000000 -59.690800
32250.000000 -61.521423
32300.000000 -62.213696
32350.000000 -63.828087
32400.000000 -65.344627
32450.000000 -65.532524
32500.000000 -64.455902
32550.000000 -63.066154
32600.000000 -62.340321
32650.000000 -61.096905
32700.000000 -59.771362
32750.000000 -59.602993
32800.000000 -58.695518
32850.000000 -57.823254
32900.000000 -57.912426
32950.000000 -57.639732
33000.000000 -57.348145
33050.000000 -57.681343
33100.000000 -57.560104
33150.000000 -57.718056
33200.000000 -58.400620
33250.000000 -58.854240
33300.000000 -58.991219
33350.000000 -59.181263
33400.000000 -60.009945
33450.000000 -60.495087
33500.000000 -61.007889
33550.000000 -61.449219
33600.000000 -61.853428
33650.000000 -62.372116
33700.000000 -61.861965
33750.000000 -61.672722
33800.000000 -61.533409
33850.000000 -61.004177
33900.000000 -60.734642
33950.000000 -59.906013
34000.000000 -59.540916
34050.000000 -59.382465
34100.000000 -59.019112
34150.000000 -58.950722
34200.000000 -58.809288
34250.000000 -58.992634
34300.000000 -59.055412
34350.000000 -59.006927
34400.000000 -58.891373
34450.000000 -59.016628
34500.000000 -59.607044
34550.000000 -60.192982
34600.000000 -60.197994
34650.000000 -60.402691
34700.000000 -60.704834
34750.000000 -60.614746
34800.000000 -60.517002
34850.000000 -60.755867
34900.000000 -60.929211
34950.000000 -60.995991
35000.000000 -60.676422
35050.000000 -60.666256
35100.000000 -60.229374
35150.000000 -60.229374
35200.000000 -59.708721
35250.000000 -59.745068
35300.000000 -59.810696
35350.000000 -59.685425
35400.000000 -59.454361
35450.000000 -59.701290
35500.000000 -59.332493
35550.000000 -59.690029
35600.000000 -59.363602
35650.000000 -59.673676
35700.000000 -59.836021
35750.000000 -59.686832
35800.000000 -59.899719
35850.000000 -60.014725
35900.000000 -60.056644
35950.000000 -60.032001
36000.000000 -60.212379
36050.000000 -60.197723
36100.000000 -60.266468
36150.000000 -60.126831
36200.000000 -60.333832
36250.000000 -60.061317
36300.000000 -60.168488
36350.000000 -60.050644
36400.000000 -59.851513
36450.000000 -60.060516
36500.000000 -59.581997
36550.000000 -59.444653
36600.000000 -59.524338
36650.000000 -59.288055
36700.000000 -59.453983
36750.000000 -59.720520
36800.000000 -59.639153
36850.000000 -59.555641
36900.000000 -59.669209
36950.000000 -59.941616
37000.000000 -60.003048
37050.000000 -60.043980
37100.000000 -60.659962
37150.000000 -60.251450
37200.000000 -60.435238
37250.000000 -60.716919
37300.000000 -60.037189
37350.000000 -60.386463
37400.000000 -59.987022
37450.000000 -59.904568
37500.000000 -59.839142
37550.000000 -60.002254
37600.000000 -60.149723
37650.000000 -59.813290
37700.000000 -59.886631
37750.000000 -59.819389
37800.000000 -59.918083
37850.000000 -59.671124
37900.000000 -60.129791
37950.000000 -60.076546
38000.000000 -59.830818
38050.000000 -60.094078
38100.000000 -60.165112
38150.000000 -60.280830
38200.000000 -60.233593
38250.000000 -60.269066
38300.000000 -60.401859
38350.000000 -60.331902
38400.000000 -60.268791
38450.000000 -60.427299
38500.000000 -60.198673
38550.000000 -60.440536
38600.000000 -60.383835
38650.000000 -60.390484
38700.000000 -60.517422
38750.000000 -60.098232
38800.000000 -60.243813
38850.000000 -60.059849
38900.000000 -60.236725
38950.000000 -60.073071
39000.000000 -60.422707
39050.000000 -59.941357
39100.000000 -60.042381
39150.000000 -60.392704
39200.000000 -60.095150
39250.000000 -60.538971
39300.000000 -59.961384
39350.000000 -59.931484
39400.000000 -60.252266
39450.000000 -59.900509
39500.000000 -59.867031
39550.000000 -59.825623
39600.000000 -59.940563
39650.000000 -60.239315
39700.000000 -60.238770
39750.000000 -60.373035
39800.000000 -60.722675
39850.000000 -60.460495
39900.000000 -59.915852
39950.000000 -60.101585
40000.000000 -59.641056
