0.000000 -62.298065
50.000000 -62.565655
100.000000 -62.390247
150.000000 -62.595264
200.000000 -62.900219
250.000000 -62.708939
300.000000 -62.576347
350.000000 -62.731052
400.000000 -62.711834
450.000000 -63.010666
500.000000 -62.587585
550.000000 -62.434689
600.000000 -62.535610
650.000000 -62.422417
700.000000 -62.196781
750.000000 -62.228241
800.000000 -62.454182
850.000000 -62.218994
900.000000 -62.518414
950.000000 -62.469666
1000.000000 -62.602596
1050.000000 -62.972511
1100.000000 -62.241783
1150.000000 -62.538094
1200.000000 -62.713646
1250.000000 -62.548576
1300.000000 -62.994747
1350.000000 -62.709118
1400.000000 -62.677494
1450.000000 -62.615303
1500.000000 -62.577057
1550.000000 -62.229782
1600.000000 -62.655155
1650.000000 -62.265663
1700.000000 -62.622288
1750.000000 -62.140808
1800.000000 -62.323486
1850.000000 -62.165260
1900.000000 -62.297550
1950.000000 -62.576347
2000.000000 -62.605457
2050.000000 -62.642746
2100.000000 -63.045788
2150.000000 -62.615482
2200.000000 -62.536674
2250.000000 -62.780014
2300.000000 -62.382744
2350.000000 -62.205830
2400.000000 -62.542000
2450.000000 -62.644905
2500.000000 -62.612972
2550.000000 -62.373684
2600.000000 -62.496304
2650.000000 -62.400375
2700.000000 -62.155064
2750.000000 -62.447678
2800.000000 -62.713829
2850.000000 -62.915405
2900.000000 -62.481297
2950.000000 -62.712017
3000.000000 -62.222420
3050.000000 -62.489590
3100.000000 -62.519485
3150.000000 -62.458576
3200.000000 -62.057941
3250.000000 -62.459457
3300.000000 -62.706764
3350.000000 -62.601166
3400.000000 -62.380131
3450.000000 -62.297722
3500.000000 -62.189613
3550.000000 -62.298584
3600.000000 -62.825218
3650.000000 -62.451370
3700.000000 -62.620140
3750.000000 -62.565121
3800.000000 -62.390072
3850.000000 -62.946239
3900.000000 -62.594013
3950.000000 -62.942703
4000.000000 -62.662533
4050.000000 -62.578663
4100.000000 -62.778557
4150.000000 -62.737045
4200.000000 -62.571175
4250.000000 -62.778919
4300.000000 -62.644184
4350.000000 -62.779469
4400.000000 -62.851311
4450.000000 -62.743404
4500.000000 -62.971951
4550.000000 -62.189274
4600.000000 -62.468258
4650.000000 -62.234409
4700.000000 -62.614407
4750.000000 -62.630539
4800.000000 -62.854809
4850.000000 -62.719807
4900.000000 -62.613510
4950.000000 -62.659473
5000.000000 -62.963932
5050.000000 -62.512039
5100.000000 -62.865864
5150.000000 -62.554085
5200.000000 -62.671001
5250.000000 -62.873978
5300.000000 -62.379955
5350.000000 -62.721981
5400.000000 -62.511330
5450.000000 -62.510269
5500.000000 -62.567078
5550.000000 -62.620678
5600.000000 -62.693745
5650.000000 -62.647419
5700.000000 -62.611183
5750.000000 -62.849472
5800.000000 -62.995308
5850.000000 -62.652817
5900.000000 -62.658031
5950.000000 -62.510269
6000.000000 -62.956665
6050.000000 -62.752499
6100.000000 -62.693020
6150.000000 -62.534721
6200.000000 -62.857201
6250.000000 -62.698807
6300.000000 -62.772900
6350.000000 -62.771622
6400.000000 -62.434162
6450.000000 -62.607964
6500.000000 -62.379433
6550.000000 -62.375076
6600.000000 -62.225502
6650.000000 -62.597588
6700.000000 -62.598660
6750.000000 -62.426273
6800.000000 -62.285469
6850.000000 -62.425747
6900.000000 -62.097336
6950.000000 -62.273926
7000.000000 -61.974358
7050.000000 -62.269623
7100.000000 -62.569393
7150.000000 -62.112534
7200.000000 -61.915005
7250.000000 -62.394611
7300.000000 -62.579910
7350.000000 -62.316910
7400.000000 -62.784946
7450.000000 -62.489769
7500.000000 -62.355240
7550.000000 -62.779285
7600.000000 -62.438900
7650.000000 -62.438725
7700.000000 -62.625156
7750.000000 -62.485180
7800.000000 -62.439426
7850.000000 -62.757046
7900.000000 -62.627487
7950.000000 -62.752499
8000.000000 -62.678215
8050.000000 -62.485004
8100.000000 -62.556221
8150.000000 -62.907623
8200.000000 -62.433636
8250.000000 -62.548752
8300.000000 -62.861256
8350.000000 -62.585621
8400.000000 -62.411915
8450.000000 -62.630360
8500.000000 -62.468433
8550.000000 -62.931366
8600.000000 -62.548576
8650.000000 -62.333019
8700.000000 -62.700069
8750.000000 -62.939541
8800.000000 -62.627850
8850.000000 -62.345684
8900.000000 -62.106956
8950.000000 -62.714916
9000.000000 -62.410515
9050.000000 -62.467728
9100.000000 -62.648678
9150.000000 -62.648499
9200.000000 -62.404919
9250.000000 -62.226013
9300.000000 -62.408939
9350.000000 -62.358368
9400.000000 -62.452950
9450.000000 -63.017418
9500.000000 -62.518414
9550.000000 -62.470196
9600.000000 -62.798286
9650.000000 -62.660915
9700.000000 -62.671364
9750.000000 -62.398975
9800.000000 -62.530819
9850.000000 -62.852966
9900.000000 -62.583836
9950.000000 -62.816414
10000.000000 -62.775818
10050.000000 -62.759048
10100.000000 -62.829071
10150.000000 -62.574917
10200.000000 -62.532417
10250.000000 -62.894112
10300.000000 -62.827785
10350.000000 -62.832008
10400.000000 -62.603848
10450.000000 -62.422066
10500.000000 -62.684349
10550.000000 -62.716908
10600.000000 -62.562984
10650.000000 -63.036385
10700.000000 -62.575096
10750.000000 -62.979233
10800.000000 -62.814949
10850.000000 -62.653713
10900.000000 -62.688683
10950.000000 -62.353153
11000.000000 -62.268417
11050.000000 -62.463154
11100.000000 -62.885239
11150.000000 -63.232212
11200.000000 -63.353622
11250.000000 -63.654373
11300.000000 -63.705799
11350.000000 -64.006180
11400.000000 -64.342636
11450.000000 -64.339798
11500.000000 -64.979897
11550.000000 -65.117836
11600.000000 -65.326012
11650.000000 -65.550842
11700.000000 -65.889587
11750.000000 -66.467972
11800.000000 -66.892914
11850.000000 -67.039810
11900.000000 -66.881203
11950.000000 -67.786049
12000.000000 -67.454651
12050.000000 -67.372490
12100.000000 -68.043503
12150.000000 -68.730804
12200.000000 -68.627487
12250.000000 -69.016846
12300.000000 -69.227470
12350.000000 -69.937904
12400.000000 -70.410347
12450.000000 -70.473846
12500.000000 -70.858467
12550.000000 -70.977249
12600.000000 -71.600365
12650.000000 -71.534607
12700.000000 -72.011040
12750.000000 -72.136086
12800.000000 -72.335045
12850.000000 -73.045006
12900.000000 -73.188324
12950.000000 -72.878708
13000.000000 -73.334755
13050.000000 -73.829742
13100.000000 -73.217415
13150.000000 -74.563339
13200.000000 -74.548462
13250.000000 -75.228157
13300.000000 -75.348343
13350.000000 -75.849747
13400.000000 -74.948082
13450.000000 -75.685287
13500.000000 -76.308777
13550.000000 -76.486488
13600.000000 -76.505081
13650.000000 -76.680557
13700.000000 -77.010521
13750.000000 -77.720810
13800.000000 -77.056679
13850.000000 -77.599327
13900.000000 -77.688248
13950.000000 -77.684189
14000.000000 -78.813339
14050.000000 -79.152847
14100.000000 -79.293442
14150.000000 -79.332619
14200.000000 -79.567741
14250.000000 -80.845108
14300.000000 -80.968689
14350.000000 -81.085037
14400.000000 -80.057983
14450.000000 -80.259094
14500.000000 -80.414787
14550.000000 -80.131676
14600.000000 -81.088043
14650.000000 -80.970169
14700.000000 -81.247231
14750.000000 -81.944641
14800.000000 -81.667267
14850.000000 -82.383278
14900.000000 -81.244171
14950.000000 -82.997375
15000.000000 -83.144600
15050.000000 -83.498138
15100.000000 -83.788437
15150.000000 -83.106606
15200.000000 -84.186943
15250.000000 -84.141991
15300.000000 -83.670341
15350.000000 -83.267288
15400.000000 -84.879143
15450.000000 -84.914078
15500.000000 -85.177055
15550.000000 -85.679619
15600.000000 -85.626259
15650.000000 -85.846878
15700.000000 -83.660240
15750.000000 -83.831619
15800.000000 -85.598442
15850.000000 -88.063614
15900.000000 -86.522011
15950.000000 -85.329933
16000.000000 -84.463882
16050.000000 -84.323219
16100.000000 -87.060707
16150.000000 -87.673431
16200.000000 -85.366737
16250.000000 -87.303093
16300.000000 -87.741028
16350.000000 -87.451843
16400.000000 -87.542953
16450.000000 -88.556931
16500.000000 -86.738106
16550.000000 -87.102638
16600.000000 -88.090485
16650.000000 -89.113960
16700.000000 -91.608955
16750.000000 -89.798798
16800.000000 -89.905930
16850.000000 -89.604424
16900.000000 -90.145531
16950.000000 -91.864891
17000.000000 -93.787704
17050.000000 -90.897430
17100.000000 -91.578743
17150.000000 -89.612434
17200.000000 -91.434181
17250.000000 -90.077606
17300.000000 -89.243607
17350.000000 -94.454193
17400.000000 -90.939362
17450.000000 -88.993683
17500.000000 -88.301605
17550.000000 -92.478271
17600.000000 -91.613998
17650.000000 -88.036827
17700.000000 -90.209694
17750.000000 -91.679863
17800.000000 -89.733521
17850.000000 -90.209694
17900.000000 -92.483849
17950.000000 -90.440292
18000.000000 -90.663589
18050.000000 -90.855705
18100.000000 -92.813637
18150.000000 -92.198502
18200.000000 -90.897430
18250.000000 -88.900871
18300.000000 -89.697021
18350.000000 -90.396347
18400.000000 -90.209694
18450.000000 -92.166168
18500.000000 -92.930260
18550.000000 -92.312607
18600.000000 -93.582542
18650.000000 -91.099602
18700.000000 -95.782639
18750.000000 -90.934692
18800.000000 -93.102264
18850.000000 -90.827995
18900.000000 -91.335869
18950.000000 -90.595993
19000.000000 -91.833778
19050.000000 -94.199005
19100.000000 -90.681709
19150.000000 -91.449028
19200.000000 -93.265526
19250.000000 -93.550941
19300.000000 -91.137741
19350.000000 -92.247223
19400.000000 -92.334518
19450.000000 -90.569107
19500.000000 -91.563675
19550.000000 -89.914230
19600.000000 -93.557251
19650.000000 -89.552521
19700.000000 -92.307167
19750.000000 -94.595314
19800.000000 -94.928871
19850.000000 -90.782021
19900.000000 -91.629158
19950.000000 -95.922440
20000.000000 -93.839539
20050.000000 -91.360344
20100.000000 -93.463081
20150.000000 -92.971466
20200.000000 -90.690781
20250.000000 -92.495010
20300.000000 -92.422699
20350.000000 -93.787529
20400.000000 -93.431915
20450.000000 -91.483757
20500.000000 -94.510368
20550.000000 -93.774574
20600.000000 -91.365250
20650.000000 -90.681709
20700.000000 -90.154060
20750.000000 -93.407059
20800.000000 -92.738586
20850.000000 -93.990829
20900.000000 -89.794708
20950.000000 -93.001022
21000.000000 -91.171249
21050.000000 -91.228996
21100.000000 -90.427071
21150.000000 -92.912659
21200.000000 -95.415352
21250.000000 -95.478119
21300.000000 -92.778893
21350.000000 -94.666740
21400.000000 -93.806999
21450.000000 -93.204697
21500.000000 -93.997467
21550.000000 -92.356476
21600.000000 -91.844139
21650.000000 -92.658531
21700.000000 -92.953781
21750.000000 -93.557251
21800.000000 -92.096535
21850.000000 -91.927460
21900.000000 -94.131310
21950.000000 -93.800499
22000.000000 -93.096275
22050.000000 -91.603912
22100.000000 -93.639709
22150.000000 -90.958061
22200.000000 -91.528625
22250.000000 -95.701462
22300.000000 -93.042564
22350.000000 -93.639709
22400.000000 -96.174675
22450.000000 -91.311462
22500.000000 -92.155418
22550.000000 -92.091194
22600.000000 -95.605042
22650.000000 -92.977371
22700.000000 -92.107208
22750.000000 -91.355446
22800.000000 -92.900940
22850.000000 -94.760490
22900.000000 -91.598877
22950.000000 -95.407532
23000.000000 -90.137009
23050.000000 -91.404572
23100.000000 -91.558662
23150.000000 -91.311462
23200.000000 -88.923058
23250.000000 -94.709885
23300.000000 -93.265526
23350.000000 -92.064575
23400.000000 -92.936134
23450.000000 -92.539818
23500.000000 -89.676804
23550.000000 -92.318085
23600.000000 -94.070824
23650.000000 -93.438141
23700.000000 -90.883499
23750.000000 -89.437843
23800.000000 -93.376099
23850.000000 -92.965569
23900.000000 -94.475212
23950.000000 -93.898430
24000.000000 -91.654472
24050.000000 -90.990883
24100.000000 -95.168701
24150.000000 -93.595215
24200.000000 -90.400703
24250.000000 -92.176933
24300.000000 -90.582542
24350.000000 -89.972527
24400.000000 -91.756477
24450.000000 -90.846458
24500.000000 -89.749802
24550.000000 -90.018608
24600.000000 -91.624100
24650.000000 -92.128647
24700.000000 -92.669922
24750.000000 -90.001823
24800.000000 -92.279854
24850.000000 -93.001022
24900.000000 -95.669205
24950.000000 -91.558662
25000.000000 -90.837227
25050.000000 -92.187706
25100.000000 -92.584846
25150.000000 -93.216827
25200.000000 -92.971466
25250.000000 -96.399399
25300.000000 -89.823410
25350.000000 -94.070824
25400.000000 -91.813103
25450.000000 -92.345490
25500.000000 -91.797623
25550.000000 -93.444412
25600.000000 -93.977570
25650.000000 -93.382278
25700.000000 -93.787529
25750.000000 -94.717094
25800.000000 -91.137741
25850.000000 -91.099602
25900.000000 -91.669693
25950.000000 -96.039223
26000.000000 -93.833023
26050.000000 -91.927460
26100.000000 -93.388466
26150.000000 -93.937912
26200.000000 -92.773125
26250.000000 -91.104362
26300.000000 -91.104362
26350.000000 -93.904999
26400.000000 -91.849319
26450.000000 -92.101868
26500.000000 -91.219345
26550.000000 -96.784309
26600.000000 -91.823433
26650.000000 -94.131310
26700.000000 -92.883400
26750.000000 -92.123253
26800.000000 -91.859703
26850.000000 -91.195259
26900.000000 -96.885582
26950.000000 -91.296852
27000.000000 -93.690842
27050.000000 -91.833778
27100.000000 -93.500626
27150.000000 -92.318085
27200.000000 -92.727104
27250.000000 -92.450439
27300.000000 -90.560158
27350.000000 -93.431915
27400.000000 -92.263519
27450.000000 -93.525749
27500.000000 -89.255135
27550.000000 -97.519310
27600.000000 -96.014053
27650.000000 -95.399727
27700.000000 -95.914124
27750.000000 -93.126259
27800.000000 -89.786522
27850.000000 -89.095055
27900.000000 -92.150047
27950.000000 -93.806999
28000.000000 -94.538589
28050.000000 -94.531525
28100.000000 -92.450439
28150.000000 -93.084312
28200.000000 -92.687035
28250.000000 -93.716515
28300.000000 -94.804100
28350.000000 -91.958908
28400.000000 -95.856354
28450.000000 -94.995659
28500.000000 -94.117828
28550.000000 -91.792465
28600.000000 -93.513176
28650.000000 -92.709908
28700.000000 -93.787529
28750.000000 -91.071106
28800.000000 -94.906723
28850.000000 -92.378494
28900.000000 -89.993439
28950.000000 -93.951111
29000.000000 -96.081322
29050.000000 -96.738663
29100.000000 -91.705322
29150.000000 -94.573997
29200.000000 -97.937622
29250.000000 -91.473824
29300.000000 -93.951111
29350.000000 -93.885307
29400.000000 -92.220161
29450.000000 -90.383163
29500.000000 -96.675163
29550.000000 -93.859123
29600.000000 -90.722603
29650.000000 -94.877281
29700.000000 -93.488091
29750.000000 -94.044083
29800.000000 -92.727104
29850.000000 -93.658844
29900.000000 -93.345238
29950.000000 -93.951111
30000.000000 -92.301682
30050.000000 -94.363678
30100.000000 -95.864578
30150.000000 -91.473824
30200.000000 -93.494362
30250.000000 -90.027008
30300.000000 -93.550941
30350.000000 -92.652840
30400.000000 -94.158325
30450.000000 -89.140495
30500.000000 -92.842613
30550.000000 -93.332932
30600.000000 -90.754547
30650.000000 -89.426064
30700.000000 -89.798813
30750.000000 -93.320633
30800.000000 -91.075851
30850.000000 -89.725395
30900.000000 -92.687035
30950.000000 -95.123230
31000.000000 -91.578743
31050.000000 -91.109123
31100.000000 -74.406700
31150.000000 -67.709084
31200.000000 -64.166786
31250.000000 -61.344955
31300.000000 -59.781052
31350.000000 -58.460136
31400.000000 -58.455807
31450.000000 -57.834297
31500.000000 -57.538216
31550.000000 -57.137516
31600.000000 -57.368778
31650.000000 -57.920769
31700.000000 -59.070404
31750.000000 -60.061180
31800.000000 -61.083683
31850.000000 -62.673347
31900.000000 -64.930656
31950.000000 -66.221718
32000.000000 -68.730080
32050.000000 -68.487274
32100.000000 -66.311707
32150.000000 -64.331497
32200.000000 -62.369678
32250.000000 -61.628166
32300.000000 -60.805313
32350.000000 -60.084305
32400.000000 -59.403107
32450.000000 -59.476044
32500.000000 -59.449379
32550.000000 -59.343052
32600.000000 -59.972084
32650.000000 -60.112720
32700.000000 -61.244926
32750.000000 -62.006023
32800.000000 -62.930439
32850.000000 -63.630787
32900.000000 -64.841103
32950.000000 -65.437576
33000.000000 -65.503754
33050.000000 -64.547371
33100.000000 -63.663868
33150.000000 -63.230675
33200.000000 -62.337875
33250.000000 -61.959732
33300.000000 -61.008335
33350.000000 -61.126129
33400.000000 -60.687031
33450.000000 -60.599113
33500.000000 -60.531361
33550.000000 -60.970608
33600.000000 -61.256561
33650.000000 -61.647373
33700.000000 -61.972195
33750.000000 -62.549465
33800.000000 -63.638039
33850.000000 -63.785561
33900.000000 -64.212517
33950.000000 -64.000092
34000.000000 -63.577404
34050.000000 -62.914852
34100.000000 -62.978672
34150.000000 -62.586159
34200.000000 -61.859501
34250.000000 -61.686550
34300.000000 -61.396759
34350.000000 -61.419205
34400.000000 -61.307713
34450.000000 -61.407352
34500.000000 -61.692829
34550.000000 -62.351242
34600.000000 -62.549465
34650.000000 -62.358543
34700.000000 -62.762508
34750.000000 -62.747040
34800.000000 -63.293190
34850.000000 -63.386047
34900.000000 -62.878036
34950.000000 -62.416466
35000.000000 -62.666676
35050.000000 -62.790058
35100.000000 -62.143860
35150.000000 -62.216259
35200.000000 -61.914673
35250.000000 -61.794567
35300.000000 -61.549393
35350.000000 -61.761387
35400.000000 -61.810551
35450.000000 -61.810223
35500.000000 -62.509739
35550.000000 -62.108814
35600.000000 -62.477947
35650.000000 -62.479534
35700.000000 -62.738678
35750.000000 -62.814766
35800.000000 -62.576702
35850.000000 -62.548042
35900.000000 -62.483944
35950.000000 -62.257065
36000.000000 -62.382919
36050.000000 -62.673706
36100.000000 -62.333885
36150.000000 -61.978020
36200.000000 -61.943470
36250.000000 -62.207367
36300.000000 -61.840477
36350.000000 -62.140301
36400.000000 -62.163219
36450.000000 -62.454006
36500.000000 -62.611542
36550.000000 -61.936180
36600.000000 -62.253632
36650.000000 -62.024078
36700.000000 -62.403519
36750.000000 -62.821182
36800.000000 -62.286850
36850.000000 -62.684532
36900.000000 -63.056900
36950.000000 -62.484299
37000.000000 -62.394958
37050.000000 -62.614586
37100.000000 -62.309471
37150.000000 -62.459984
37200.000000 -62.042667
37250.000000 -62.299965
37300.000000 -62.014378
37350.000000 -62.275303
37400.000000 -61.819862
37450.000000 -62.170704
37500.000000 -62.657314
37550.000000 -62.434513
37600.000000 -62.329380
37650.000000 -62.454006
37700.000000 -62.732143
37750.000000 -62.781113
37800.000000 -62.159481
37850.000000 -62.302731
37900.000000 -62.325565
37950.000000 -62.553730
38000.000000 -62.700974
38050.000000 -62.334404
38100.000000 -62.462624
38150.000000 -62.673885
38200.000000 -62.180580
38250.000000 -62.607964
38300.000000 -62.943077
38350.000000 -62.570641
38400.000000 -62.429604
38450.000000 -62.891155
38500.000000 -63.021919
38550.000000 -62.391117
38600.000000 -62.401596
38650.000000 -62.463856
38700.000000 -62.753769
38750.000000 -62.712559
38800.000000 -62.516464
38850.000000 -62.005524
38900.000000 -62.124882
38950.000000 -62.037136
39000.000000 -62.136570
39050.000000 -62.132164
39100.000000 -62.617092
39150.000000 -62.330765
39200.000000 -62.447502
39250.000000 -62.779285
39300.000000 -62.756317
39350.000000 -62.791340
39400.000000 -62.829620
39450.000000 -62.720169
39500.000000 -62.685795
39550.000000 -62.595444
39600.000000 -62.982407
39650.000000 -62.425747
39700.000000 -62.479710
39750.000000 -62.324352
39800.000000 -62.342037
39850.000000 -62.095478
39900.000000 -62.220196
39950.000000 -62.557465
40000.000000 -62.236469
