0.000000 -61.799782
50.000000 -61.790981
100.000000 -62.117435
150.000000 -62.026588
200.000000 -61.854412
250.000000 -61.953754
300.000000 -61.783981
350.000000 -61.843918
400.000000 -61.918808
450.000000 -61.948944
500.000000 -62.001350
550.000000 -61.909058
600.000000 -61.874123
650.000000 -61.952427
700.000000 -61.906914
750.000000 -61.766747
800.000000 -61.837856
850.000000 -61.775684
900.000000 -61.699921
950.000000 -61.785446
1000.000000 -61.813980
1050.000000 -61.664852
1100.000000 -61.500736
1150.000000 -61.475410
1200.000000 -61.430759
1250.000000 -61.411091
1300.000000 -61.456738
1350.000000 -61.418266
1400.000000 -61.315731
1450.000000 -61.310333
1500.000000 -61.478554
1550.000000 -61.489559
1600.000000 -61.606770
1650.000000 -61.685745
1700.000000 -61.518242
1750.000000 -61.484367
1800.000000 -61.672401
1850.000000 -61.723484
1900.000000 -61.529613
1950.000000 -61.712017
2000.000000 -61.771622
2050.000000 -61.561916
2100.000000 -61.634083
2150.000000 -61.517136
2200.000000 -61.431229
2250.000000 -61.241104
2300.000000 -61.226742
2350.000000 -61.476982
2400.000000 -61.392090
2450.000000 -61.628166
2500.000000 -61.413586
2550.000000 -61.565884
2600.000000 -61.568901
2650.000000 -61.748898
2700.000000 -61.605175
2750.000000 -61.540844
2800.000000 -61.455330
2850.000000 -61.501839
2900.000000 -61.395981
2950.000000 -61.561123
3000.000000 -61.572712
3050.000000 -61.159538
3100.000000 -61.354057
3150.000000 -61.506092
3200.000000 -61.170601
3250.000000 -61.562077
3300.000000 -61.599289
3350.000000 -61.495224
3400.000000 -61.400341
3450.000000 -61.392403
3500.000000 -61.370338
3550.000000 -61.601349
3600.000000 -61.578274
3650.000000 -61.340748
3700.000000 -61.309101
3750.000000 -61.293243
3800.000000 -61.348793
3850.000000 -61.511929
3900.000000 -61.410782
3950.000000 -61.399563
4000.000000 -61.320972
4050.000000 -61.266369
4100.000000 -61.653141
4150.000000 -61.560646
4200.000000 -61.464108
4250.000000 -61.347401
4300.000000 -61.307560
4350.000000 -61.454544
4400.000000 -61.383228
4450.000000 -61.601032
4500.000000 -61.562077
4550.000000 -61.609959
4600.000000 -61.532616
4650.000000 -61.673363
4700.000000 -61.579704
4750.000000 -61.650894
4800.000000 -61.639366
4850.000000 -61.576683
4900.000000 -61.478867
4950.000000 -61.552246
5000.000000 -61.591000
5050.000000 -61.433884
5100.000000 -61.418892
5150.000000 -61.606133
5200.000000 -61.658112
5250.000000 -61.636482
5300.000000 -61.544800
5350.000000 -61.438889
5400.000000 -61.692673
5450.000000 -61.447025
5500.000000 -61.536095
5550.000000 -61.357002
5600.000000 -61.491142
5650.000000 -61.764309
5700.000000 -61.555889
5750.000000 -61.607250
5800.000000 -61.710079
5850.000000 -61.767235
5900.000000 -61.515083
5950.000000 -61.628807
6000.000000 -61.523453
6050.000000 -61.336884
6100.000000 -61.373444
6150.000000 -61.362583
6200.000000 -61.351734
6250.000000 -61.251965
6300.000000 -61.327148
6350.000000 -61.355453
6400.000000 -61.133522
6450.000000 -61.314495
6500.000000 -61.539261
6550.000000 -61.464581
6600.000000 -61.564930
6650.000000 -61.495541
6700.000000 -61.452351
6750.000000 -61.555256
6800.000000 -61.694439
6850.000000 -61.548599
6900.000000 -61.514767
6950.000000 -61.539734
7000.000000 -61.618099
7050.000000 -61.772270
7100.000000 -61.717506
7150.000000 -61.691059
7200.000000 -61.590042
7250.000000 -61.509880
7300.000000 -61.432323
7350.000000 -61.624489
7400.000000 -61.542900
7450.000000 -61.627525
7500.000000 -61.627205
7550.000000 -61.819534
7600.000000 -62.083340
7650.000000 -61.959400
7700.000000 -61.865250
7750.000000 -61.702499
7800.000000 -61.906086
7850.000000 -61.657150
7900.000000 -61.775360
7950.000000 -61.897343
8000.000000 -61.615067
8050.000000 -61.473682
8100.000000 -61.835236
8150.000000 -61.696533
8200.000000 -61.751816
8250.000000 -61.788864
8300.000000 -61.795055
8350.000000 -61.895035
8400.000000 -61.648972
8450.000000 -62.065502
8500.000000 -62.165771
8550.000000 -62.092274
8600.000000 -62.100712
8650.000000 -62.152855
8700.000000 -62.004688
8750.000000 -62.186886
8800.000000 -62.016884
8850.000000 -62.069202
8900.000000 -62.144032
8950.000000 -61.831963
9000.000000 -62.099190
9050.000000 -61.937172
9100.000000 -61.941315
9150.000000 -61.856876
9200.000000 -61.872646
9250.000000 -61.830654
9300.000000 -61.859173
9350.000000 -61.720737
9400.000000 -61.978352
9450.000000 -61.966877
9500.000000 -61.978687
9550.000000 -61.693958
9600.000000 -61.909885
9650.000000 -62.008698
9700.000000 -61.849819
9750.000000 -61.912197
9800.000000 -61.974194
9850.000000 -61.525188
9900.000000 -61.960396
9950.000000 -61.990177
10000.000000 -61.961227
10050.000000 -62.182285
10100.000000 -61.926910
10150.000000 -62.162712
10200.000000 -62.202927
10250.000000 -62.310162
10300.000000 -62.212666
10350.000000 -62.085869
10400.000000 -62.161522
10450.000000 -62.275475
10500.000000 -62.515224
10550.000000 -62.717632
10600.000000 -62.332325
10650.000000 -62.308434
10700.000000 -62.396355
10750.000000 -62.521778
10800.000000 -62.260677
10850.000000 -62.220024
10900.000000 -62.258957
10950.000000 -62.422241
11000.000000 -62.387978
11050.000000 -62.275993
11100.000000 -62.356106
11150.000000 -62.467201
11200.000000 -62.215405
11250.000000 -62.215405
11300.000000 -62.332325
11350.000000 -62.235439
11400.000000 -62.155914
11450.000000 -62.214718
11500.000000 -62.195072
11550.000000 -62.067017
11600.000000 -61.963551
11650.000000 -62.088398
11700.000000 -62.333885
11750.000000 -62.378910
11800.000000 -62.182796
11850.000000 -62.268932
11900.000000 -62.341690
11950.000000 -62.064999
12000.000000 -62.175472
12050.000000 -62.201218
12100.000000 -62.338223
12150.000000 -62.181263
12200.000000 -62.163731
12250.000000 -62.403870
12300.000000 -62.133179
12350.000000 -62.328510
12400.000000 -62.167812
12450.000000 -62.161350
12500.000000 -62.446449
12550.000000 -62.372986
12600.000000 -62.353500
12650.000000 -62.557644
12700.000000 -62.382397
12750.000000 -62.496124
12800.000000 -62.351242
12850.000000 -62.409466
12900.000000 -62.436268
12950.000000 -62.471779
13000.000000 -62.420315
13050.000000 -62.636463
13100.000000 -62.499660
13150.000000 -62.624439
13200.000000 -62.519474
13250.000000 -62.351761
13300.000000 -62.406490
13350.000000 -62.499481
13400.000000 -62.554798
13450.000000 -62.562805
13500.000000 -62.549820
13550.000000 -62.489239
13600.000000 -62.601521
13650.000000 -62.306877
13700.000000 -62.551418
13750.000000 -62.314312
13800.000000 -62.647961
13850.000000 -62.244015
13900.000000 -62.345856
13950.000000 -62.231152
14000.000000 -62.486767
14050.000000 -62.643467
14100.000000 -62.558533
14150.000000 -62.578129
14200.000000 -62.381523
14250.000000 -62.486942
14300.000000 -62.543243
14350.000000 -62.557110
14400.000000 -62.433987
14450.000000 -62.387104
14500.000000 -62.438198
14550.000000 -62.290127
14600.000000 -62.505493
14650.000000 -62.621754
14700.000000 -62.091095
14750.000000 -62.320892
14800.000000 -62.176495
14850.000000 -62.341343
14900.000000 -62.403347
14950.000000 -62.320370
15000.000000 -62.017387
15050.000000 -62.361671
15100.000000 -62.291336
15150.000000 -62.091431
15200.000000 -62.094803
15250.000000 -62.242985
15300.000000 -62.006695
15350.000000 -61.999516
15400.000000 -61.932537
15450.000000 -62.012371
15500.000000 -62.198315
15550.000000 -61.969868
15600.000000 -61.826401
15650.000000 -62.060963
15700.000000 -62.097168
15750.000000 -62.090252
15800.000000 -62.167133
15850.000000 -62.219509
15900.000000 -62.148952
15950.000000 -62.161522
16000.000000 -62.415062
16050.000000 -62.876560
16100.000000 -62.958900
16150.000000 -63.358887
16200.000000 -63.480705
16250.000000 -63.453442
16300.000000 -64.003029
16350.000000 -64.553635
16400.000000 -64.735527
16450.000000 -65.000847
16500.000000 -65.459663
16550.000000 -65.420738
16600.000000 -65.997040
16650.000000 -65.944855
16700.000000 -66.461830
16750.000000 -66.726295
16800.000000 -67.276085
16850.000000 -67.585052
16900.000000 -67.641418
16950.000000 -67.832954
17000.000000 -68.348267
17050.000000 -68.619621
17100.000000 -68.815598
17150.000000 -68.911568
17200.000000 -69.002258
17250.000000 -69.163666
17300.000000 -69.677193
17350.000000 -69.586411
17400.000000 -69.611618
17450.000000 -70.517776
17500.000000 -70.668098
17550.000000 -71.184669
17600.000000 -71.294891
17650.000000 -71.489212
17700.000000 -71.713982
17750.000000 -72.147881
17800.000000 -71.826515
17850.000000 -72.233101
17900.000000 -72.493317
17950.000000 -72.758118
18000.000000 -73.117233
18050.000000 -72.934937
18100.000000 -73.528870
18150.000000 -74.047394
18200.000000 -74.149513
18250.000000 -74.126564
18300.000000 -74.841316
18350.000000 -75.126228
18400.000000 -75.212097
18450.000000 -75.415321
18500.000000 -75.276489
18550.000000 -75.536560
18600.000000 -75.297287
18650.000000 -75.228920
18700.000000 -76.329605
18750.000000 -77.124947
18800.000000 -77.549210
18850.000000 -77.290230
18900.000000 -77.452789
18950.000000 -77.812019
19000.000000 -78.054382
19050.000000 -78.794853
19100.000000 -79.784805
19150.000000 -80.207359
19200.000000 -79.352280
19250.000000 -80.439842
19300.000000 -81.555580
19350.000000 -80.746338
19400.000000 -81.919800
19450.000000 -81.250290
19500.000000 -81.242638
19550.000000 -82.238014
19600.000000 -82.386765
19650.000000 -83.796638
19700.000000 -82.847084
19750.000000 -83.102821
19800.000000 -83.555832
19850.000000 -83.537888
19900.000000 -84.334129
19950.000000 -83.585815
20000.000000 -83.006737
20050.000000 -83.253784
20100.000000 -83.063126
20150.000000 -83.282745
20200.000000 -82.728340
20250.000000 -83.117989
20300.000000 -83.108505
20350.000000 -83.642075
20400.000000 -83.958183
20450.000000 -85.298172
20500.000000 -83.135086
20550.000000 -83.292419
20600.000000 -85.064735
20650.000000 -84.139854
20700.000000 -83.488235
20750.000000 -83.860489
20800.000000 -85.784744
20850.000000 -87.284676
20900.000000 -86.357887
20950.000000 -86.382721
21000.000000 -88.908257
21050.000000 -86.947906
21100.000000 -86.930229
21150.000000 -88.395164
21200.000000 -86.316650
21250.000000 -86.649307
21300.000000 -87.786385
21350.000000 -87.963585
21400.000000 -90.387543
21450.000000 -89.445702
21500.000000 -87.874535
21550.000000 -88.689270
21600.000000 -90.300331
21650.000000 -88.277504
21700.000000 -90.631981
21750.000000 -90.022804
21800.000000 -89.872833
21850.000000 -87.663818
21900.000000 -86.909645
21950.000000 -90.090302
22000.000000 -87.370956
22050.000000 -88.923058
22100.000000 -89.901794
22150.000000 -90.587021
22200.000000 -91.204887
22250.000000 -90.925362
22300.000000 -89.794708
22350.000000 -89.676804
22400.000000 -89.008629
22450.000000 -88.444084
22500.000000 -89.697021
22550.000000 -89.745728
22600.000000 -88.571144
22650.000000 -88.479187
22700.000000 -87.411301
22750.000000 -88.036827
22800.000000 -88.381241
22850.000000 -90.391930
22900.000000 -89.189987
22950.000000 -89.964172
23000.000000 -88.956444
23050.000000 -87.599998
23100.000000 -88.656898
23150.000000 -86.014778
23200.000000 -88.465126
23250.000000 -89.536606
23300.000000 -91.715530
23350.000000 -90.154060
23400.000000 -90.860329
23450.000000 -88.050209
23500.000000 -86.319389
23550.000000 -84.251572
23600.000000 -86.289261
23650.000000 -86.424271
23700.000000 -87.673431
23750.000000 -87.226624
23800.000000 -88.308495
23850.000000 -87.156853
23900.000000 -88.960159
23950.000000 -89.668732
24000.000000 -88.013458
24050.000000 -87.708771
24100.000000 -91.669693
24150.000000 -89.359619
24200.000000 -88.339600
24250.000000 -89.053612
24300.000000 -87.679848
24350.000000 -88.154640
24400.000000 -88.783485
24450.000000 -87.555603
24500.000000 -88.003464
24550.000000 -89.102615
24600.000000 -89.592415
24650.000000 -88.496910
24700.000000 -87.783134
24750.000000 -88.151253
24800.000000 -94.652412
24850.000000 -91.439125
24900.000000 -92.889244
24950.000000 -88.454597
25000.000000 -91.042709
25050.000000 -90.484497
25100.000000 -94.199005
25150.000000 -92.778893
25200.000000 -91.200073
25250.000000 -91.558662
25300.000000 -91.123421
25350.000000 -92.301682
25400.000000 -92.400566
25450.000000 -93.826508
25500.000000 -93.326782
25550.000000 -93.898430
25600.000000 -91.052162
25650.000000 -92.054054
25700.000000 -94.151566
25750.000000 -94.767746
25800.000000 -96.174675
25850.000000 -94.322212
25900.000000 -93.977570
25950.000000 -92.112549
26000.000000 -90.115746
26050.000000 -93.186531
26100.000000 -91.523628
26150.000000 -93.532333
26200.000000 -93.096275
26250.000000 -93.697250
26300.000000 -93.289978
26350.000000 -90.860329
26400.000000 -92.112549
26450.000000 -92.128601
26500.000000 -91.995750
26550.000000 -91.974678
26600.000000 -93.090286
26650.000000 -91.152084
26700.000000 -92.995102
26750.000000 -91.161659
26800.000000 -94.192215
26850.000000 -90.201118
26900.000000 -90.668114
26950.000000 -91.056892
27000.000000 -89.540588
27050.000000 -88.703697
27100.000000 -89.049858
27150.000000 -89.778351
27200.000000 -90.750221
27250.000000 -89.042343
27300.000000 -94.090942
27350.000000 -90.546761
27400.000000 -94.329109
27450.000000 -93.761642
27500.000000 -93.697250
27550.000000 -93.162369
27600.000000 -90.115746
27650.000000 -87.783134
27700.000000 -89.568459
27750.000000 -91.019112
27800.000000 -92.038040
27850.000000 -91.859703
27900.000000 -91.761612
27950.000000 -93.716515
28000.000000 -96.460907
28050.000000 -92.539818
28100.000000 -90.814178
28150.000000 -91.937927
28200.000000 -93.475578
28250.000000 -89.209099
28300.000000 -89.993439
28350.000000 -89.897644
28400.000000 -89.684883
28450.000000 -89.560486
28500.000000 -92.334518
28550.000000 -90.953377
28600.000000 -88.635376
28650.000000 -87.904114
28700.000000 -89.151886
28750.000000 -89.770180
28800.000000 -89.757942
28850.000000 -89.762024
28900.000000 -87.358574
28950.000000 -88.834648
29000.000000 -89.721344
29050.000000 -89.121536
29100.000000 -88.287827
29150.000000 -88.437080
29200.000000 -87.208366
29250.000000 -89.083733
29300.000000 -85.914696
29350.000000 -87.792885
29400.000000 -89.023598
29450.000000 -87.973534
29500.000000 -91.350548
29550.000000 -89.588417
29600.000000 -90.300331
29650.000000 -88.525047
29700.000000 -88.930466
29750.000000 -91.434181
29800.000000 -92.641472
29850.000000 -90.546761
29900.000000 -88.635376
29950.000000 -88.363869
30000.000000 -90.604980
30050.000000 -91.849319
30100.000000 -90.111504
30150.000000 -89.106392
30200.000000 -87.199257
30250.000000 -89.544563
30300.000000 -93.413269
30350.000000 -92.784668
30400.000000 -88.926758
30450.000000 -89.790611
30500.000000 -89.449631
30550.000000 -91.639275
30600.000000 -92.495010
30650.000000 -91.384888
30700.000000 -93.576210
30750.000000 -90.435883
30800.000000 -94.447334
30850.000000 -90.031212
30900.000000 -92.252647
30950.000000 -90.006012
31000.000000 -89.745728
31050.000000 -90.805031
31100.000000 -91.142517
31150.000000 -87.266304
31200.000000 -87.193184
31250.000000 -87.744255
31300.000000 -89.212921
31350.000000 -87.464355
31400.000000 -87.721657
31450.000000 -88.117439
31500.000000 -87.917297
31550.000000 -88.318848
31600.000000 -87.162895
31650.000000 -86.316650
31700.000000 -87.042801
31750.000000 -90.981491
31800.000000 -85.160240
31850.000000 -89.305290
31900.000000 -87.333870
31950.000000 -87.024933
32000.000000 -84.909416
32050.000000 -85.005577
32100.000000 -85.764137
32150.000000 -85.789909
32200.000000 -84.078171
32250.000000 -84.358177
32300.000000 -84.862892
32350.000000 -84.161224
32400.000000 -85.588348
32450.000000 -85.483063
32500.000000 -85.644012
32550.000000 -84.998505
32600.000000 -85.756416
32650.000000 -84.837410
32700.000000 -84.510544
32750.000000 -86.335869
32800.000000 -85.031555
32850.000000 -83.995895
32900.000000 -84.765999
32950.000000 -84.858253
33000.000000 -84.373512
33050.000000 -84.506088
33100.000000 -84.575386
33150.000000 -84.362556
33200.000000 -83.490211
33250.000000 -83.770004
33300.000000 -84.743080
33350.000000 -85.327492
33400.000000 -85.433372
33450.000000 -85.242249
33500.000000 -86.316650
33550.000000 -87.153831
33600.000000 -87.692688
33650.000000 -86.344116
33700.000000 -87.986824
33750.000000 -86.766937
33800.000000 -84.514999
33850.000000 -85.694923
33900.000000 -84.809692
33950.000000 -85.332382
34000.000000 -84.413071
34050.000000 -84.688339
34100.000000 -83.668320
34150.000000 -85.329933
34200.000000 -84.417480
34250.000000 -84.490517
34300.000000 -83.591827
34350.000000 -84.364746
34400.000000 -84.492737
34450.000000 -84.364746
34500.000000 -86.124069
34550.000000 -86.313904
34600.000000 -84.761406
34650.000000 -83.650146
34700.000000 -84.430710
34750.000000 -84.292747
34800.000000 -83.991699
34850.000000 -85.396286
34900.000000 -86.807472
34950.000000 -88.030144
35000.000000 -87.254074
35050.000000 -87.973534
35100.000000 -85.244675
35150.000000 -86.944954
35200.000000 -89.410385
35250.000000 -89.753868
35300.000000 -90.235497
35350.000000 -88.852989
35400.000000 -87.386452
35450.000000 -90.578056
35500.000000 -92.285301
35550.000000 -89.098831
35600.000000 -96.747772
35650.000000 -93.519463
35700.000000 -91.603912
35750.000000 -90.239807
35800.000000 -89.713226
35850.000000 -91.071106
35900.000000 -89.885231
35950.000000 -93.538338
36000.000000 -87.702339
36050.000000 -85.071861
36100.000000 -82.543427
36150.000000 -80.345551
36200.000000 -77.994209
36250.000000 -76.292336
36300.000000 -75.785873
36350.000000 -74.282303
36400.000000 -73.623764
36450.000000 -73.295525
36500.000000 -71.876831
36550.000000 -71.448021
36600.000000 -71.177467
36650.000000 -70.097916
36700.000000 -70.022789
36750.000000 -69.525085
36800.000000 -69.234375
36850.000000 -68.876511
36900.000000 -68.287125
36950.000000 -68.143112
37000.000000 -67.555588
37050.000000 -67.620995
37100.000000 -67.096626
37150.000000 -67.164093
37200.000000 -66.506012
37250.000000 -66.336960
37300.000000 -66.234749
37350.000000 -65.929367
37400.000000 -65.660263
37450.000000 -65.692871
37500.000000 -65.213928
37550.000000 -65.211273
37600.000000 -64.921776
37650.000000 -64.602356
37700.000000 -64.689018
37750.000000 -64.467865
37800.000000 -64.456345
37850.000000 -64.474297
37900.000000 -64.347450
37950.000000 -64.263245
38000.000000 -64.049591
38050.000000 -64.069687
38100.000000 -63.831589
38150.000000 -63.841690
38200.000000 -63.683895
38250.000000 -63.474968
38300.000000 -63.521164
38350.000000 -63.363766
38400.000000 -63.476154
38450.000000 -63.208401
38500.000000 -63.155445
38550.000000 -62.858677
38600.000000 -63.020229
38650.000000 -62.750134
38700.000000 -62.684711
38750.000000 -62.877853
38800.000000 -62.626770
38850.000000 -62.871025
38900.000000 -62.600628
38950.000000 -62.449963
39000.000000 -62.369850
39050.000000 -62.469666
39100.000000 -62.150311
39150.000000 -62.471779
39200.000000 -62.332497
39250.000000 -62.342560
39300.000000 -62.580982
39350.000000 -62.572422
39400.000000 -62.488178
39450.000000 -62.323486
39500.000000 -62.205830
39550.000000 -61.874123
39600.000000 -61.840641
39650.000000 -61.901810
39700.000000 -62.183136
39750.000000 -62.033619
39800.000000 -62.042168
39850.000000 -62.019894
39900.000000 -61.825584
39950.000000 -61.630882
40000.000000 -61.702984
