0.000000 -70.112762
50.000000 -70.052254
100.000000 -70.159164
150.000000 -70.037514
200.000000 -69.851776
250.000000 -70.151489
300.000000 -70.254883
350.000000 -69.764046
400.000000 -70.172836
450.000000 -70.196808
500.000000 -69.240898
550.000000 -69.750191
600.000000 -69.881493
650.000000 -69.630875
700.000000 -69.885216
750.000000 -69.230537
800.000000 -69.668716
850.000000 -69.937904
900.000000 -69.796738
950.000000 -70.109367
1000.000000 -70.150208
1050.000000 -70.324654
1100.000000 -70.322037
1150.000000 -70.365204
1200.000000 -70.459694
1250.000000 -70.271301
1300.000000 -70.380081
1350.000000 -70.048042
1400.000000 -70.150635
1450.000000 -70.190811
1500.000000 -70.162155
1550.000000 -70.262222
1600.000000 -70.680786
1650.000000 -70.562378
1700.000000 -70.897415
1750.000000 -70.925346
1800.000000 -70.764595
1850.000000 -70.594185
1900.000000 -70.405075
1950.000000 -70.392784
2000.000000 -70.315948
2050.000000 -70.653625
2100.000000 -70.575356
2150.000000 -70.693939
2200.000000 -70.536484
2250.000000 -70.548080
2300.000000 -70.932343
2350.000000 -70.925812
2400.000000 -70.766876
2450.000000 -70.681686
2500.000000 -71.041756
2550.000000 -70.658150
2600.000000 -70.805420
2650.000000 -70.824753
2700.000000 -71.038910
2750.000000 -71.249763
2800.000000 -70.741280
2850.000000 -70.781540
2900.000000 -70.818764
2950.000000 -71.220291
3000.000000 -70.966469
3050.000000 -71.254120
3100.000000 -71.228012
3150.000000 -70.810478
3200.000000 -70.782455
3250.000000 -70.806343
3300.000000 -70.461464
3350.000000 -70.581627
3400.000000 -70.370018
3450.000000 -70.439392
3500.000000 -69.943733
3550.000000 -70.294678
3600.000000 -70.371765
3650.000000 -70.316818
3700.000000 -70.298149
3750.000000 -70.366951
3800.000000 -70.507553
3850.000000 -70.727142
3900.000000 -70.787964
3950.000000 -70.442039
4000.000000 -70.303787
4050.000000 -70.485809
4100.000000 -70.494675
4150.000000 -69.930832
4200.000000 -70.232903
4250.000000 -70.047195
4300.000000 -70.311607
4350.000000 -70.272163
4400.000000 -70.580734
4450.000000 -70.431023
4500.000000 -70.037086
4550.000000 -69.954979
4600.000000 -70.425735
4650.000000 -70.199387
4700.000000 -70.243668
4750.000000 -70.541832
4800.000000 -70.640533
4850.000000 -70.478279
4900.000000 -70.534256
4950.000000 -70.579391
5000.000000 -70.750412
5050.000000 -71.101486
5100.000000 -70.609459
5150.000000 -70.548973
5200.000000 -70.558357
5250.000000 -70.680786
5300.000000 -70.665840
5350.000000 -70.813705
5400.000000 -70.950554
5450.000000 -70.793472
5500.000000 -70.735802
5550.000000 -70.618004
5600.000000 -70.973030
5650.000000 -70.436752
5700.000000 -70.780624
5750.000000 -70.378326
5800.000000 -70.307266
5850.000000 -70.637375
5900.000000 -70.720764
5950.000000 -70.720306
6000.000000 -70.536484
6050.000000 -70.245392
6100.000000 -70.376579
6150.000000 -70.466331
6200.000000 -70.533806
6250.000000 -70.497780
6300.000000 -70.647308
6350.000000 -70.735352
6400.000000 -70.329002
6450.000000 -70.446892
6500.000000 -70.442039
6550.000000 -70.543617
6600.000000 -71.099106
6650.000000 -70.821991
6700.000000 -70.659508
6750.000000 -70.973495
6800.000000 -70.863091
6850.000000 -70.755440
6900.000000 -70.825218
6950.000000 -70.596428
7000.000000 -70.578041
7050.000000 -70.838593
7100.000000 -70.855690
7150.000000 -70.193810
7200.000000 -70.708481
7250.000000 -70.855225
7300.000000 -70.543617
7350.000000 -70.668556
7400.000000 -70.127632
7450.000000 -70.185669
7500.000000 -70.397171
7550.000000 -70.531578
7600.000000 -70.465446
7650.000000 -70.558800
7700.000000 -70.615753
7750.000000 -70.718941
7800.000000 -70.831673
7850.000000 -70.947754
7900.000000 -70.353851
7950.000000 -70.525345
8000.000000 -70.546745
8050.000000 -70.832130
8100.000000 -70.748589
8150.000000 -70.719398
8200.000000 -70.839516
8250.000000 -70.558357
8300.000000 -71.101967
8350.000000 -70.798523
8400.000000 -70.871895
8450.000000 -71.330963
8500.000000 -70.865868
8550.000000 -71.465858
8600.000000 -71.437630
8650.000000 -71.173149
8700.000000 -71.394211
8750.000000 -70.938873
8800.000000 -70.817383
8850.000000 -71.405540
8900.000000 -71.273994
8950.000000 -71.006851
9000.000000 -71.610954
9050.000000 -71.535103
9100.000000 -71.309013
9150.000000 -71.497177
9200.000000 -71.337807
9250.000000 -71.124832
9300.000000 -71.280304
9350.000000 -70.836746
9400.000000 -71.241058
9450.000000 -70.776497
9500.000000 -70.370018
9550.000000 -70.562828
9600.000000 -70.994148
9650.000000 -70.986633
9700.000000 -70.700294
9750.000000 -70.512001
9800.000000 -70.637375
9850.000000 -70.589249
9900.000000 -70.724411
9950.000000 -70.693031
10000.000000 -70.250137
10050.000000 -70.396736
10100.000000 -70.156181
10150.000000 -70.150208
10200.000000 -70.111488
10250.000000 -69.639725
10300.000000 -70.020691
10350.000000 -70.259628
10400.000000 -69.644951
10450.000000 -70.021111
10500.000000 -69.999290
10550.000000 -69.815590
10600.000000 -70.036667
10650.000000 -69.839012
10700.000000 -69.812721
10750.000000 -69.984215
10800.000000 -70.094101
10850.000000 -69.690933
10900.000000 -69.973763
10950.000000 -70.254448
11000.000000 -70.140404
11050.000000 -69.846008
11100.000000 -70.240219
11150.000000 -70.487579
11200.000000 -70.069138
11250.000000 -69.933327
11300.000000 -70.025734
11350.000000 -69.865387
11400.000000 -70.000549
11450.000000 -70.255745
11500.000000 -70.561485
11550.000000 -70.091133
11600.000000 -70.454842
11650.000000 -70.328568
11700.000000 -70.286446
11750.000000 -70.061958
11800.000000 -70.550766
11850.000000 -70.723045
11900.000000 -70.484924
11950.000000 -70.735352
12000.000000 -70.439392
12050.000000 -71.397659
12100.000000 -70.973495
12150.000000 -70.971153
12200.000000 -70.939812
12250.000000 -71.155418
12300.000000 -70.939339
12350.000000 -70.862167
12400.000000 -70.771004
12450.000000 -70.682144
12500.000000 -70.619804
12550.000000 -70.130188
12600.000000 -70.426178
12650.000000 -70.164719
12700.000000 -70.385338
12750.000000 -70.385338
12800.000000 -70.332916
12850.000000 -70.332047
12900.000000 -69.937904
12950.000000 -69.971260
13000.000000 -70.179253
13050.000000 -70.038773
13100.000000 -70.077591
13150.000000 -69.825859
13200.000000 -69.984634
13250.000000 -70.050568
13300.000000 -70.332047
13350.000000 -70.384460
13400.000000 -70.564171
13450.000000 -70.373512
13500.000000 -70.651825
13550.000000 -70.152336
13600.000000 -70.393661
13650.000000 -70.189529
13700.000000 -70.781998
13750.000000 -70.688950
13800.000000 -70.276054
13850.000000 -70.638733
13900.000000 -70.953827
13950.000000 -70.366951
14000.000000 -70.612152
14050.000000 -70.865410
14100.000000 -70.601822
14150.000000 -70.659508
14200.000000 -70.534256
14250.000000 -70.754532
14300.000000 -70.292511
14350.000000 -70.412979
14400.000000 -70.619804
14450.000000 -70.565063
14500.000000 -70.732613
14550.000000 -70.282112
14600.000000 -70.302925
14650.000000 -70.177544
14700.000000 -70.713486
14750.000000 -70.469864
14800.000000 -70.402878
14850.000000 -70.363892
14900.000000 -70.313782
14950.000000 -70.339455
15000.000000 -69.979614
15050.000000 -70.398491
15100.000000 -70.232468
15150.000000 -70.269135
15200.000000 -70.679878
15250.000000 -70.139549
15300.000000 -70.149353
15350.000000 -70.781540
15400.000000 -70.714844
15450.000000 -70.616653
15500.000000 -70.662216
15550.000000 -70.180534
15600.000000 -70.693031
15650.000000 -70.086052
15700.000000 -70.303352
15750.000000 -70.699844
15800.000000 -70.431023
15850.000000 -70.571777
15900.000000 -70.736259
15950.000000 -71.162125
16000.000000 -71.608940
16050.000000 -71.539108
16100.000000 -71.875793
16150.000000 -71.977287
16200.000000 -72.317513
16250.000000 -72.329567
16300.000000 -73.044922
16350.000000 -73.393402
16400.000000 -73.182281
16450.000000 -73.532646
16500.000000 -74.039383
16550.000000 -74.078842
16600.000000 -73.952408
16650.000000 -74.832542
16700.000000 -75.485184
16750.000000 -75.897545
16800.000000 -76.052643
16850.000000 -76.300987
16900.000000 -75.876083
16950.000000 -76.482071
17000.000000 -76.672424
17050.000000 -76.699570
17100.000000 -77.912529
17150.000000 -77.433044
17200.000000 -78.248283
17250.000000 -78.822586
17300.000000 -79.342445
17350.000000 -78.887642
17400.000000 -79.499916
17450.000000 -80.045982
17500.000000 -80.560577
17550.000000 -80.149193
17600.000000 -80.380096
17650.000000 -80.729019
17700.000000 -81.088043
17750.000000 -81.744690
17800.000000 -82.677681
17850.000000 -81.563507
17900.000000 -82.661461
17950.000000 -81.954590
18000.000000 -82.974945
18050.000000 -81.924767
18100.000000 -83.376083
18150.000000 -83.599846
18200.000000 -84.210587
18250.000000 -82.634491
18300.000000 -85.310371
18350.000000 -85.677071
18400.000000 -85.165039
18450.000000 -84.575386
18500.000000 -84.986725
18550.000000 -85.852081
18600.000000 -86.175186
18650.000000 -84.970268
18700.000000 -84.738510
18750.000000 -86.819092
18800.000000 -88.127571
18850.000000 -87.123688
18900.000000 -87.340042
18950.000000 -86.635071
19000.000000 -88.440582
19050.000000 -90.736275
19100.000000 -88.823662
19150.000000 -90.031227
19200.000000 -90.604980
19250.000000 -91.306587
19300.000000 -92.573570
19350.000000 -90.939362
19400.000000 -89.709167
19450.000000 -93.168404
19500.000000 -91.195259
19550.000000 -90.128502
19600.000000 -92.675621
19650.000000 -92.675621
19700.000000 -91.316338
19750.000000 -87.877815
19800.000000 -90.035423
19850.000000 -92.511787
19900.000000 -88.761650
19950.000000 -89.083733
20000.000000 -89.823410
20050.000000 -90.239807
20100.000000 -89.205269
20150.000000 -88.852989
20200.000000 -90.809578
20250.000000 -86.191391
20300.000000 -86.516418
20350.000000 -88.578255
20400.000000 -86.175186
20450.000000 -86.695023
20500.000000 -87.737793
20550.000000 -85.131477
20600.000000 -85.867691
20650.000000 -85.124298
20700.000000 -84.900093
20750.000000 -84.699715
20800.000000 -85.784744
20850.000000 -87.657417
20900.000000 -86.466026
20950.000000 -88.144478
21000.000000 -85.946182
21050.000000 -87.448715
21100.000000 -87.266304
21150.000000 -87.260185
21200.000000 -88.805374
21250.000000 -88.805374
21300.000000 -89.624466
21350.000000 -88.528580
21400.000000 -90.934692
21450.000000 -94.070824
21500.000000 -92.601799
21550.000000 -93.283859
21600.000000 -91.523628
21650.000000 -94.274094
21700.000000 -93.030678
21750.000000 -94.280952
21800.000000 -92.059265
21850.000000 -91.375061
21900.000000 -93.614250
21950.000000 -89.680847
22000.000000 -92.506195
22050.000000 -94.891991
22100.000000 -89.422134
22150.000000 -89.301414
22200.000000 -93.735825
22250.000000 -90.869591
22300.000000 -94.681099
22350.000000 -90.533379
22400.000000 -91.710426
22450.000000 -87.986824
22500.000000 -89.753868
22550.000000 -89.540588
22600.000000 -91.777023
22650.000000 -92.567932
22700.000000 -90.920700
22750.000000 -92.807793
22800.000000 -90.962738
22850.000000 -92.011581
22900.000000 -90.640999
22950.000000 -92.225533
23000.000000 -95.047958
23050.000000 -89.876961
23100.000000 -90.027008
23150.000000 -91.171249
23200.000000 -94.731537
23250.000000 -92.112549
23300.000000 -90.409485
23350.000000 -91.488808
23400.000000 -91.355446
23450.000000 -90.587021
23500.000000 -93.048515
23550.000000 -91.118652
23600.000000 -88.195404
23650.000000 -93.351402
23700.000000 -90.537834
23750.000000 -88.776199
23800.000000 -87.442467
23850.000000 -93.595215
23900.000000 -93.376099
23950.000000 -92.043343
24000.000000 -93.108253
24050.000000 -93.156342
24100.000000 -90.192543
24150.000000 -91.818268
24200.000000 -91.444077
24250.000000 -89.964172
24300.000000 -87.165924
24350.000000 -89.544563
24400.000000 -89.429985
24450.000000 -86.672142
24500.000000 -89.340179
24550.000000 -89.688927
24600.000000 -87.408188
24650.000000 -88.934166
24700.000000 -87.514580
24750.000000 -87.815666
24800.000000 -85.307930
24850.000000 -86.413185
24900.000000 -86.311165
24950.000000 -86.159012
25000.000000 -85.674522
25050.000000 -87.561928
25100.000000 -84.779770
25150.000000 -85.888550
25200.000000 -86.606667
25250.000000 -89.038589
25300.000000 -86.738106
25350.000000 -85.733307
25400.000000 -87.489426
25450.000000 -88.270638
25500.000000 -88.875053
25550.000000 -88.588936
25600.000000 -89.224419
25650.000000 -90.064926
25700.000000 -87.426872
25750.000000 -89.453568
25800.000000 -91.355446
25850.000000 -89.301414
25900.000000 -87.315392
25950.000000 -86.253799
26000.000000 -88.107323
26050.000000 -86.980408
26100.000000 -88.423088
26150.000000 -90.175415
26200.000000 -88.493271
26250.000000 -91.004982
26300.000000 -92.329033
26350.000000 -89.922539
26400.000000 -91.118721
26450.000000 -86.618019
26500.000000 -85.697479
26550.000000 -87.825447
26600.000000 -87.439346
26650.000000 -87.483154
26700.000000 -88.070328
26750.000000 -89.016113
26800.000000 -87.533485
26850.000000 -87.223572
26900.000000 -88.219269
26950.000000 -86.612343
27000.000000 -87.364761
27050.000000 -85.870300
27100.000000 -86.572708
27150.000000 -84.061226
27200.000000 -83.829536
27250.000000 -86.998184
27300.000000 -86.319389
27350.000000 -85.764137
27400.000000 -87.927193
27450.000000 -86.933174
27500.000000 -86.606667
27550.000000 -84.521690
27600.000000 -85.201149
27650.000000 -86.057266
27700.000000 -87.956955
27750.000000 -85.535545
27800.000000 -85.608543
27850.000000 -86.877403
27900.000000 -86.513588
27950.000000 -88.549835
28000.000000 -87.010063
28050.000000 -89.255135
28100.000000 -87.776642
28150.000000 -87.950333
28200.000000 -87.217491
28250.000000 -86.995224
28300.000000 -85.784744
28350.000000 -87.141762
28400.000000 -88.989952
28450.000000 -91.056892
28500.000000 -89.972527
28550.000000 -87.552437
28600.000000 -89.481163
28650.000000 -90.205406
28700.000000 -89.102615
28750.000000 -86.962662
28800.000000 -86.749626
28850.000000 -88.405624
28900.000000 -86.784286
28950.000000 -86.001549
29000.000000 -87.835243
29050.000000 -86.471611
29100.000000 -87.825447
29150.000000 -88.689270
29200.000000 -89.027344
29250.000000 -87.986824
29300.000000 -89.737587
29350.000000 -91.705322
29400.000000 -90.162598
29450.000000 -90.261391
29500.000000 -88.493271
29550.000000 -89.332413
29600.000000 -89.087509
29650.000000 -88.419594
29700.000000 -88.137711
29750.000000 -89.258980
29800.000000 -89.258980
29850.000000 -87.792885
29900.000000 -89.144287
29950.000000 -86.689301
30000.000000 -87.536644
30050.000000 -88.482704
30100.000000 -89.359619
30150.000000 -87.111656
30200.000000 -87.590462
30250.000000 -87.851593
30300.000000 -90.431480
30350.000000 -88.356926
30400.000000 -85.074234
30450.000000 -87.577782
30500.000000 -85.828712
30550.000000 -85.470612
30600.000000 -86.877403
30650.000000 -85.141052
30700.000000 -86.810379
30750.000000 -85.361816
30800.000000 -85.925179
30850.000000 -84.373512
30900.000000 -85.121910
30950.000000 -88.353455
31000.000000 -87.923897
31050.000000 -90.261375
31100.000000 -92.263519
31150.000000 -92.624443
31200.000000 -89.285965
31250.000000 -88.077042
31300.000000 -92.301682
31350.000000 -88.444084
31400.000000 -88.486229
31450.000000 -90.986183
31500.000000 -90.916039
31550.000000 -89.721344
31600.000000 -90.934692
31650.000000 -91.306587
31700.000000 -90.235497
31750.000000 -89.453568
31800.000000 -90.865013
31850.000000 -89.848083
31900.000000 -89.079964
31950.000000 -91.419365
32000.000000 -87.433105
32050.000000 -87.178024
32100.000000 -86.927284
32150.000000 -87.343124
32200.000000 -85.792488
32250.000000 -87.792885
32300.000000 -87.105644
32350.000000 -88.986221
32400.000000 -86.995224
32450.000000 -86.746742
32500.000000 -86.609505
32550.000000 -86.519203
32600.000000 -85.433372
32650.000000 -84.461670
32700.000000 -86.912582
32750.000000 -88.093849
32800.000000 -86.300209
32850.000000 -86.374435
32900.000000 -87.792885
32950.000000 -86.854034
33000.000000 -86.264694
33050.000000 -89.061134
33100.000000 -89.672768
33150.000000 -89.053612
33200.000000 -87.986824
33250.000000 -88.472160
33300.000000 -88.886108
33350.000000 -85.787323
33400.000000 -87.628662
33450.000000 -91.384888
33500.000000 -89.918381
33550.000000 -88.503853
33600.000000 -92.871727
33650.000000 -92.203896
33700.000000 -90.493362
33750.000000 -91.277412
33800.000000 -90.374405
33850.000000 -90.326408
33900.000000 -88.056908
33950.000000 -88.416100
34000.000000 -87.287743
34050.000000 -88.040176
34100.000000 -88.030144
34150.000000 -89.806999
34200.000000 -88.440582
34250.000000 -90.528923
34300.000000 -90.569107
34350.000000 -87.731339
34400.000000 -89.935005
34450.000000 -93.557251
34500.000000 -93.582542
34550.000000 -90.627480
34600.000000 -92.522987
34650.000000 -89.798798
34700.000000 -91.355446
34750.000000 -95.222061
34800.000000 -95.245033
34850.000000 -92.230949
34900.000000 -91.258011
34950.000000 -89.802895
35000.000000 -91.695129
35050.000000 -94.044083
35100.000000 -96.941315
35150.000000 -94.274094
35200.000000 -90.361290
35250.000000 -93.607903
35300.000000 -91.741104
35350.000000 -92.545433
35400.000000 -92.865898
35450.000000 -90.056488
35500.000000 -93.042564
35550.000000 -92.796227
35600.000000 -88.284386
35650.000000 -93.846062
35700.000000 -92.411629
35750.000000 -92.495010
35800.000000 -92.517387
35850.000000 -91.523628
35900.000000 -91.523628
35950.000000 -85.293289
36000.000000 -83.694649
36050.000000 -81.354996
36100.000000 -78.096863
36150.000000 -76.303581
36200.000000 -74.748871
36250.000000 -73.427536
36300.000000 -73.349533
36350.000000 -72.661926
36400.000000 -71.424286
36450.000000 -70.858002
36500.000000 -70.496452
36550.000000 -70.047623
36600.000000 -69.781197
36650.000000 -69.492210
36700.000000 -69.102219
36750.000000 -68.487976
36800.000000 -68.416435
36850.000000 -68.065948
36900.000000 -67.636627
36950.000000 -67.823189
37000.000000 -67.440269
37050.000000 -67.507011
37100.000000 -67.590134
37150.000000 -67.801407
37200.000000 -67.233917
37250.000000 -67.625778
37300.000000 -67.274254
37350.000000 -67.249481
37400.000000 -67.483772
37450.000000 -67.698792
37500.000000 -67.517403
37550.000000 -67.710373
37600.000000 -67.828049
37650.000000 -67.774681
37700.000000 -67.676949
37750.000000 -67.896530
37800.000000 -67.882729
37850.000000 -68.097878
37900.000000 -68.098549
37950.000000 -68.382271
38000.000000 -68.232582
38050.000000 -68.323334
38100.000000 -68.356216
38150.000000 -68.893837
38200.000000 -68.728996
38250.000000 -69.081078
38300.000000 -69.041580
38350.000000 -69.294838
38400.000000 -69.572433
38450.000000 -69.584007
38500.000000 -69.858780
38550.000000 -69.832840
38600.000000 -70.157028
38650.000000 -70.056892
38700.000000 -70.522232
38750.000000 -70.231606
38800.000000 -70.536484
38850.000000 -70.580734
38900.000000 -70.703934
38950.000000 -70.599571
39000.000000 -70.923012
39050.000000 -70.581627
39100.000000 -71.019569
39150.000000 -71.011559
39200.000000 -70.973969
39250.000000 -70.946350
39300.000000 -70.991333
39350.000000 -70.465004
39400.000000 -70.572670
39450.000000 -70.603165
39500.000000 -70.384460
39550.000000 -70.441597
39600.000000 -70.532028
39650.000000 -70.507996
39700.000000 -70.434105
39750.000000 -70.384026
39800.000000 -70.263954
39850.000000 -70.437630
39900.000000 -70.243240
39950.000000 -70.392784
40000.000000 -70.308128
