0.000000 -71.428238
50.000000 -71.304138
100.000000 -71.014854
150.000000 -71.241058
200.000000 -71.121490
250.000000 -71.193321
300.000000 -70.956635
350.000000 -70.843208
400.000000 -70.858467
450.000000 -70.427940
500.000000 -70.739456
550.000000 -70.379204
600.000000 -70.217842
650.000000 -70.573120
700.000000 -70.645050
750.000000 -70.573563
800.000000 -70.542282
850.000000 -70.602715
900.000000 -70.465889
950.000000 -70.733978
1000.000000 -70.342506
1050.000000 -70.381828
1100.000000 -70.718491
1150.000000 -70.806801
1200.000000 -70.738998
1250.000000 -70.658150
1300.000000 -70.841827
1350.000000 -70.748131
1400.000000 -70.649567
1450.000000 -70.795769
1500.000000 -70.922546
1550.000000 -70.457047
1600.000000 -70.449539
1650.000000 -70.429703
1700.000000 -70.370018
1750.000000 -70.156609
1800.000000 -70.147644
1850.000000 -70.172836
1900.000000 -70.328133
1950.000000 -70.367828
2000.000000 -70.284714
2050.000000 -70.342506
2100.000000 -70.321602
2150.000000 -70.283417
2200.000000 -70.668556
2250.000000 -70.496452
2300.000000 -70.375267
2350.000000 -70.500000
2400.000000 -70.329437
2450.000000 -70.245827
2500.000000 -70.851067
2550.000000 -70.600021
2600.000000 -70.391914
2650.000000 -70.584770
2700.000000 -70.759560
2750.000000 -70.669914
2800.000000 -70.221283
2850.000000 -70.431023
2900.000000 -70.312042
2950.000000 -70.500893
3000.000000 -70.608559
3050.000000 -70.420898
3100.000000 -70.464119
3150.000000 -70.507996
3200.000000 -70.503555
3250.000000 -70.507111
3300.000000 -70.290344
3350.000000 -70.169418
3400.000000 -70.503555
3450.000000 -70.516891
3500.000000 -70.209686
3550.000000 -70.742653
3600.000000 -70.355598
3650.000000 -70.557465
3700.000000 -70.919281
3750.000000 -70.821991
3800.000000 -70.758186
3850.000000 -70.767342
3900.000000 -70.456161
3950.000000 -70.724861
4000.000000 -70.882553
4050.000000 -71.083900
4100.000000 -70.940277
4150.000000 -70.602715
4200.000000 -70.437187
4250.000000 -70.598679
4300.000000 -70.819229
4350.000000 -70.662674
4400.000000 -70.472519
4450.000000 -70.144241
4500.000000 -70.170273
4550.000000 -70.239792
4600.000000 -70.383583
4650.000000 -70.157883
4700.000000 -69.772209
4750.000000 -69.902191
4800.000000 -69.861259
4850.000000 -69.580017
4900.000000 -69.786514
4950.000000 -69.832024
5000.000000 -69.389244
5050.000000 -69.892250
5100.000000 -69.334724
5150.000000 -69.466553
5200.000000 -69.472862
5250.000000 -69.424477
5300.000000 -69.773842
5350.000000 -69.345993
5400.000000 -69.484703
5450.000000 -69.298698
5500.000000 -69.077309
5550.000000 -69.709969
5600.000000 -69.603203
5650.000000 -69.698624
5700.000000 -69.668716
5750.000000 -69.424477
5800.000000 -70.125931
5850.000000 -69.891006
5900.000000 -69.691742
5950.000000 -69.250504
6000.000000 -69.309532
6050.000000 -69.420944
6100.000000 -69.846008
6150.000000 -70.037933
6200.000000 -70.153191
6250.000000 -70.267838
6300.000000 -70.170273
6350.000000 -70.133591
6400.000000 -69.938316
6450.000000 -70.084366
6500.000000 -70.078438
6550.000000 -70.266113
6600.000000 -70.105972
6650.000000 -69.851776
6700.000000 -69.793465
6750.000000 -70.200241
6800.000000 -70.011871
6850.000000 -69.917953
6900.000000 -69.791824
6950.000000 -69.895561
7000.000000 -69.713211
7050.000000 -70.043404
7100.000000 -70.158737
7150.000000 -69.777931
7200.000000 -69.902603
7250.000000 -69.660652
7300.000000 -69.446472
7350.000000 -69.573227
7400.000000 -69.716866
7450.000000 -69.265900
7500.000000 -69.293289
7550.000000 -69.274376
7600.000000 -69.361946
7650.000000 -69.166328
7700.000000 -69.308365
7750.000000 -69.694984
7800.000000 -69.501305
7850.000000 -69.044960
7900.000000 -69.075050
7950.000000 -69.316109
8000.000000 -69.406456
8050.000000 -69.285561
8100.000000 -69.140480
8150.000000 -69.105247
8200.000000 -69.369736
8250.000000 -69.004128
8300.000000 -68.957542
8350.000000 -69.559273
8400.000000 -69.337059
8450.000000 -69.624458
8500.000000 -69.396675
8550.000000 -69.661865
8600.000000 -69.781609
8650.000000 -70.040878
8700.000000 -69.690125
8750.000000 -69.864555
8800.000000 -70.195526
8850.000000 -70.155327
8900.000000 -69.847656
8950.000000 -69.852600
9000.000000 -69.984215
9050.000000 -70.058159
9100.000000 -70.007675
9150.000000 -69.962486
9200.000000 -70.175400
9250.000000 -70.235916
9300.000000 -70.560143
9350.000000 -70.673531
9400.000000 -70.380516
9450.000000 -70.289909
9500.000000 -70.280380
9550.000000 -70.133591
9600.000000 -69.954979
9650.000000 -70.065338
9700.000000 -69.966248
9750.000000 -70.157028
9800.000000 -69.942070
9850.000000 -69.793060
9900.000000 -70.048042
9950.000000 -70.013130
10000.000000 -69.747749
10050.000000 -70.008934
10100.000000 -69.329681
10150.000000 -69.762009
10200.000000 -70.009354
10250.000000 -69.874466
10300.000000 -69.733917
10350.000000 -69.820107
10400.000000 -69.886864
10450.000000 -69.869095
10500.000000 -69.097313
10550.000000 -68.661194
10600.000000 -69.215973
10650.000000 -69.218269
10700.000000 -69.130997
10750.000000 -69.439003
10800.000000 -68.817429
10850.000000 -68.625702
10900.000000 -68.933411
10950.000000 -68.877251
11000.000000 -68.746758
11050.000000 -68.801712
11100.000000 -68.892365
11150.000000 -69.073547
11200.000000 -68.795876
11250.000000 -68.669456
11300.000000 -68.703728
11350.000000 -68.478828
11400.000000 -68.688179
11450.000000 -68.688179
11500.000000 -68.502075
11550.000000 -68.877617
11600.000000 -69.056229
11650.000000 -68.768913
11700.000000 -68.801346
11750.000000 -68.654366
11800.000000 -68.692863
11850.000000 -68.953827
11900.000000 -68.586784
11950.000000 -68.573265
12000.000000 -68.953827
12050.000000 -68.679176
12100.000000 -69.272064
12150.000000 -68.746391
12200.000000 -68.927483
12250.000000 -68.728638
12300.000000 -68.731895
12350.000000 -68.422028
12400.000000 -68.749298
12450.000000 -68.952339
12500.000000 -69.028831
12550.000000 -69.139717
12600.000000 -69.170143
12650.000000 -68.867683
12700.000000 -68.957169
12750.000000 -68.867683
12800.000000 -68.897896
12850.000000 -69.104111
12900.000000 -68.768188
12950.000000 -68.605690
13000.000000 -68.777283
13050.000000 -68.695030
13100.000000 -69.052475
13150.000000 -68.941940
13200.000000 -69.415070
13250.000000 -69.426048
13300.000000 -69.296379
13350.000000 -69.290581
13400.000000 -69.312630
13450.000000 -69.240898
13500.000000 -69.299858
13550.000000 -69.185394
13600.000000 -69.758339
13650.000000 -69.013481
13700.000000 -69.003754
13750.000000 -69.333565
13800.000000 -69.487862
13850.000000 -69.446869
13900.000000 -69.225548
13950.000000 -69.632889
14000.000000 -69.654610
14050.000000 -69.313789
14100.000000 -69.429192
14150.000000 -69.054733
14200.000000 -69.181198
14250.000000 -69.224014
14300.000000 -68.497841
14350.000000 -68.749298
14400.000000 -68.552666
14450.000000 -68.435669
14500.000000 -68.508781
14550.000000 -68.610329
14600.000000 -68.620689
14650.000000 -68.423424
14700.000000 -68.416435
14750.000000 -68.358994
14800.000000 -68.140068
14850.000000 -68.330589
14900.000000 -68.168190
14950.000000 -68.452133
15000.000000 -68.651497
15050.000000 -68.178719
15100.000000 -68.176346
15150.000000 -67.749741
15200.000000 -68.251755
15250.000000 -67.885681
15300.000000 -67.843079
15350.000000 -67.871567
15400.000000 -67.973862
15450.000000 -67.942383
15500.000000 -68.034477
15550.000000 -67.815659
15600.000000 -68.045853
15650.000000 -67.697182
15700.000000 -67.613670
15750.000000 -67.672462
15800.000000 -67.657722
15850.000000 -68.093506
15900.000000 -68.212776
15950.000000 -68.728638
16000.000000 -68.861794
16050.000000 -68.814499
16100.000000 -69.257431
16150.000000 -69.560471
16200.000000 -69.836548
16250.000000 -70.043404
16300.000000 -70.833054
16350.000000 -70.835365
16400.000000 -70.631516
16450.000000 -71.456444
16500.000000 -71.581238
16550.000000 -71.521111
16600.000000 -71.921684
16650.000000 -72.103455
16700.000000 -72.433212
16750.000000 -72.890396
16800.000000 -73.047897
16850.000000 -73.079506
16900.000000 -73.560387
16950.000000 -73.537689
17000.000000 -73.657547
17050.000000 -74.010735
17100.000000 -74.301537
17150.000000 -74.391403
17200.000000 -75.123955
17250.000000 -75.282646
17300.000000 -76.124451
17350.000000 -75.838249
17400.000000 -76.374016
17450.000000 -75.969749
17500.000000 -76.948746
17550.000000 -77.086014
17600.000000 -77.546211
17650.000000 -77.956421
17700.000000 -77.435013
17750.000000 -77.701462
17800.000000 -77.666946
17850.000000 -78.487709
17900.000000 -78.802933
17950.000000 -79.796448
18000.000000 -79.451248
18050.000000 -80.146492
18100.000000 -80.530945
18150.000000 -80.977585
18200.000000 -80.672989
18250.000000 -81.401588
18300.000000 -81.225830
18350.000000 -81.678535
18400.000000 -80.797035
18450.000000 -81.601677
18500.000000 -82.414719
18550.000000 -83.278877
18600.000000 -83.116089
18650.000000 -82.339790
18700.000000 -83.364357
18750.000000 -83.731224
18800.000000 -82.941406
18850.000000 -82.552315
18900.000000 -83.460556
18950.000000 -86.944954
19000.000000 -84.772881
19050.000000 -84.349419
19100.000000 -85.891167
19150.000000 -87.835243
19200.000000 -85.133865
19250.000000 -87.590637
19300.000000 -88.736252
19350.000000 -87.917297
19400.000000 -88.468643
19450.000000 -88.367340
19500.000000 -88.339600
19550.000000 -89.485107
19600.000000 -89.608429
19650.000000 -90.069153
19700.000000 -90.265694
19750.000000 -89.644562
19800.000000 -87.063698
19850.000000 -86.839455
19900.000000 -91.152084
19950.000000 -91.142517
20000.000000 -92.263519
20050.000000 -93.918144
20100.000000 -97.609459
20150.000000 -88.736252
20200.000000 -93.345238
20250.000000 -93.781052
20300.000000 -91.969421
20350.000000 -91.311462
20400.000000 -92.064575
20450.000000 -89.046097
20500.000000 -92.301682
20550.000000 -90.515572
20600.000000 -90.239807
20650.000000 -90.231194
20700.000000 -90.860329
20750.000000 -89.129189
20800.000000 -87.235764
20850.000000 -87.458229
20900.000000 -85.062363
20950.000000 -92.048645
21000.000000 -86.959709
21050.000000 -88.181793
21100.000000 -89.684883
21150.000000 -88.638962
21200.000000 -89.721344
21250.000000 -87.858139
21300.000000 -89.091278
21350.000000 -88.402138
21400.000000 -87.223572
21450.000000 -87.254074
21500.000000 -86.848198
21550.000000 -86.229324
21600.000000 -88.046860
21650.000000 -88.280945
21700.000000 -85.674522
21750.000000 -88.567589
21800.000000 -89.790611
21850.000000 -88.212440
21900.000000 -89.278244
21950.000000 -91.746223
22000.000000 -88.010124
22050.000000 -90.528923
22100.000000 -87.689476
22150.000000 -91.161720
22200.000000 -92.664223
22250.000000 -93.210762
22300.000000 -94.958488
22350.000000 -92.160789
22400.000000 -92.761597
22450.000000 -93.413269
22500.000000 -90.524467
22550.000000 -89.827515
22600.000000 -90.832611
22650.000000 -90.466789
22700.000000 -93.475578
22750.000000 -91.156868
22800.000000 -91.813103
22850.000000 -92.989189
22900.000000 -91.948410
22950.000000 -92.274406
23000.000000 -95.337517
23050.000000 -91.195259
23100.000000 -90.591507
23150.000000 -95.423172
23200.000000 -92.584846
23250.000000 -90.967422
23300.000000 -92.895096
23350.000000 -93.475578
23400.000000 -91.468857
23450.000000 -92.573570
23500.000000 -91.037979
23550.000000 -92.400566
23600.000000 -91.619049
23650.000000 -92.053955
23700.000000 -91.424301
23750.000000 -95.415352
23800.000000 -93.144295
23850.000000 -93.339081
23900.000000 -91.573715
23950.000000 -92.813591
24000.000000 -93.488091
24050.000000 -91.326096
24100.000000 -86.921402
24150.000000 -87.689476
24200.000000 -87.542953
24250.000000 -90.391930
24300.000000 -90.001823
24350.000000 -90.609474
24400.000000 -91.262856
24450.000000 -90.995575
24500.000000 -90.031212
24550.000000 -90.313362
24600.000000 -91.958908
24650.000000 -91.419365
24700.000000 -91.911774
24750.000000 -90.409485
24800.000000 -90.668114
24850.000000 -94.124565
24900.000000 -94.811394
24950.000000 -92.778893
25000.000000 -92.139320
25050.000000 -91.777023
25100.000000 -93.382278
25150.000000 -91.503670
25200.000000 -93.168404
25250.000000 -94.111099
25300.000000 -92.825188
25350.000000 -90.681709
25400.000000 -92.252647
25450.000000 -89.485107
25500.000000 -89.955826
25550.000000 -89.255135
25600.000000 -89.544563
25650.000000 -88.801720
25700.000000 -87.950333
25750.000000 -89.449631
25800.000000 -91.901337
25850.000000 -87.812408
25900.000000 -91.384888
25950.000000 -88.971321
26000.000000 -87.517723
26050.000000 -87.024933
26100.000000 -86.804573
26150.000000 -88.451088
26200.000000 -89.285965
26250.000000 -89.901794
26300.000000 -92.241791
26350.000000 -88.219269
26400.000000 -92.384010
26450.000000 -88.472160
26500.000000 -91.355446
26550.000000 -93.060432
26600.000000 -89.053612
26650.000000 -87.087646
26700.000000 -88.458107
26750.000000 -90.352554
26800.000000 -90.031212
26850.000000 -90.348190
26900.000000 -88.430077
26950.000000 -88.956444
27000.000000 -89.806999
27050.000000 -88.571144
27100.000000 -90.636490
27150.000000 -88.384720
27200.000000 -88.956444
27250.000000 -87.078659
27300.000000 -88.458107
27350.000000 -87.367859
27400.000000 -88.053558
27450.000000 -89.496971
27500.000000 -89.328651
27550.000000 -88.367340
27600.000000 -89.516769
27650.000000 -89.770180
27700.000000 -87.699120
27750.000000 -88.989952
27800.000000 -87.476883
27850.000000 -88.599632
27900.000000 -88.886108
27950.000000 -88.033485
28000.000000 -87.612724
28050.000000 -86.715103
28100.000000 -87.900826
28150.000000 -89.790611
28200.000000 -89.057373
28250.000000 -90.736275
28300.000000 -89.524696
28350.000000 -87.473747
28400.000000 -88.381241
28450.000000 -88.685669
28500.000000 -88.542747
28550.000000 -87.577766
28600.000000 -89.901794
28650.000000 -87.920593
28700.000000 -87.695908
28750.000000 -87.238815
28800.000000 -88.852989
28850.000000 -88.707314
28900.000000 -87.628662
28950.000000 -89.860497
29000.000000 -89.209099
29050.000000 -87.321548
29100.000000 -90.090302
29150.000000 -89.422134
29200.000000 -91.152084
29250.000000 -88.606773
29300.000000 -89.316902
29350.000000 -88.219269
29400.000000 -89.383011
29450.000000 -88.578255
29500.000000 -91.267708
29550.000000 -92.209305
29600.000000 -88.185196
29650.000000 -91.741104
29700.000000 -90.413879
29750.000000 -90.462364
29800.000000 -90.475639
29850.000000 -89.652611
29900.000000 -89.076195
29950.000000 -89.560486
30000.000000 -91.578743
30050.000000 -90.413879
30100.000000 -89.737587
30150.000000 -92.900940
30200.000000 -92.596146
30250.000000 -92.778893
30300.000000 -91.690041
30350.000000 -90.056488
30400.000000 -91.389801
30450.000000 -95.138359
30500.000000 -92.198502
30550.000000 -93.807022
30600.000000 -92.744331
30650.000000 -93.582542
30700.000000 -92.112549
30750.000000 -95.353027
30800.000000 -92.584846
30850.000000 -94.233055
30900.000000 -94.336014
30950.000000 -93.006943
31000.000000 -90.860329
31050.000000 -93.413269
31100.000000 -94.447197
31150.000000 -93.826508
31200.000000 -92.312607
31250.000000 -91.958908
31300.000000 -91.958908
31350.000000 -92.796227
31400.000000 -93.703667
31450.000000 -91.603912
31500.000000 -93.351402
31550.000000 -89.644562
31600.000000 -88.419594
31650.000000 -89.426064
31700.000000 -91.156868
31750.000000 -87.489426
31800.000000 -86.906715
31850.000000 -87.858139
31900.000000 -85.664337
31950.000000 -86.743866
32000.000000 -86.686440
32050.000000 -85.807999
32100.000000 -88.761650
32150.000000 -87.072670
32200.000000 -87.705551
32250.000000 -86.110672
32300.000000 -86.995224
32350.000000 -88.056908
32400.000000 -88.232933
32450.000000 -89.449631
32500.000000 -88.560486
32550.000000 -89.725395
32600.000000 -88.768929
32650.000000 -87.473747
32700.000000 -89.524712
32750.000000 -89.757942
32800.000000 -90.018608
32850.000000 -89.774261
32900.000000 -91.644333
32950.000000 -91.066368
33000.000000 -88.915649
33050.000000 -93.351402
33100.000000 -91.756477
33150.000000 -90.944031
33200.000000 -90.939362
33250.000000 -92.038040
33300.000000 -91.629158
33350.000000 -89.564468
33400.000000 -90.035423
33450.000000 -90.768272
33500.000000 -92.155418
33550.000000 -91.875290
33600.000000 -94.192215
33650.000000 -93.066391
33700.000000 -93.494362
33750.000000 -92.744331
33800.000000 -90.786606
33850.000000 -91.444077
33900.000000 -91.204887
33950.000000 -90.077606
34000.000000 -91.538628
34050.000000 -92.345490
34100.000000 -91.669693
34150.000000 -89.806999
34200.000000 -93.768105
34250.000000 -91.291992
34300.000000 -90.480064
34350.000000 -87.799385
34400.000000 -90.014404
34450.000000 -91.321220
34500.000000 -90.892784
34550.000000 -91.629158
34600.000000 -89.568459
34650.000000 -91.870087
34700.000000 -90.613968
34750.000000 -92.865898
34800.000000 -88.830978
34850.000000 -90.533379
34900.000000 -90.179695
34950.000000 -92.043343
35000.000000 -92.236366
35050.000000 -90.990883
35100.000000 -91.306587
35150.000000 -93.735825
35200.000000 -89.905930
35250.000000 -90.609474
35300.000000 -92.144684
35350.000000 -90.291664
35400.000000 -93.957718
35450.000000 -90.622971
35500.000000 -91.771881
35550.000000 -94.552734
35600.000000 -92.274406
35650.000000 -91.321220
35700.000000 -91.985207
35750.000000 -91.964165
35800.000000 -91.399643
35850.000000 -90.953377
35900.000000 -85.818352
35950.000000 -85.105247
36000.000000 -80.507027
36050.000000 -78.338661
36100.000000 -77.669983
36150.000000 -75.763062
36200.000000 -75.563560
36250.000000 -74.506821
36300.000000 -73.761620
36350.000000 -72.695015
36400.000000 -71.420334
36450.000000 -71.533104
36500.000000 -71.153984
36550.000000 -70.628365
36600.000000 -70.419136
36650.000000 -70.525345
36700.000000 -69.766907
36750.000000 -70.000549
36800.000000 -69.678810
36850.000000 -69.345604
36900.000000 -69.220184
36950.000000 -68.924889
37000.000000 -69.110924
37050.000000 -68.915642
37100.000000 -68.580376
37150.000000 -68.773643
37200.000000 -68.826942
37250.000000 -68.942688
37300.000000 -69.020218
37350.000000 -68.723930
37400.000000 -68.781654
37450.000000 -68.859230
37500.000000 -68.848572
37550.000000 -68.794777
37600.000000 -69.127205
37650.000000 -69.234756
37700.000000 -69.606407
37750.000000 -69.525085
37800.000000 -69.579613
37850.000000 -69.705101
37900.000000 -69.843948
37950.000000 -69.910896
38000.000000 -70.210541
38050.000000 -70.118286
38100.000000 -70.468536
38150.000000 -70.535591
38200.000000 -70.684860
38250.000000 -70.879311
38300.000000 -71.049782
38350.000000 -71.318764
38400.000000 -71.494194
38450.000000 -71.717560
38500.000000 -72.378479
38550.000000 -72.454872
38600.000000 -72.726509
38650.000000 -71.915413
38700.000000 -72.870537
38750.000000 -72.401100
38800.000000 -72.380127
38850.000000 -72.370216
38900.000000 -72.125374
38950.000000 -71.812561
39000.000000 -71.965195
39050.000000 -71.883598
39100.000000 -72.010506
39150.000000 -72.419357
39200.000000 -72.401100
39250.000000 -72.688156
39300.000000 -71.912277
39350.000000 -72.107193
39400.000000 -72.621590
39450.000000 -72.182297
39500.000000 -71.914894
39550.000000 -72.034843
39600.000000 -71.611961
39650.000000 -71.858643
39700.000000 -71.900795
39750.000000 -71.420334
39800.000000 -71.123878
39850.000000 -71.412437
39900.000000 -71.574203
39950.000000 -71.248795
40000.000000 -71.015327
