0.000000 -61.246456
50.000000 -61.346935
100.000000 -61.172874
150.000000 -61.383698
200.000000 -61.316811
250.000000 -61.363979
300.000000 -61.055950
350.000000 -61.220638
400.000000 -61.380119
450.000000 -61.258244
500.000000 -61.205551
550.000000 -61.264526
600.000000 -61.185326
650.000000 -61.083233
700.000000 -61.145763
750.000000 -60.993610
800.000000 -61.197029
850.000000 -61.092545
900.000000 -61.321590
950.000000 -61.117683
1000.000000 -61.284328
1050.000000 -60.816078
1100.000000 -60.980099
1150.000000 -61.139114
1200.000000 -60.982475
1250.000000 -60.937180
1300.000000 -60.909763
1350.000000 -60.808369
1400.000000 -60.507019
1450.000000 -60.646816
1500.000000 -60.833130
1550.000000 -60.882725
1600.000000 -60.905201
1650.000000 -60.832256
1700.000000 -61.070778
1750.000000 -60.938065
1800.000000 -60.948555
1850.000000 -61.014141
1900.000000 -60.843639
1950.000000 -60.867771
2000.000000 -60.761074
2050.000000 -60.952549
2100.000000 -60.807350
2150.000000 -60.633690
2200.000000 -60.784107
2250.000000 -60.748787
2300.000000 -60.888451
2350.000000 -60.715336
2400.000000 -60.801098
2450.000000 -60.779613
2500.000000 -60.703686
2550.000000 -60.827305
2600.000000 -60.756737
2650.000000 -60.843201
2700.000000 -60.629696
2750.000000 -60.759048
2800.000000 -60.825695
2850.000000 -60.716774
2900.000000 -60.624569
2950.000000 -60.668831
3000.000000 -60.444023
3050.000000 -60.864845
3100.000000 -60.930687
3150.000000 -60.801533
3200.000000 -60.656960
3250.000000 -60.857674
3300.000000 -60.541935
3350.000000 -60.639534
3400.000000 -61.083382
3450.000000 -60.848900
3500.000000 -60.916683
3550.000000 -60.861183
3600.000000 -60.879204
3650.000000 -60.881256
3700.000000 -60.707424
3750.000000 -60.796303
3800.000000 -60.555202
3850.000000 -60.483727
3900.000000 -60.597836
3950.000000 -60.342789
4000.000000 -60.438583
4050.000000 -60.352169
4100.000000 -60.421036
4150.000000 -60.366673
4200.000000 -60.543488
4250.000000 -60.504490
4300.000000 -60.822487
4350.000000 -60.892265
4400.000000 -60.596416
4450.000000 -60.751820
4500.000000 -60.736805
4550.000000 -60.625565
4600.000000 -60.602097
4650.000000 -60.581383
4700.000000 -60.764114
4750.000000 -60.497890
4800.000000 -60.561565
4850.000000 -60.776424
4900.000000 -60.883751
4950.000000 -60.919037
5000.000000 -60.856503
5050.000000 -60.799206
5100.000000 -60.681149
5150.000000 -60.667114
5200.000000 -60.691765
5250.000000 -60.774395
5300.000000 -60.701962
5350.000000 -60.958023
5400.000000 -60.884781
5450.000000 -60.752689
5500.000000 -60.792236
5550.000000 -60.913002
5600.000000 -60.719364
5650.000000 -60.980694
5700.000000 -60.923164
5750.000000 -60.698227
5800.000000 -60.988262
5850.000000 -61.019505
5900.000000 -60.831818
5950.000000 -60.823364
6000.000000 -60.814915
6050.000000 -60.986629
6100.000000 -60.955357
6150.000000 -60.953876
6200.000000 -60.955803
6250.000000 -60.894764
6300.000000 -60.978764
6350.000000 -60.918892
6400.000000 -60.808220
6450.000000 -61.081581
6500.000000 -60.950771
6550.000000 -60.881992
6600.000000 -61.057747
6650.000000 -60.831089
6700.000000 -60.733196
6750.000000 -61.047421
6800.000000 -60.919479
6850.000000 -60.868946
6900.000000 -60.843933
6950.000000 -61.019955
7000.000000 -60.797318
7050.000000 -61.111053
7100.000000 -61.023830
7150.000000 -61.126732
7200.000000 -61.069878
7250.000000 -60.976540
7300.000000 -61.134583
7350.000000 -60.982773
7400.000000 -61.142288
7450.000000 -61.065083
7500.000000 -61.071980
7550.000000 -60.952843
7600.000000 -61.054302
7650.000000 -60.992424
7700.000000 -61.331783
7750.000000 -61.232849
7800.000000 -61.279259
7850.000000 -61.185780
7900.000000 -61.255795
7950.000000 -61.217133
8000.000000 -60.922279
8050.000000 -61.186691
8100.000000 -61.102020
8150.000000 -61.083984
8200.000000 -61.099159
8250.000000 -61.191860
8300.000000 -61.308331
8350.000000 -61.408752
8400.000000 -61.389915
8450.000000 -61.151360
8500.000000 -61.209969
8550.000000 -61.262688
8600.000000 -61.518398
8650.000000 -61.445930
8700.000000 -61.320511
8750.000000 -61.264542
8800.000000 -61.121902
8850.000000 -61.303711
8900.000000 -61.167263
8950.000000 -61.233006
9000.000000 -61.415459
9050.000000 -61.478081
9100.000000 -61.494595
9150.000000 -61.418110
9200.000000 -61.424355
9250.000000 -61.430603
9300.000000 -61.517292
9350.000000 -61.541798
9400.000000 -61.398159
9450.000000 -61.247681
9500.000000 -61.532616
9550.000000 -61.398941
9600.000000 -61.534039
9650.000000 -61.544327
9700.000000 -61.430603
9750.000000 -61.401897
9800.000000 -61.574936
9850.000000 -61.408909
9900.000000 -61.411873
9950.000000 -61.450787
10000.000000 -61.311413
10050.000000 -61.682205
10100.000000 -61.723808
10150.000000 -61.365993
10200.000000 -61.728981
10250.000000 -61.807938
10300.000000 -61.803207
10350.000000 -61.512718
10400.000000 -61.796848
10450.000000 -61.511929
10500.000000 -61.695728
10550.000000 -61.633762
10600.000000 -61.650253
10650.000000 -61.748573
10700.000000 -61.654263
10750.000000 -61.703789
10800.000000 -61.615864
10850.000000 -61.647369
10900.000000 -61.707016
10950.000000 -61.547966
11000.000000 -61.531036
11050.000000 -61.508144
11100.000000 -61.694763
11150.000000 -61.822475
11200.000000 -62.052231
11250.000000 -61.985344
11300.000000 -61.846703
11350.000000 -62.156593
11400.000000 -61.935848
11450.000000 -62.262741
11500.000000 -61.958900
11550.000000 -61.930054
11600.000000 -61.726879
11650.000000 -62.127422
11700.000000 -61.955414
11750.000000 -61.939991
11800.000000 -61.998013
11850.000000 -62.028595
11900.000000 -62.016716
11950.000000 -62.040154
12000.000000 -61.851295
12050.000000 -61.947781
12100.000000 -61.974194
12150.000000 -62.060123
12200.000000 -62.139282
12250.000000 -62.066345
12300.000000 -61.757816
12350.000000 -61.790329
12400.000000 -62.037304
12450.000000 -61.661800
12500.000000 -61.890255
12550.000000 -61.866234
12600.000000 -61.772434
12650.000000 -62.024242
12700.000000 -61.955914
12750.000000 -62.140469
12800.000000 -62.239895
12850.000000 -62.087723
12900.000000 -61.859993
12950.000000 -62.156437
13000.000000 -61.989010
13050.000000 -62.219681
13100.000000 -62.151157
13150.000000 -62.120144
13200.000000 -62.527981
13250.000000 -62.519299
13300.000000 -62.428551
13350.000000 -62.371418
13400.000000 -62.596161
13450.000000 -62.725971
13500.000000 -62.708214
13550.000000 -62.670460
13600.000000 -62.481651
13650.000000 -62.762508
13700.000000 -62.937683
13750.000000 -63.075954
13800.000000 -62.906143
13850.000000 -62.829620
13900.000000 -62.957596
13950.000000 -62.959270
14000.000000 -62.950890
14050.000000 -63.050495
14100.000000 -62.919674
14150.000000 -62.792439
14200.000000 -62.923756
14250.000000 -63.013290
14300.000000 -62.892265
14350.000000 -62.930622
14400.000000 -62.906513
14450.000000 -63.015728
14500.000000 -63.124435
14550.000000 -63.106033
14600.000000 -63.131847
14650.000000 -63.148590
14700.000000 -63.006355
14750.000000 -63.085781
14800.000000 -63.013668
14850.000000 -63.066704
14900.000000 -63.069725
14950.000000 -62.825951
15000.000000 -63.014042
15050.000000 -63.270947
15100.000000 -63.236252
15150.000000 -63.188675
15200.000000 -63.437088
15250.000000 -63.673573
15300.000000 -63.618919
15350.000000 -63.104137
15400.000000 -63.413887
15450.000000 -63.579205
15500.000000 -63.387615
15550.000000 -63.500515
15600.000000 -63.573605
15650.000000 -63.396626
15700.000000 -63.647919
15750.000000 -63.593025
15800.000000 -63.901505
15850.000000 -63.714535
15900.000000 -63.807514
15950.000000 -64.137283
16000.000000 -64.276680
16050.000000 -64.847351
16100.000000 -65.145836
16150.000000 -65.283539
16200.000000 -65.488289
16250.000000 -65.800484
16300.000000 -66.333664
16350.000000 -66.388794
16400.000000 -66.892624
16450.000000 -66.940819
16500.000000 -67.217171
16550.000000 -67.795815
16600.000000 -67.825439
16650.000000 -68.224037
16700.000000 -68.555855
16750.000000 -68.892731
16800.000000 -69.196083
16850.000000 -69.384171
16900.000000 -69.659447
16950.000000 -69.721733
17000.000000 -70.170700
17050.000000 -70.516891
17100.000000 -70.681244
17150.000000 -70.961319
17200.000000 -71.303650
17250.000000 -71.887764
17300.000000 -72.073601
17350.000000 -72.267311
17400.000000 -72.543167
17450.000000 -72.857140
17500.000000 -72.953758
17550.000000 -73.103439
17600.000000 -73.696587
17650.000000 -73.376694
17700.000000 -73.981522
17750.000000 -74.535034
17800.000000 -74.654533
17850.000000 -74.712021
17900.000000 -75.313499
17950.000000 -76.095657
18000.000000 -75.711945
18050.000000 -75.775269
18100.000000 -75.696587
18150.000000 -75.742737
18200.000000 -75.882683
18250.000000 -75.737053
18300.000000 -76.613892
18350.000000 -77.172668
18400.000000 -77.297997
18450.000000 -77.790413
18500.000000 -77.606369
18550.000000 -77.305771
18600.000000 -78.048027
18650.000000 -79.155251
18700.000000 -78.955536
18750.000000 -79.711418
18800.000000 -79.487411
18850.000000 -79.315453
18900.000000 -80.448212
18950.000000 -81.475105
19000.000000 -82.810379
19050.000000 -83.146500
19100.000000 -82.681297
19150.000000 -81.451576
19200.000000 -82.397240
19250.000000 -82.761063
19300.000000 -82.178200
19350.000000 -82.185020
19400.000000 -82.513283
19450.000000 -82.702972
19500.000000 -82.739227
19550.000000 -82.205498
19600.000000 -82.334587
19650.000000 -83.549843
19700.000000 -83.403496
19750.000000 -83.782288
19800.000000 -83.674385
19850.000000 -84.159088
19900.000000 -84.977318
19950.000000 -83.514015
20000.000000 -85.129082
20050.000000 -86.294731
20100.000000 -85.555618
20150.000000 -87.392654
20200.000000 -84.360367
20250.000000 -84.768288
20300.000000 -86.038773
20350.000000 -88.212440
20400.000000 -86.399323
20450.000000 -85.988335
20500.000000 -86.572708
20550.000000 -85.779587
20600.000000 -86.062592
20650.000000 -86.270149
20700.000000 -88.260338
20750.000000 -86.630188
20800.000000 -86.555771
20850.000000 -89.095055
20900.000000 -86.396553
20950.000000 -88.215858
21000.000000 -87.596893
21050.000000 -87.078659
21100.000000 -87.692688
21150.000000 -87.858139
21200.000000 -87.809151
21250.000000 -86.700760
21300.000000 -86.778503
21350.000000 -88.097221
21400.000000 -88.080399
21450.000000 -89.939163
21500.000000 -88.287827
21550.000000 -89.216751
21600.000000 -89.741653
21650.000000 -92.647156
21700.000000 -91.588806
21750.000000 -93.376099
21800.000000 -92.241791
21850.000000 -92.522987
21900.000000 -93.684433
21950.000000 -91.052162
22000.000000 -88.864014
22050.000000 -90.855705
22100.000000 -90.745407
22150.000000 -91.654510
22200.000000 -91.132965
22250.000000 -89.856339
22300.000000 -87.300018
22350.000000 -87.260185
22400.000000 -88.205620
22450.000000 -88.236359
22500.000000 -87.309242
22550.000000 -88.050209
22600.000000 -87.596817
22650.000000 -87.571426
22700.000000 -88.212440
22750.000000 -89.624466
22800.000000 -89.091278
22850.000000 -88.033485
22900.000000 -88.437080
22950.000000 -88.353455
23000.000000 -88.298157
23050.000000 -90.888138
23100.000000 -92.258087
23150.000000 -89.596420
23200.000000 -91.503670
23250.000000 -90.740837
23300.000000 -91.568695
23350.000000 -91.880493
23400.000000 -91.478790
23450.000000 -89.394730
23500.000000 -90.090302
23550.000000 -90.183975
23600.000000 -91.204887
23650.000000 -90.239807
23700.000000 -88.606773
23750.000000 -90.972107
23800.000000 -90.768272
23850.000000 -88.482704
23900.000000 -87.753960
23950.000000 -88.787132
24000.000000 -88.437080
24050.000000 -89.087509
24100.000000 -90.192543
24150.000000 -91.818268
24200.000000 -91.444077
24250.000000 -89.964172
24300.000000 -87.165924
24350.000000 -89.544563
24400.000000 -89.429985
24450.000000 -86.672142
24500.000000 -89.340179
24550.000000 -89.688927
24600.000000 -87.408188
24650.000000 -88.934166
24700.000000 -87.514580
24750.000000 -87.815666
24800.000000 -85.307930
24850.000000 -86.413185
24900.000000 -86.311165
24950.000000 -86.159012
25000.000000 -85.674522
25050.000000 -87.561928
25100.000000 -84.779770
25150.000000 -85.888550
25200.000000 -86.606667
25250.000000 -89.038589
25300.000000 -86.738106
25350.000000 -85.733307
25400.000000 -87.489426
25450.000000 -88.270638
25500.000000 -88.875053
25550.000000 -88.588936
25600.000000 -89.224419
25650.000000 -90.064926
25700.000000 -87.426872
25750.000000 -89.453568
25800.000000 -91.355446
25850.000000 -89.301414
25900.000000 -87.315392
25950.000000 -86.253799
26000.000000 -88.107323
26050.000000 -86.980408
26100.000000 -88.423088
26150.000000 -90.175415
26200.000000 -88.493271
26250.000000 -91.004982
26300.000000 -92.329033
26350.000000 -89.922539
26400.000000 -91.118721
26450.000000 -86.618019
26500.000000 -85.697479
26550.000000 -87.825447
26600.000000 -87.439346
26650.000000 -87.483154
26700.000000 -88.070328
26750.000000 -89.016113
26800.000000 -87.533485
26850.000000 -87.223572
26900.000000 -88.219269
26950.000000 -86.612343
27000.000000 -87.364761
27050.000000 -85.870300
27100.000000 -86.572708
27150.000000 -84.061226
27200.000000 -83.829536
27250.000000 -86.998184
27300.000000 -86.319389
27350.000000 -85.764137
27400.000000 -87.927193
27450.000000 -86.933174
27500.000000 -86.606667
27550.000000 -84.521690
27600.000000 -85.201149
27650.000000 -86.057266
27700.000000 -87.956955
27750.000000 -85.535545
27800.000000 -85.608543
27850.000000 -86.877403
27900.000000 -86.513588
27950.000000 -88.549835
28000.000000 -87.010063
28050.000000 -89.255135
28100.000000 -87.776642
28150.000000 -87.950333
28200.000000 -87.217491
28250.000000 -86.995224
28300.000000 -89.110176
28350.000000 -90.851082
28400.000000 -85.933052
28450.000000 -86.637917
28500.000000 -88.080399
28550.000000 -88.739876
28600.000000 -87.825447
28650.000000 -86.980408
28700.000000 -88.635376
28750.000000 -88.875053
28800.000000 -87.708771
28850.000000 -87.897530
28900.000000 -89.140495
28950.000000 -89.324654
29000.000000 -88.571144
29050.000000 -89.774261
29100.000000 -88.020126
29150.000000 -86.499573
29200.000000 -89.102615
29250.000000 -87.514580
29300.000000 -88.192001
29350.000000 -85.558136
29400.000000 -85.626259
29450.000000 -87.651016
29500.000000 -86.778503
29550.000000 -87.398865
29600.000000 -85.844284
29650.000000 -85.048126
29700.000000 -84.965576
29750.000000 -85.179466
29800.000000 -86.338615
29850.000000 -87.776642
29900.000000 -86.505180
29950.000000 -86.410400
30000.000000 -86.046623
30050.000000 -86.438171
30100.000000 -88.127571
30150.000000 -87.877815
30200.000000 -87.615906
30250.000000 -89.012367
30300.000000 -88.083763
30350.000000 -88.952721
30400.000000 -90.098778
30450.000000 -88.779846
30500.000000 -91.488731
30550.000000 -91.360344
30600.000000 -88.596069
30650.000000 -90.690781
30700.000000 -86.581184
30750.000000 -91.849319
30800.000000 -87.530334
30850.000000 -90.911385
30900.000000 -91.705322
30950.000000 -91.720642
31000.000000 -89.628487
31050.000000 -87.102638
31100.000000 -86.424271
31150.000000 -88.893486
31200.000000 -88.040176
31250.000000 -87.533485
31300.000000 -88.291267
31350.000000 -88.528580
31400.000000 -88.377762
31450.000000 -87.970215
31500.000000 -87.405083
31550.000000 -89.532639
31600.000000 -86.552956
31650.000000 -87.783134
31700.000000 -87.539795
31750.000000 -88.860336
31800.000000 -87.349304
31850.000000 -86.924339
31900.000000 -90.196823
31950.000000 -90.911385
32000.000000 -87.766914
32050.000000 -87.854866
32100.000000 -85.996254
32150.000000 -86.237473
32200.000000 -87.552437
32250.000000 -86.674995
32300.000000 -90.846458
32350.000000 -87.596817
32400.000000 -90.609474
32450.000000 -91.080597
32500.000000 -91.104362
32550.000000 -92.367477
32600.000000 -91.644333
32650.000000 -92.681328
32700.000000 -91.379974
32750.000000 -92.647156
32800.000000 -91.248329
32850.000000 -90.506683
32900.000000 -94.024071
32950.000000 -93.084312
33000.000000 -93.363739
33050.000000 -93.481834
33100.000000 -92.830986
33150.000000 -94.064133
33200.000000 -93.846062
33250.000000 -93.951111
33300.000000 -91.880493
33350.000000 -93.308357
33400.000000 -92.675621
33450.000000 -92.203896
33500.000000 -90.777435
33550.000000 -92.556694
33600.000000 -93.475578
33650.000000 -92.160789
33700.000000 -91.171249
33750.000000 -93.283859
33800.000000 -91.901337
33850.000000 -91.823433
33900.000000 -88.827324
33950.000000 -92.871727
34000.000000 -92.584846
34050.000000 -91.449028
34100.000000 -90.231194
34150.000000 -93.066391
34200.000000 -90.111504
34250.000000 -94.899353
34300.000000 -92.048645
34350.000000 -91.553650
34400.000000 -91.066368
34450.000000 -93.024734
34500.000000 -91.613998
34550.000000 -91.880493
34600.000000 -89.762024
34650.000000 -88.967598
34700.000000 -86.635071
34750.000000 -91.009689
34800.000000 -91.478790
34850.000000 -88.103958
34900.000000 -91.123421
34950.000000 -89.881096
35000.000000 -89.680847
35050.000000 -90.205406
35100.000000 -86.889114
35150.000000 -91.399643
35200.000000 -88.930466
35250.000000 -88.174995
35300.000000 -89.422134
35350.000000 -90.149796
35400.000000 -94.688286
35450.000000 -91.219345
35500.000000 -91.066368
35550.000000 -90.098778
35600.000000 -85.381500
35650.000000 -86.116028
35700.000000 -84.679253
35750.000000 -85.329933
35800.000000 -86.578362
35850.000000 -87.812408
35900.000000 -86.623703
35950.000000 -88.127571
36000.000000 -85.254768
36050.000000 -82.472664
36100.000000 -79.852295
36150.000000 -77.812019
36200.000000 -76.845818
36250.000000 -75.102058
36300.000000 -73.805672
36350.000000 -72.940224
36400.000000 -72.309311
36450.000000 -71.332428
36500.000000 -71.111008
36550.000000 -70.517334
36600.000000 -70.054787
36650.000000 -69.641327
36700.000000 -68.780930
36750.000000 -68.588928
36800.000000 -68.266502
36850.000000 -67.889954
36900.000000 -67.632156
36950.000000 -67.367226
37000.000000 -66.773865
37050.000000 -66.643600
37100.000000 -66.658424
37150.000000 -66.204910
37200.000000 -66.104500
37250.000000 -65.741760
37300.000000 -65.454445
37350.000000 -64.938377
37400.000000 -64.956177
37450.000000 -64.811073
37500.000000 -64.994484
37550.000000 -64.572014
37600.000000 -64.549164
37650.000000 -64.436005
37700.000000 -64.243568
37750.000000 -64.079857
37800.000000 -63.821087
37850.000000 -63.926884
37900.000000 -63.563808
37950.000000 -63.498928
38000.000000 -63.275005
38050.000000 -63.133938
38100.000000 -62.879147
38150.000000 -63.189247
38200.000000 -63.158306
38250.000000 -62.830723
38300.000000 -62.773628
38350.000000 -62.972885
38400.000000 -62.701336
38450.000000 -62.669918
38500.000000 -62.677494
38550.000000 -62.107803
38600.000000 -62.203609
38650.000000 -62.406319
38700.000000 -62.333191
38750.000000 -62.262394
38800.000000 -62.169174
38850.000000 -62.043842
38900.000000 -62.010201
38950.000000 -62.124203
39000.000000 -62.090755
39050.000000 -61.921947
39100.000000 -62.054245
39150.000000 -61.761711
39200.000000 -61.844246
39250.000000 -61.679955
39300.000000 -61.713306
39350.000000 -61.592590
39400.000000 -61.672401
39450.000000 -61.708630
39500.000000 -61.648972
39550.000000 -61.311565
39600.000000 -61.490345
39650.000000 -61.406883
39700.000000 -61.356228
39750.000000 -61.339203
39800.000000 -61.352665
39850.000000 -61.217743
39900.000000 -61.213322
39950.000000 -61.293243
40000.000000 -61.078278
