0.000000 -68.954567
50.000000 -68.297455
100.000000 -68.500313
150.000000 -68.723930
200.000000 -68.960144
250.000000 -68.826210
300.000000 -68.753647
350.000000 -68.959396
400.000000 -68.803535
450.000000 -68.655083
500.000000 -68.775826
550.000000 -68.903435
600.000000 -68.719589
650.000000 -68.895317
700.000000 -68.940460
750.000000 -68.815231
800.000000 -68.992180
850.000000 -68.618546
900.000000 -68.743126
950.000000 -68.979126
1000.000000 -68.589996
1050.000000 -68.743126
1100.000000 -68.671616
1150.000000 -68.592850
1200.000000 -68.380188
1250.000000 -68.830238
1300.000000 -68.579666
1350.000000 -68.451080
1400.000000 -68.377403
1450.000000 -68.260330
1500.000000 -68.755829
1550.000000 -68.324020
1600.000000 -68.233948
1650.000000 -68.672691
1700.000000 -68.050537
1750.000000 -68.268562
1800.000000 -68.629639
1850.000000 -68.391670
1900.000000 -68.468979
1950.000000 -68.650780
2000.000000 -68.728638
2050.000000 -69.009735
2100.000000 -68.818886
2150.000000 -68.958282
2200.000000 -69.000771
2250.000000 -68.683495
2300.000000 -68.575401
2350.000000 -68.848572
2400.000000 -69.126068
2450.000000 -68.679176
2500.000000 -69.006744
2550.000000 -69.058861
2600.000000 -68.912682
2650.000000 -68.890892
2700.000000 -68.946396
2750.000000 -68.717056
2800.000000 -68.791496
2850.000000 -68.601051
2900.000000 -68.517967
2950.000000 -68.536003
3000.000000 -68.698631
3050.000000 -68.491501
3100.000000 -68.420975
3150.000000 -68.587143
3200.000000 -68.344780
3250.000000 -68.355179
3300.000000 -67.940071
3350.000000 -67.931808
3400.000000 -67.768524
3450.000000 -67.837845
3500.000000 -67.892586
3550.000000 -67.771118
3600.000000 -67.951317
3650.000000 -67.703613
3700.000000 -67.795471
3750.000000 -68.039825
3800.000000 -67.843727
3850.000000 -68.079048
3900.000000 -67.878784
3950.000000 -67.762367
4000.000000 -67.772415
4050.000000 -67.800674
4100.000000 -67.905754
4150.000000 -67.773064
4200.000000 -67.634392
4250.000000 -67.826744
4300.000000 -67.740044
4350.000000 -67.995125
4400.000000 -67.818268
4450.000000 -68.171928
4500.000000 -67.948669
4550.000000 -67.719391
4600.000000 -67.771439
4650.000000 -67.579979
4700.000000 -67.854202
4750.000000 -67.789299
4800.000000 -67.811417
4850.000000 -68.072342
4900.000000 -67.937424
4950.000000 -68.122162
5000.000000 -68.261353
5050.000000 -67.578712
5100.000000 -67.730682
5150.000000 -67.622269
5200.000000 -67.290497
5250.000000 -67.667328
5300.000000 -67.660606
5350.000000 -67.272720
5400.000000 -67.727776
5450.000000 -67.585052
5500.000000 -67.509216
5550.000000 -67.739075
5600.000000 -67.787346
5650.000000 -67.690750
5700.000000 -67.516136
5750.000000 -67.944366
5800.000000 -67.991798
5850.000000 -68.087448
5900.000000 -67.932137
5950.000000 -68.253815
6000.000000 -67.946350
6050.000000 -68.366287
6100.000000 -68.165482
6150.000000 -68.308144
6200.000000 -68.160057
6250.000000 -68.077705
6300.000000 -67.857803
6350.000000 -68.133980
6400.000000 -68.288155
6450.000000 -68.352753
6500.000000 -68.750748
6550.000000 -68.472496
6600.000000 -68.502075
6650.000000 -68.309174
6700.000000 -68.678093
6750.000000 -68.470390
6800.000000 -68.324020
6850.000000 -68.544502
6900.000000 -68.065620
6950.000000 -67.991470
7000.000000 -68.349281
7050.000000 -67.824135
7100.000000 -67.865997
7150.000000 -68.162766
7200.000000 -67.792221
7250.000000 -68.176682
7300.000000 -68.059250
7350.000000 -68.105965
7400.000000 -67.914322
7450.000000 -67.939407
7500.000000 -68.008781
7550.000000 -67.778908
7600.000000 -67.843727
7650.000000 -67.721649
7700.000000 -67.634071
7750.000000 -67.459023
7800.000000 -67.541100
7850.000000 -67.491928
7900.000000 -67.729065
7950.000000 -67.630562
8000.000000 -67.782799
8050.000000 -67.805557
8100.000000 -67.620674
8150.000000 -67.560654
8200.000000 -67.454956
8250.000000 -67.319382
8300.000000 -67.365059
8350.000000 -67.832619
8400.000000 -67.258949
8450.000000 -67.697823
8500.000000 -67.748131
8550.000000 -67.432785
8600.000000 -67.340340
8650.000000 -67.619720
8700.000000 -67.491928
8750.000000 -67.502922
8800.000000 -67.422188
8850.000000 -67.514565
8900.000000 -67.369705
8950.000000 -67.245514
9000.000000 -67.386749
9050.000000 -67.841766
9100.000000 -67.621635
9150.000000 -67.838173
9200.000000 -67.760422
9250.000000 -67.691071
9300.000000 -67.996460
9350.000000 -67.846352
9400.000000 -67.919922
9450.000000 -67.937096
9500.000000 -67.978172
9550.000000 -67.754921
9600.000000 -68.116081
9650.000000 -68.119453
9700.000000 -68.163101
9750.000000 -68.252785
9800.000000 -68.196754
9850.000000 -68.196754
9900.000000 -68.175323
9950.000000 -68.094177
10000.000000 -68.064949
10050.000000 -68.122490
10100.000000 -68.012444
10150.000000 -68.010780
10200.000000 -68.265129
10250.000000 -67.864685
10300.000000 -68.092491
10350.000000 -68.044510
10400.000000 -68.135330
10450.000000 -67.747154
10500.000000 -67.920250
10550.000000 -67.823479
10600.000000 -67.696213
10650.000000 -67.792549
10700.000000 -67.939407
10750.000000 -67.430290
10800.000000 -67.958603
10850.000000 -67.986481
10900.000000 -67.634071
10950.000000 -67.873535
11000.000000 -67.717461
11050.000000 -67.957275
11100.000000 -68.058907
11150.000000 -68.214142
11200.000000 -68.193352
11250.000000 -68.074677
11300.000000 -68.161072
11350.000000 -68.464767
11400.000000 -68.241135
11450.000000 -67.932137
11500.000000 -68.122833
11550.000000 -67.857803
11600.000000 -68.199814
11650.000000 -68.023117
11700.000000 -67.643333
11750.000000 -67.889626
11800.000000 -67.690109
11850.000000 -67.023727
11900.000000 -67.237885
11950.000000 -67.011536
12000.000000 -67.394196
12050.000000 -67.120964
12100.000000 -67.253143
12150.000000 -67.011238
12200.000000 -67.183769
12250.000000 -67.147484
12300.000000 -66.875351
12350.000000 -67.061295
12400.000000 -67.130600
12450.000000 -67.056221
12500.000000 -66.906410
12550.000000 -66.893799
12600.000000 -66.895256
12650.000000 -67.259560
12700.000000 -67.092125
12750.000000 -67.377136
12800.000000 -67.314766
12850.000000 -67.266907
12900.000000 -67.363510
12950.000000 -67.382408
13000.000000 -67.455894
13050.000000 -67.486595
13100.000000 -67.481575
13150.000000 -67.406006
13200.000000 -67.500412
13250.000000 -67.551476
13300.000000 -67.616531
13350.000000 -67.786697
13400.000000 -67.467560
13450.000000 -67.178017
13500.000000 -67.286201
13550.000000 -67.107140
13600.000000 -67.241547
13650.000000 -67.154121
13700.000000 -67.049950
13750.000000 -67.291107
13800.000000 -67.139641
13850.000000 -67.014809
13900.000000 -67.056816
13950.000000 -67.204102
14000.000000 -66.840904
14050.000000 -66.664986
14100.000000 -66.833336
14150.000000 -66.725433
14200.000000 -66.831291
14250.000000 -66.545906
14300.000000 -67.015701
14350.000000 -67.058907
14400.000000 -66.797310
14450.000000 -66.879440
14500.000000 -67.181046
14550.000000 -67.176804
14600.000000 -67.142052
14650.000000 -67.133911
14700.000000 -67.037720
14750.000000 -66.849648
14800.000000 -66.644173
14850.000000 -66.965317
14900.000000 -66.909927
14950.000000 -66.942879
15000.000000 -66.826347
15050.000000 -66.939636
15100.000000 -66.793259
15150.000000 -66.987213
15200.000000 -66.959404
15250.000000 -67.010643
15300.000000 -66.968857
15350.000000 -66.888229
15400.000000 -67.004112
15450.000000 -66.991951
15500.000000 -67.103531
15550.000000 -67.215958
15600.000000 -67.249786
15650.000000 -67.034744
15700.000000 -67.026108
15750.000000 -67.189835
15800.000000 -67.360420
15850.000000 -67.743279
15900.000000 -68.071320
15950.000000 -68.269249
16000.000000 -68.694672
16050.000000 -69.152634
16100.000000 -69.486679
16150.000000 -69.702271
16200.000000 -69.846008
16250.000000 -70.499115
16300.000000 -70.418259
16350.000000 -70.762764
16400.000000 -71.054512
16450.000000 -71.494186
16500.000000 -71.552124
16550.000000 -71.905487
16600.000000 -72.157013
16650.000000 -72.898582
16700.000000 -72.510086
16750.000000 -73.078911
16800.000000 -72.935524
16850.000000 -72.933174
16900.000000 -73.510017
16950.000000 -74.315987
17000.000000 -73.607246
17050.000000 -74.131958
17100.000000 -74.270645
17150.000000 -74.549881
17200.000000 -75.538940
17250.000000 -75.828400
17300.000000 -76.116821
17350.000000 -76.053482
17400.000000 -76.053482
17450.000000 -76.845818
17500.000000 -76.816368
17550.000000 -76.531708
17600.000000 -76.658890
17650.000000 -78.122452
17700.000000 -78.415627
17750.000000 -78.350716
17800.000000 -78.203979
17850.000000 -78.396873
17900.000000 -77.805840
17950.000000 -77.768860
18000.000000 -78.787941
18050.000000 -79.550110
18100.000000 -79.295876
18150.000000 -79.543816
18200.000000 -79.326485
18250.000000 -80.302902
18300.000000 -79.617065
18350.000000 -79.830177
18400.000000 -81.190796
18450.000000 -80.753563
18500.000000 -81.005814
18550.000000 -81.228882
18600.000000 -80.949448
18650.000000 -80.824677
18700.000000 -82.571892
18750.000000 -81.918152
18800.000000 -82.054756
18850.000000 -81.268669
18900.000000 -82.495598
18950.000000 -83.082008
19000.000000 -82.499138
19050.000000 -83.340965
19100.000000 -83.784340
19150.000000 -85.723053
19200.000000 -84.090897
19250.000000 -84.782066
19300.000000 -84.012711
19350.000000 -84.165504
19400.000000 -84.334129
19450.000000 -84.729362
19500.000000 -84.597862
19550.000000 -83.947739
19600.000000 -84.775177
19650.000000 -85.735870
19700.000000 -85.641472
19750.000000 -86.302948
19800.000000 -84.846664
19850.000000 -87.045784
19900.000000 -85.603493
19950.000000 -86.581184
20000.000000 -86.134811
20050.000000 -88.845650
20100.000000 -86.712234
20150.000000 -87.013031
20200.000000 -88.856667
20250.000000 -89.560486
20300.000000 -90.365662
20350.000000 -88.402138
20400.000000 -88.660484
20450.000000 -88.056908
20500.000000 -88.900871
20550.000000 -88.256905
20600.000000 -89.737587
20650.000000 -86.527626
20700.000000 -89.469322
20750.000000 -89.947495
20800.000000 -86.202217
20850.000000 -89.864571
20900.000000 -88.849319
20950.000000 -88.003464
21000.000000 -89.959999
21050.000000 -88.610344
21100.000000 -88.787132
21150.000000 -87.272423
21200.000000 -91.355461
21250.000000 -90.892784
21300.000000 -88.158028
21350.000000 -88.689468
21400.000000 -90.409485
21450.000000 -87.996803
21500.000000 -87.619095
21550.000000 -88.783485
21600.000000 -89.079964
21650.000000 -87.196220
21700.000000 -87.750725
21750.000000 -87.731339
21800.000000 -89.504883
21850.000000 -89.848083
21900.000000 -91.901337
21950.000000 -90.309013
22000.000000 -93.419479
22050.000000 -90.569107
22100.000000 -90.497803
22150.000000 -91.896118
22200.000000 -95.685318
22250.000000 -92.647156
22300.000000 -91.664619
22350.000000 -89.243607
22400.000000 -89.243607
22450.000000 -86.496773
22500.000000 -90.622971
22550.000000 -91.439125
22600.000000 -91.792465
22650.000000 -91.311462
22700.000000 -88.816338
22750.000000 -91.563675
22800.000000 -89.125320
22850.000000 -92.630119
22900.000000 -92.361977
22950.000000 -92.761597
23000.000000 -94.482231
23050.000000 -93.419479
23100.000000 -89.964172
23150.000000 -91.335869
23200.000000 -90.695320
23250.000000 -90.573578
23300.000000 -91.118652
23350.000000 -90.141273
23400.000000 -91.468857
23450.000000 -92.573570
23500.000000 -91.037979
23550.000000 -92.400566
23600.000000 -91.619049
23650.000000 -92.053955
23700.000000 -91.424301
23750.000000 -95.415352
23800.000000 -93.144295
23850.000000 -93.339081
23900.000000 -91.573715
23950.000000 -92.813591
24000.000000 -93.488091
24050.000000 -91.326096
24100.000000 -86.921402
24150.000000 -87.689476
24200.000000 -87.542953
24250.000000 -90.391930
24300.000000 -90.001823
24350.000000 -90.609474
24400.000000 -91.262856
24450.000000 -93.911568
24500.000000 -93.538338
24550.000000 -91.306587
24600.000000 -91.730865
24650.000000 -92.965569
24700.000000 -93.024734
24750.000000 -91.238655
24800.000000 -93.456841
24850.000000 -94.630959
24900.000000 -91.243492
24950.000000 -91.345650
25000.000000 -92.389526
25050.000000 -91.137741
25100.000000 -92.296219
25150.000000 -92.698463
25200.000000 -92.947891
25250.000000 -92.889244
25300.000000 -89.947495
25350.000000 -90.313362
25400.000000 -92.378494
25450.000000 -89.612434
25500.000000 -94.673920
25550.000000 -91.771881
25600.000000 -90.631981
25650.000000 -91.224167
25700.000000 -92.971466
25750.000000 -91.419365
25800.000000 -96.729568
25850.000000 -93.544640
25900.000000 -90.967422
25950.000000 -93.469330
26000.000000 -93.024734
26050.000000 -93.001022
26100.000000 -91.844139
26150.000000 -93.030678
26200.000000 -91.419365
26250.000000 -89.860451
26300.000000 -93.030678
26350.000000 -93.407059
26400.000000 -94.356750
26450.000000 -96.260422
26500.000000 -93.774574
26550.000000 -91.195259
26600.000000 -92.467125
26650.000000 -93.582542
26700.000000 -90.986183
26750.000000 -92.144684
26800.000000 -93.277740
26850.000000 -91.463898
26900.000000 -90.578056
26950.000000 -92.750084
27000.000000 -91.147301
27050.000000 -96.381905
27100.000000 -93.222900
27150.000000 -92.439331
27200.000000 -92.778893
27250.000000 -91.911774
27300.000000 -92.755836
27350.000000 -91.326096
27400.000000 -90.484497
27450.000000 -90.449112
27500.000000 -93.144295
27550.000000 -91.751350
27600.000000 -93.588875
27650.000000 -93.984200
27700.000000 -92.669922
27750.000000 -91.885696
27800.000000 -95.733841
27850.000000 -91.659546
27900.000000 -93.308357
27950.000000 -93.557251
28000.000000 -93.957718
28050.000000 -92.573570
28100.000000 -92.144684
28150.000000 -92.144684
28200.000000 -88.867691
28250.000000 -94.024101
28300.000000 -92.778893
28350.000000 -94.239883
28400.000000 -91.071106
28450.000000 -93.174446
28500.000000 -88.743500
28550.000000 -90.690781
28600.000000 -89.136696
28650.000000 -92.043343
28700.000000 -93.450600
28750.000000 -93.519463
28800.000000 -94.246712
28850.000000 -92.871727
28900.000000 -94.111099
28950.000000 -92.750084
29000.000000 -91.370155
29050.000000 -94.609550
29100.000000 -92.193100
29150.000000 -94.117828
29200.000000 -91.099602
29250.000000 -91.844139
29300.000000 -92.285301
29350.000000 -91.419365
29400.000000 -95.176308
29450.000000 -90.282997
29500.000000 -90.132751
29550.000000 -89.889366
29600.000000 -88.144478
29650.000000 -88.692879
29700.000000 -89.692978
29750.000000 -89.113960
29800.000000 -92.472717
29850.000000 -88.444084
29900.000000 -89.839851
29950.000000 -88.023468
30000.000000 -92.607452
30050.000000 -90.546761
30100.000000 -90.818787
30150.000000 -91.598877
30200.000000 -90.704399
30250.000000 -93.357567
30300.000000 -94.212608
30350.000000 -91.483757
30400.000000 -90.699860
30450.000000 -90.261375
30500.000000 -91.619049
30550.000000 -92.236366
30600.000000 -95.677254
30650.000000 -92.854248
30700.000000 -90.995575
30750.000000 -92.895096
30800.000000 -91.953659
30850.000000 -92.166168
30900.000000 -90.640999
30950.000000 -90.466789
31000.000000 -92.900940
31050.000000 -92.761597
31100.000000 -92.038040
31150.000000 -94.356750
31200.000000 -93.024734
31250.000000 -91.792511
31300.000000 -91.756477
31350.000000 -88.923058
31400.000000 -89.053612
31450.000000 -87.238815
31500.000000 -91.176048
31550.000000 -90.962738
31600.000000 -91.454002
31650.000000 -89.668732
31700.000000 -90.400703
31750.000000 -89.717285
31800.000000 -90.154060
31850.000000 -91.644333
31900.000000 -95.123230
31950.000000 -96.381905
32000.000000 -91.771881
32050.000000 -96.030823
32100.000000 -93.168404
32150.000000 -91.985207
32200.000000 -91.654472
32250.000000 -90.604980
32300.000000 -89.717285
32350.000000 -92.001022
32400.000000 -88.398666
32450.000000 -88.147865
32500.000000 -91.720657
32550.000000 -90.343826
32600.000000 -87.864693
32650.000000 -93.363739
32700.000000 -89.390823
32750.000000 -90.300331
32800.000000 -91.253166
32850.000000 -90.018608
32900.000000 -92.556679
32950.000000 -92.187706
33000.000000 -89.332413
33050.000000 -90.462364
33100.000000 -92.059265
33150.000000 -89.918381
33200.000000 -91.414429
33250.000000 -89.774261
33300.000000 -91.253166
33350.000000 -92.016869
33400.000000 -92.059265
33450.000000 -89.212921
33500.000000 -89.125320
33550.000000 -91.161659
33600.000000 -90.132751
33650.000000 -92.618774
33700.000000 -90.090302
33750.000000 -92.687035
33800.000000 -95.229713
33850.000000 -89.889366
33900.000000 -90.124245
33950.000000 -93.774574
34000.000000 -91.463898
34050.000000 -92.285301
34100.000000 -96.639084
34150.000000 -89.201447
34200.000000 -90.231194
34250.000000 -90.274338
34300.000000 -91.099602
34350.000000 -91.424339
34400.000000 -89.027344
34450.000000 -90.094536
34500.000000 -90.962738
34550.000000 -91.644333
34600.000000 -93.054474
34650.000000 -89.620453
34700.000000 -91.253265
34750.000000 -95.260376
34800.000000 -91.389801
34850.000000 -93.781052
34900.000000 -86.245628
34950.000000 -90.878860
35000.000000 -91.922226
35050.000000 -92.166168
35100.000000 -91.200073
35150.000000 -93.036621
35200.000000 -91.613998
35250.000000 -93.481834
35300.000000 -90.056488
35350.000000 -90.916039
35400.000000 -91.503670
35450.000000 -91.503670
35500.000000 -88.549835
35550.000000 -90.740837
35600.000000 -92.590492
35650.000000 -90.132751
35700.000000 -90.731720
35750.000000 -91.326096
35800.000000 -90.270020
35850.000000 -84.839722
35900.000000 -81.683342
35950.000000 -79.983582
36000.000000 -78.634827
36050.000000 -76.927315
36100.000000 -75.688515
36150.000000 -74.782242
36200.000000 -73.716492
36250.000000 -73.308334
36300.000000 -72.560028
36350.000000 -71.939484
36400.000000 -71.118164
36450.000000 -70.588356
36500.000000 -70.198097
36550.000000 -69.923347
36600.000000 -69.742050
36650.000000 -69.446869
36700.000000 -68.949364
36750.000000 -68.455994
36800.000000 -68.270966
36850.000000 -68.143112
36900.000000 -67.590767
36950.000000 -67.634392
37000.000000 -67.610168
37050.000000 -67.385201
37100.000000 -67.503555
37150.000000 -67.535057
37200.000000 -66.847313
37250.000000 -66.908752
37300.000000 -66.938461
37350.000000 -67.111641
37400.000000 -67.128494
37450.000000 -67.238190
37500.000000 -66.753944
37550.000000 -67.005600
37600.000000 -67.153221
37650.000000 -67.106239
37700.000000 -67.288345
37750.000000 -67.230263
37800.000000 -67.130898
37850.000000 -67.272415
37900.000000 -67.289574
37950.000000 -67.210785
38000.000000 -67.366920
38050.000000 -67.439339
38100.000000 -67.425926
38150.000000 -67.467155
38200.000000 -67.472794
38250.000000 -67.689140
38300.000000 -67.599030
38350.000000 -67.546417
38400.000000 -67.625458
38450.000000 -67.701035
38500.000000 -67.662209
38550.000000 -67.769173
38600.000000 -67.827721
38650.000000 -67.716171
38700.000000 -67.655479
38750.000000 -67.834908
38800.000000 -68.004112
38850.000000 -68.035812
38900.000000 -68.175667
38950.000000 -68.323334
39000.000000 -68.074005
39050.000000 -68.103264
39100.000000 -68.365936
39150.000000 -68.360733
39200.000000 -68.511604
39250.000000 -68.430061
39300.000000 -68.417831
39350.000000 -68.273369
39400.000000 -68.213455
39450.000000 -68.129250
39500.000000 -68.252098
39550.000000 -68.368019
39600.000000 -68.180084
39650.000000 -68.447578
39700.000000 -68.503838
39750.000000 -68.347900
39800.000000 -68.691063
39850.000000 -68.652214
39900.000000 -68.560471
39950.000000 -68.864738
40000.000000 -68.525742
