0.000000 -83.221077
50.000000 -83.619934
100.000000 -83.690590
150.000000 -84.402061
200.000000 -84.577637
250.000000 -86.646461
300.000000 -88.834648
350.000000 -84.191238
400.000000 -89.794708
450.000000 -85.177055
500.000000 -83.650146
550.000000 -82.012878
600.000000 -85.356903
650.000000 -83.906082
700.000000 -84.747658
750.000000 -85.828712
800.000000 -84.360367
850.000000 -84.446175
900.000000 -83.091461
950.000000 -84.107895
1000.000000 -86.116028
1050.000000 -84.056999
1100.000000 -86.062592
1150.000000 -86.581184
1200.000000 -83.654182
1250.000000 -86.655014
1300.000000 -87.470627
1350.000000 -80.522491
1400.000000 -84.050659
1450.000000 -82.823204
1500.000000 -85.045761
1550.000000 -89.815193
1600.000000 -85.849480
1650.000000 -84.286240
1700.000000 -82.991760
1750.000000 -84.805084
1800.000000 -87.894241
1850.000000 -84.377899
1900.000000 -81.364296
1950.000000 -83.070671
2000.000000 -87.473747
2050.000000 -88.185196
2100.000000 -86.075920
2150.000000 -86.936134
2200.000000 -86.202217
2250.000000 -80.798485
2300.000000 -84.428505
2350.000000 -81.372047
2400.000000 -82.016235
2450.000000 -85.133865
2500.000000 -85.445763
2550.000000 -86.017433
2600.000000 -87.439346
2650.000000 -85.558136
2700.000000 -84.331947
2750.000000 -85.460663
2800.000000 -89.355728
2850.000000 -84.506088
2900.000000 -86.256516
2950.000000 -86.740982
3000.000000 -84.925758
3050.000000 -82.654259
3100.000000 -82.766525
3150.000000 -90.892784
3200.000000 -86.485611
3250.000000 -83.378036
3300.000000 -83.379990
3350.000000 -84.141991
3400.000000 -89.588417
3450.000000 -83.968643
3500.000000 -84.154808
3550.000000 -81.778786
3600.000000 -81.712341
3650.000000 -88.120819
3700.000000 -87.072670
3750.000000 -83.745491
3800.000000 -83.374123
3850.000000 -85.728180
3900.000000 -84.546257
3950.000000 -87.476883
4000.000000 -89.572449
4050.000000 -84.584373
4100.000000 -82.256905
4150.000000 -86.057266
4200.000000 -89.918381
4250.000000 -85.364281
4300.000000 -82.841568
4350.000000 -84.080284
4400.000000 -86.385551
4450.000000 -85.779587
4500.000000 -83.249931
4550.000000 -87.374054
4600.000000 -86.366158
4650.000000 -81.974533
4700.000000 -86.569885
4750.000000 -86.057266
4800.000000 -83.993797
4850.000000 -86.062592
4900.000000 -84.584373
4950.000000 -85.261658
5000.000000 -89.725395
5050.000000 -84.954155
5100.000000 -83.642075
5150.000000 -86.065254
5200.000000 -88.107323
5250.000000 -83.267288
5300.000000 -87.825447
5350.000000 -83.051819
5400.000000 -85.904228
5450.000000 -83.672363
5500.000000 -82.634491
5550.000000 -87.153831
5600.000000 -89.224419
5650.000000 -82.579025
5700.000000 -84.670166
5750.000000 -81.280952
5800.000000 -87.021950
5850.000000 -85.445763
5900.000000 -85.677071
5950.000000 -84.937447
6000.000000 -82.287888
6050.000000 -83.462524
6100.000000 -84.930435
6150.000000 -84.286240
6200.000000 -84.862892
6250.000000 -85.649086
6300.000000 -86.854034
6350.000000 -85.510513
6400.000000 -82.332848
6450.000000 -83.188492
6500.000000 -82.958160
6550.000000 -85.854683
6600.000000 -85.153038
6650.000000 -85.393822
6700.000000 -86.259247
6750.000000 -82.695740
6800.000000 -85.893776
6850.000000 -86.140182
6900.000000 -83.684509
6950.000000 -83.650146
7000.000000 -85.420998
7050.000000 -83.317627
7100.000000 -84.713387
7150.000000 -82.859970
7200.000000 -88.638962
7250.000000 -83.970741
7300.000000 -82.525681
7350.000000 -82.750137
7400.000000 -89.536606
7450.000000 -85.290855
7500.000000 -81.865417
7550.000000 -89.336296
7600.000000 -87.454964
7650.000000 -84.105766
7700.000000 -85.677101
7750.000000 -83.163651
7800.000000 -85.364281
7850.000000 -86.022728
7900.000000 -86.180588
7950.000000 -81.297867
8000.000000 -82.898743
8050.000000 -83.242226
8100.000000 -85.121910
8150.000000 -82.348465
8200.000000 -83.995895
8250.000000 -85.659248
8300.000000 -81.739830
8350.000000 -88.050209
8400.000000 -87.877815
8450.000000 -87.024933
8500.000000 -84.217041
8550.000000 -82.093460
8600.000000 -85.307930
8650.000000 -84.743080
8700.000000 -86.906715
8750.000000 -81.145317
8800.000000 -84.201981
8850.000000 -84.654297
8900.000000 -86.581184
8950.000000 -87.300018
9000.000000 -86.051949
9050.000000 -87.514580
9100.000000 -83.278877
9150.000000 -87.514580
9200.000000 -86.956757
9250.000000 -85.048126
9300.000000 -84.802780
9350.000000 -85.339745
9400.000000 -84.327583
9450.000000 -86.006836
9500.000000 -84.078171
9550.000000 -87.336960
9600.000000 -84.127052
9650.000000 -83.745491
9700.000000 -82.049721
9750.000000 -85.227722
9800.000000 -86.804573
9850.000000 -83.714951
9900.000000 -88.776199
9950.000000 -85.533035
10000.000000 -86.429832
10050.000000 -89.856323
10100.000000 -87.505135
10150.000000 -88.147865
10200.000000 -82.932114
10250.000000 -86.669281
10300.000000 -89.640648
10350.000000 -86.689301
10400.000000 -85.317703
10450.000000 -88.006790
10500.000000 -85.568192
10550.000000 -87.290817
10600.000000 -83.823357
10650.000000 -85.143448
10700.000000 -84.167648
10750.000000 -87.150810
10800.000000 -86.646461
10850.000000 -85.015015
10900.000000 -85.826118
10950.000000 -86.474403
11000.000000 -86.683578
11050.000000 -84.477188
11100.000000 -85.922562
11150.000000 -85.600967
11200.000000 -87.266304
11250.000000 -86.968575
11300.000000 -85.055244
11350.000000 -88.664078
11400.000000 -88.043518
11450.000000 -81.445313
11500.000000 -86.980408
11550.000000 -86.810379
11600.000000 -82.412971
11650.000000 -85.862488
11700.000000 -86.097290
11750.000000 -88.171600
11800.000000 -88.486229
11850.000000 -84.294922
11900.000000 -86.600998
11950.000000 -87.676636
12000.000000 -86.720848
12050.000000 -80.380096
12100.000000 -82.267220
12150.000000 -85.935677
12200.000000 -83.114197
12250.000000 -84.559692
12300.000000 -87.549278
12350.000000 -84.197678
12400.000000 -89.371307
12450.000000 -90.759117
12500.000000 -83.066902
12550.000000 -84.327583
12600.000000 -83.110397
12650.000000 -86.145561
12700.000000 -87.147797
12750.000000 -82.212334
12800.000000 -85.883331
12850.000000 -85.015015
12900.000000 -84.965576
12950.000000 -84.292747
13000.000000 -88.030197
13050.000000 -82.974945
13100.000000 -84.956192
13150.000000 -82.891342
13200.000000 -84.791267
13250.000000 -80.759346
13300.000000 -85.225304
13350.000000 -85.145844
13400.000000 -85.878113
13450.000000 -85.628792
13500.000000 -88.560486
13550.000000 -86.443733
13600.000000 -88.447586
13650.000000 -84.133453
13700.000000 -87.293884
13750.000000 -81.791801
13800.000000 -81.976196
13850.000000 -83.348755
13900.000000 -84.784370
13950.000000 -85.015015
14000.000000 -82.974945
14050.000000 -88.056908
14100.000000 -84.844353
14150.000000 -86.643616
14200.000000 -83.916473
14250.000000 -86.226608
14300.000000 -83.100922
14350.000000 -88.040176
14400.000000 -89.806999
14450.000000 -87.628662
14500.000000 -82.885803
14550.000000 -85.550598
14600.000000 -83.664276
14650.000000 -83.674385
14700.000000 -84.234291
14750.000000 -84.316681
14800.000000 -83.694649
14850.000000 -84.839722
14900.000000 -85.379036
14950.000000 -85.398758
15000.000000 -90.462364
15050.000000 -85.849480
15100.000000 -86.927284
15150.000000 -82.051399
15200.000000 -87.383347
15250.000000 -82.869186
15300.000000 -85.578262
15350.000000 -84.690613
15400.000000 -87.799385
15450.000000 -86.479988
15500.000000 -82.265495
15550.000000 -88.222687
15600.000000 -83.887398
15650.000000 -86.466026
15700.000000 -84.944473
15750.000000 -86.078590
15800.000000 -86.116028
15850.000000 -84.802780
15900.000000 -84.000099
15950.000000 -83.922722
16000.000000 -86.248352
16050.000000 -84.633942
16100.000000 -85.725616
16150.000000 -87.887665
16200.000000 -87.214508
16250.000000 -84.135582
16300.000000 -62.492146
16350.000000 -58.118393
16400.000000 -54.963879
16450.000000 -57.968361
16500.000000 -55.158802
16550.000000 -60.096893
16600.000000 -58.131424
16650.000000 -57.921703
16700.000000 -55.999966
16750.000000 -54.904778
16800.000000 -57.858089
16850.000000 -57.964798
16900.000000 -62.538982
16950.000000 -59.935829
17000.000000 -58.199451
17050.000000 -57.871773
17100.000000 -57.871975
17150.000000 -57.703087
17200.000000 -62.293751
17250.000000 -55.528873
17300.000000 -53.970524
17350.000000 -58.649563
17400.000000 -60.328461
17450.000000 -56.786564
17500.000000 -58.242104
17550.000000 -57.362122
17600.000000 -58.231396
17650.000000 -57.243011
17700.000000 -57.056675
17750.000000 -56.104874
17800.000000 -55.919804
17850.000000 -57.323967
17900.000000 -56.733082
17950.000000 -57.107159
18000.000000 -55.575253
18050.000000 -55.939713
18100.000000 -55.108471
18150.000000 -56.636715
18200.000000 -55.651962
18250.000000 -55.640720
18300.000000 -55.399384
18350.000000 -54.051468
18400.000000 -55.371181
18450.000000 -56.231312
18500.000000 -57.635490
18550.000000 -58.337349
18600.000000 -60.268517
18650.000000 -60.902996
18700.000000 -60.231144
18750.000000 -60.409222
18800.000000 -59.594509
18850.000000 -57.700241
18900.000000 -58.544796
18950.000000 -58.772388
19000.000000 -60.251720
19050.000000 -59.955448
19100.000000 -61.060143
19150.000000 -58.991455
19200.000000 -58.992870
19250.000000 -60.471966
19300.000000 -59.195988
19350.000000 -57.169415
19400.000000 -59.398048
19450.000000 -61.251965
19500.000000 -58.717213
19550.000000 -57.177357
19600.000000 -55.062634
19650.000000 -55.062256
19700.000000 -58.632786
19750.000000 -55.340588
19800.000000 -54.259682
19850.000000 -54.536018
19900.000000 -55.081120
19950.000000 -56.855221
20000.000000 -58.835213
20050.000000 -57.056015
20100.000000 -56.894714
20150.000000 -58.882511
20200.000000 -57.107159
20250.000000 -55.999046
20300.000000 -59.581364
20350.000000 -57.297409
20400.000000 -57.307083
20450.000000 -56.530907
20500.000000 -56.445984
20550.000000 -57.017097
20600.000000 -61.413120
20650.000000 -59.487278
20700.000000 -57.413631
20750.000000 -60.479103
20800.000000 -61.988178
20850.000000 -59.659008
20900.000000 -63.756714
20950.000000 -57.994732
21000.000000 -63.941471
21050.000000 -57.818405
21100.000000 -54.731728
21150.000000 -58.223946
21200.000000 -56.961716
21250.000000 -56.669891
21300.000000 -59.812511
21350.000000 -55.956253
21400.000000 -60.401859
21450.000000 -58.405361
21500.000000 -59.483280
21550.000000 -54.810268
21600.000000 -54.979702
21650.000000 -55.644653
21700.000000 -54.730137
21750.000000 -54.770473
21800.000000 -56.006824
21850.000000 -54.888058
21900.000000 -56.228306
21950.000000 -55.967159
22000.000000 -56.461140
22050.000000 -58.472797
22100.000000 -60.047577
22150.000000 -61.132164
22200.000000 -57.402618
22250.000000 -61.293243
22300.000000 -56.509510
22350.000000 -57.003948
22400.000000 -55.822334
22450.000000 -56.674500
22500.000000 -60.725414
22550.000000 -61.362583
22600.000000 -60.737957
22650.000000 -61.042191
22700.000000 -62.684711
22750.000000 -59.970097
22800.000000 -57.471489
22850.000000 -58.718700
22900.000000 -59.508183
22950.000000 -55.442883
23000.000000 -60.163624
23050.000000 -60.211567
23100.000000 -60.748062
23150.000000 -57.111252
23200.000000 -57.104404
23250.000000 -57.709091
23300.000000 -57.022366
23350.000000 -55.576530
23400.000000 -57.608479
23450.000000 -54.243954
23500.000000 -54.980892
23550.000000 -55.069019
23600.000000 -58.546253
23650.000000 -57.693630
23700.000000 -59.198162
23750.000000 -56.374882
23800.000000 -56.508625
23850.000000 -59.042229
23900.000000 -59.439934
23950.000000 -57.660866
24000.000000 -58.571629
24050.000000 -58.203114
24100.000000 -59.742626
24150.000000 -60.115810
24200.000000 -61.015038
24250.000000 -59.571899
24300.000000 -59.129429
24350.000000 -60.820740
24400.000000 -56.861317
24450.000000 -58.644913
24500.000000 -59.699368
24550.000000 -60.164841
24600.000000 -59.113022
24650.000000 -59.255878
24700.000000 -61.317425
24750.000000 -59.351784
24800.000000 -58.250336
24850.000000 -58.191483
24900.000000 -61.694763
24950.000000 -60.658386
25000.000000 -57.370541
25050.000000 -58.576576
25100.000000 -57.495995
25150.000000 -55.570877
25200.000000 -55.570255
25250.000000 -54.326393
25300.000000 -56.780067
25350.000000 -55.796238
25400.000000 -57.072369
25450.000000 -57.474567
25500.000000 -57.777367
25550.000000 -59.169209
25600.000000 -58.126827
25650.000000 -60.743298
25700.000000 -59.332863
25750.000000 -60.775009
25800.000000 -59.421192
25850.000000 -61.352295
25900.000000 -59.482159
25950.000000 -63.476749
26000.000000 -62.003189
26050.000000 -62.062813
26100.000000 -60.942791
26150.000000 -58.428886
26200.000000 -61.648170
26250.000000 -58.541775
26300.000000 -56.146790
26350.000000 -58.345558
26400.000000 -59.901817
26450.000000 -58.932297
26500.000000 -57.362709
26550.000000 -56.958355
26600.000000 -58.664436
26650.000000 -57.497284
26700.000000 -60.864056
26750.000000 -58.847271
26800.000000 -58.723160
26850.000000 -54.889824
26900.000000 -57.537571
26950.000000 -54.493870
27000.000000 -56.932339
27050.000000 -54.663921
27100.000000 -57.060551
27150.000000 -54.892033
27200.000000 -55.551952
27250.000000 -55.551952
27300.000000 -57.669579
27350.000000 -56.413212
27400.000000 -58.069118
27450.000000 -56.440266
27500.000000 -57.766396
27550.000000 -59.164875
27600.000000 -58.427673
27650.000000 -62.000519
27700.000000 -57.228935
27750.000000 -58.340630
27800.000000 -58.388607
27850.000000 -59.316677
27900.000000 -59.070877
27950.000000 -57.361927
28000.000000 -58.631199
28050.000000 -60.036789
28100.000000 -60.366398
28150.000000 -56.489758
28200.000000 -57.175442
28250.000000 -58.098457
28300.000000 -57.801315
28350.000000 -57.648422
28400.000000 -59.834721
28450.000000 -59.598686
28500.000000 -60.817245
28550.000000 -55.896057
28600.000000 -60.141232
28650.000000 -54.104080
28700.000000 -57.410484
28750.000000 -57.040543
28800.000000 -57.799664
28850.000000 -54.888279
28900.000000 -57.972664
28950.000000 -54.786457
29000.000000 -57.444092
29050.000000 -55.472107
29100.000000 -57.192406
29150.000000 -57.278500
29200.000000 -59.453239
29250.000000 -58.031002
29300.000000 -56.656982
29350.000000 -61.323906
29400.000000 -60.352169
29450.000000 -56.550755
29500.000000 -57.067825
29550.000000 -60.346786
29600.000000 -57.804089
29650.000000 -53.971519
29700.000000 -53.958088
29750.000000 -60.945007
29800.000000 -60.044380
29850.000000 -59.488529
29900.000000 -62.264114
29950.000000 -60.292473
30000.000000 -58.979309
30050.000000 -57.562008
30100.000000 -59.110409
30150.000000 -59.518696
30200.000000 -58.733009
30250.000000 -57.066124
30300.000000 -57.221424
30350.000000 -56.790684
30400.000000 -57.779213
30450.000000 -54.088093
30500.000000 -57.913361
30550.000000 -55.082321
30600.000000 -59.166809
30650.000000 -54.730064
30700.000000 -58.762505
30750.000000 -54.794678
30800.000000 -59.226006
30850.000000 -58.458805
30900.000000 -56.678295
30950.000000 -55.478168
31000.000000 -57.407337
31050.000000 -60.270706
31100.000000 -60.151478
31150.000000 -58.513691
31200.000000 -58.975891
31250.000000 -59.590466
31300.000000 -60.226788
31350.000000 -58.889038
31400.000000 -60.575714
31450.000000 -60.467487
31500.000000 -61.054451
31550.000000 -61.638241
31600.000000 -56.493916
31650.000000 -61.080231
31700.000000 -58.965057
31750.000000 -59.213184
31800.000000 -56.642742
31850.000000 -60.489334
31900.000000 -59.087807
31950.000000 -60.937473
32000.000000 -59.570259
32050.000000 -62.848366
32100.000000 -58.583668
32150.000000 -58.687653
32200.000000 -60.238297
32250.000000 -56.332638
32300.000000 -60.274536
32350.000000 -54.832977
32400.000000 -57.276367
32450.000000 -55.068039
32500.000000 -57.926640
32550.000000 -55.584816
32600.000000 -56.674679
32650.000000 -55.616283
32700.000000 -58.092815
32750.000000 -58.900944
32800.000000 -58.517490
32850.000000 -56.904270
32900.000000 -57.773998
32950.000000 -56.280750
33000.000000 -60.938507
33050.000000 -62.069370
33100.000000 -55.640640
33150.000000 -56.254013
33200.000000 -58.553883
33250.000000 -61.269741
33300.000000 -62.428902
33350.000000 -60.860744
33400.000000 -62.984650
33450.000000 -58.425678
33500.000000 -59.434093
33550.000000 -60.546024
33600.000000 -60.747776
33650.000000 -60.529671
33700.000000 -57.240120
33750.000000 -59.030483
33800.000000 -60.714039
33850.000000 -56.590710
33900.000000 -55.963665
33950.000000 -56.100643
34000.000000 -56.952564
34050.000000 -56.774212
34100.000000 -57.912113
34150.000000 -56.317966
34200.000000 -58.538757
34250.000000 -55.557831
34300.000000 -57.458817
34350.000000 -56.013691
34400.000000 -58.283447
34450.000000 -58.186317
34500.000000 -59.953869
34550.000000 -58.726368
34600.000000 -57.588573
34650.000000 -64.089615
34700.000000 -60.484570
34750.000000 -56.299686
34800.000000 -59.968250
34850.000000 -59.955448
34900.000000 -58.347534
34950.000000 -55.836521
35000.000000 -57.755642
35050.000000 -58.658188
35100.000000 -59.527229
35150.000000 -59.123196
35200.000000 -56.842312
35250.000000 -55.710888
35300.000000 -58.030788
35350.000000 -62.003353
35400.000000 -60.869091
35450.000000 -56.063835
35500.000000 -57.796989
35550.000000 -57.483383
35600.000000 -58.270947
35650.000000 -59.790234
35700.000000 -58.825249
35750.000000 -56.852364
35800.000000 -55.822815
35850.000000 -54.562622
35900.000000 -59.213161
35950.000000 -54.960686
36000.000000 -57.993366
36050.000000 -55.861588
36100.000000 -58.789780
36150.000000 -55.558784
36200.000000 -58.087177
36250.000000 -56.948551
36300.000000 -56.924057
36350.000000 -54.954014
36400.000000 -57.423183
36450.000000 -82.828712
36500.000000 -84.982025
36550.000000 -86.686440
36600.000000 -87.480019
36650.000000 -84.163368
36700.000000 -86.618019
36750.000000 -82.388504
36800.000000 -88.250053
36850.000000 -86.355171
36900.000000 -85.117134
36950.000000 -87.355484
37000.000000 -84.430717
37050.000000 -82.915413
37100.000000 -84.872215
37150.000000 -84.426300
37200.000000 -86.868637
37250.000000 -87.278549
37300.000000 -84.557449
37350.000000 -87.010063
37400.000000 -86.477196
37450.000000 -89.697021
37500.000000 -90.740837
37550.000000 -86.432610
37600.000000 -86.137497
37650.000000 -86.169792
37700.000000 -87.894241
37750.000000 -83.745491
37800.000000 -82.518593
37850.000000 -86.270149
37900.000000 -85.157837
37950.000000 -82.848923
38000.000000 -85.440804
38050.000000 -82.913559
38100.000000 -84.208435
38150.000000 -81.514458
38200.000000 -84.312355
38250.000000 -83.593834
38300.000000 -90.383163
38350.000000 -89.235924
38400.000000 -86.933174
38450.000000 -85.679619
38500.000000 -86.407631
38550.000000 -83.171288
38600.000000 -83.977020
38650.000000 -84.342865
38700.000000 -86.388252
38750.000000 -86.041313
38800.000000 -85.784744
38850.000000 -83.833656
38900.000000 -81.951294
38950.000000 -81.218208
39000.000000 -82.185020
39050.000000 -84.184799
39100.000000 -81.568268
39150.000000 -87.300346
39200.000000 -83.226837
39250.000000 -83.366310
39300.000000 -81.157425
39350.000000 -84.949158
39400.000000 -84.604614
39450.000000 -84.120659
39500.000000 -84.182648
39550.000000 -84.371315
39600.000000 -84.740799
39650.000000 -85.325043
39700.000000 -86.827812
39750.000000 -85.285980
39800.000000 -81.699440
39850.000000 -79.775757
39900.000000 -81.759285
39950.000000 -84.654343
40000.000000 -82.593307
