0.000000 -85.946182
50.000000 -85.138657
100.000000 -84.984375
150.000000 -84.025337
200.000000 -85.872902
250.000000 -84.814308
300.000000 -84.217041
350.000000 -85.813171
400.000000 -84.095139
450.000000 -83.040527
500.000000 -84.561935
550.000000 -85.242249
600.000000 -85.927803
650.000000 -85.205971
700.000000 -87.165924
750.000000 -87.226624
800.000000 -82.017891
850.000000 -86.564240
900.000000 -88.864014
950.000000 -85.946182
1000.000000 -83.960274
1050.000000 -84.052773
1100.000000 -84.399872
1150.000000 -84.391068
1200.000000 -86.544510
1250.000000 -87.303093
1300.000000 -83.595840
1350.000000 -86.322136
1400.000000 -87.779915
1450.000000 -82.850769
1500.000000 -83.082008
1550.000000 -83.541870
1600.000000 -88.772568
1650.000000 -88.772568
1700.000000 -85.679619
1750.000000 -83.739380
1800.000000 -84.439545
1850.000000 -89.935005
1900.000000 -85.124298
1950.000000 -85.885941
2000.000000 -86.516396
2050.000000 -84.120659
2100.000000 -86.550148
2150.000000 -84.519455
2200.000000 -84.182648
2250.000000 -88.388199
2300.000000 -82.552315
2350.000000 -83.864624
2400.000000 -85.896385
2450.000000 -87.069679
2500.000000 -89.297554
2550.000000 -84.883797
2600.000000 -86.600998
2650.000000 -89.914230
2700.000000 -84.486069
2750.000000 -86.502373
2800.000000 -84.432922
2850.000000 -86.871559
2900.000000 -90.137009
2950.000000 -87.290817
3000.000000 -81.376709
3050.000000 -85.364281
3100.000000 -85.234978
3150.000000 -83.275009
3200.000000 -83.686539
3250.000000 -85.800240
3300.000000 -89.027344
3350.000000 -86.657867
3400.000000 -85.656708
3450.000000 -85.356903
3500.000000 -88.838310
3550.000000 -83.008614
3600.000000 -83.533913
3650.000000 -85.165039
3700.000000 -88.030144
3750.000000 -85.327492
3800.000000 -84.967918
3850.000000 -84.459534
3900.000000 -83.741417
3950.000000 -87.045784
4000.000000 -87.057732
4050.000000 -87.114662
4100.000000 -83.012360
4150.000000 -84.299271
4200.000000 -83.611893
4250.000000 -86.126755
4300.000000 -85.621193
4350.000000 -84.544022
4400.000000 -84.645248
4450.000000 -88.486229
4500.000000 -89.968346
4550.000000 -86.709358
4600.000000 -84.342865
4650.000000 -85.107590
4700.000000 -83.846031
4750.000000 -88.556931
4800.000000 -88.209038
4850.000000 -91.128189
4900.000000 -85.225304
4950.000000 -85.570709
5000.000000 -87.208366
5050.000000 -84.258095
5100.000000 -81.895042
5150.000000 -86.544510
5200.000000 -84.977318
5250.000000 -85.220467
5300.000000 -89.121536
5350.000000 -86.261971
5400.000000 -87.845047
5450.000000 -85.215630
5500.000000 -86.758278
5550.000000 -85.779587
5600.000000 -85.996254
5650.000000 -86.311165
5700.000000 -82.945129
5750.000000 -86.906715
5800.000000 -84.629425
5850.000000 -85.215630
5900.000000 -87.874542
5950.000000 -86.191391
6000.000000 -88.353455
6050.000000 -83.947739
6100.000000 -85.523018
6150.000000 -85.488045
6200.000000 -87.165924
6250.000000 -85.312874
6300.000000 -83.280807
6350.000000 -86.524818
6400.000000 -83.922722
6450.000000 -85.453209
6500.000000 -84.208435
6550.000000 -85.300606
6600.000000 -83.941490
6650.000000 -82.883957
6700.000000 -86.947906
6750.000000 -88.377762
6800.000000 -87.590462
6850.000000 -83.440834
6900.000000 -88.416100
6950.000000 -87.923897
7000.000000 -87.900826
7050.000000 -87.695908
7100.000000 -84.514999
7150.000000 -85.327492
7200.000000 -85.846878
7250.000000 -86.977448
7300.000000 -87.907410
7350.000000 -87.429985
7400.000000 -91.634216
7450.000000 -83.346802
7500.000000 -83.321510
7550.000000 -88.934166
7600.000000 -82.652466
7650.000000 -80.943535
7700.000000 -88.798073
7750.000000 -81.725266
7800.000000 -84.510544
7850.000000 -89.167107
7900.000000 -83.514015
7950.000000 -85.406158
8000.000000 -87.584114
8050.000000 -86.877403
8100.000000 -83.411339
8150.000000 -89.429985
8200.000000 -84.970268
8250.000000 -85.383972
8300.000000 -86.086594
8350.000000 -87.776642
8400.000000 -86.159012
8450.000000 -87.417526
8500.000000 -85.033920
8550.000000 -85.797653
8600.000000 -83.083893
8650.000000 -80.296043
8700.000000 -83.117989
8750.000000 -85.153046
8800.000000 -82.313805
8850.000000 -86.854034
8900.000000 -87.105659
8950.000000 -84.597862
9000.000000 -85.515511
9050.000000 -86.775612
9100.000000 -84.191238
9150.000000 -84.251572
9200.000000 -85.570709
9250.000000 -85.697479
9300.000000 -85.782166
9350.000000 -82.801224
9400.000000 -84.027451
9450.000000 -83.966553
9500.000000 -86.995224
9550.000000 -89.684883
9600.000000 -86.606667
9650.000000 -86.965614
9700.000000 -87.039818
9750.000000 -86.454872
9800.000000 -84.227814
9850.000000 -84.080284
9900.000000 -82.895042
9950.000000 -83.257637
10000.000000 -83.498138
10050.000000 -83.710884
10100.000000 -90.213989
10150.000000 -87.966904
10200.000000 -84.923424
10250.000000 -88.291267
10300.000000 -86.527626
10350.000000 -85.510513
10400.000000 -83.619934
10450.000000 -85.751274
10500.000000 -86.516396
10550.000000 -85.969864
10600.000000 -85.700027
10650.000000 -85.723053
10700.000000 -86.874481
10750.000000 -81.824440
10800.000000 -83.998001
10850.000000 -86.801674
10900.000000 -87.508286
10950.000000 -82.954437
11000.000000 -84.568657
11050.000000 -87.501991
11100.000000 -86.612343
11150.000000 -83.985405
11200.000000 -86.533249
11250.000000 -85.184280
11300.000000 -87.495705
11350.000000 -85.585823
11400.000000 -85.416046
11450.000000 -85.611076
11500.000000 -82.984283
11550.000000 -88.725456
11600.000000 -84.426300
11650.000000 -87.867973
11700.000000 -86.915520
11750.000000 -85.975136
11800.000000 -83.993797
11850.000000 -83.757744
11900.000000 -79.852295
11950.000000 -83.023613
12000.000000 -81.580978
12050.000000 -86.740982
12100.000000 -84.996147
12150.000000 -84.552971
12200.000000 -84.338493
12250.000000 -85.475601
12300.000000 -84.772881
12350.000000 -86.677856
12400.000000 -85.041023
12450.000000 -87.492569
12500.000000 -86.033340
12550.000000 -85.057617
12600.000000 -87.001160
12650.000000 -90.524467
12700.000000 -83.171288
12750.000000 -87.078659
12800.000000 -86.854034
12850.000000 -86.377197
12900.000000 -88.046860
12950.000000 -82.554092
13000.000000 -83.337067
13050.000000 -84.759117
13100.000000 -84.782066
13150.000000 -89.205269
13200.000000 -83.991699
13250.000000 -86.020081
13300.000000 -85.826118
13350.000000 -85.086128
13400.000000 -83.883255
13450.000000 -86.256516
13500.000000 -89.355728
13550.000000 -85.488045
13600.000000 -82.823204
13650.000000 -85.761559
13700.000000 -85.659248
13750.000000 -88.423088
13800.000000 -86.020081
13850.000000 -82.735596
13900.000000 -85.588348
13950.000000 -87.530334
14000.000000 -87.004120
14050.000000 -85.055244
14100.000000 -85.518013
14150.000000 -86.603836
14200.000000 -88.291267
14250.000000 -84.600113
14300.000000 -89.351837
14350.000000 -86.449303
14400.000000 -87.848320
14450.000000 -87.445595
14500.000000 -88.674866
14550.000000 -89.031120
14600.000000 -85.831306
14650.000000 -86.113350
14700.000000 -86.185989
14750.000000 -83.104713
14800.000000 -82.761063
14850.000000 -85.654167
14900.000000 -83.444778
14950.000000 -82.511513
15000.000000 -81.219727
15050.000000 -89.600418
15100.000000 -86.156319
15150.000000 -87.483154
15200.000000 -85.413574
15250.000000 -88.642540
15300.000000 -88.087128
15350.000000 -85.935677
15400.000000 -84.775177
15450.000000 -88.284386
15500.000000 -83.454636
15550.000000 -89.182350
15600.000000 -82.336319
15650.000000 -84.251572
15700.000000 -86.297470
15750.000000 -84.275391
15800.000000 -86.781395
15850.000000 -85.074234
15900.000000 -86.221184
15950.000000 -86.824905
16000.000000 -84.393265
16050.000000 -88.026802
16100.000000 -84.724800
16150.000000 -85.210800
16200.000000 -85.418518
16250.000000 -83.019859
16300.000000 -87.081650
16350.000000 -84.956192
16400.000000 -89.087593
16450.000000 -67.968544
16500.000000 -59.140347
16550.000000 -56.059547
16600.000000 -54.506184
16650.000000 -57.264526
16700.000000 -56.070580
16750.000000 -59.508545
16800.000000 -56.450123
16850.000000 -55.548935
16900.000000 -55.741924
16950.000000 -55.568008
17000.000000 -58.302284
17050.000000 -59.097477
17100.000000 -57.585060
17150.000000 -62.034790
17200.000000 -60.731323
17250.000000 -58.816452
17300.000000 -60.810551
17350.000000 -61.001640
17400.000000 -64.769432
17450.000000 -61.853264
17500.000000 -57.519669
17550.000000 -60.482327
17600.000000 -57.418556
17650.000000 -58.750206
17700.000000 -55.300915
17750.000000 -58.769165
17800.000000 -61.163929
17850.000000 -56.912159
17900.000000 -61.205097
17950.000000 -60.313198
18000.000000 -53.953331
18050.000000 -55.347488
18100.000000 -61.045925
18150.000000 -56.062069
18200.000000 -55.832336
18250.000000 -56.284721
18300.000000 -56.762154
18350.000000 -54.742065
18400.000000 -59.618587
18450.000000 -54.411087
18500.000000 -59.475044
18550.000000 -55.180386
18600.000000 -58.596851
18650.000000 -54.885777
18700.000000 -54.540188
18750.000000 -55.156921
18800.000000 -53.965431
18850.000000 -59.752407
18900.000000 -56.569843
18950.000000 -59.623653
19000.000000 -55.515339
19050.000000 -59.697708
19100.000000 -60.987671
19150.000000 -59.408798
19200.000000 -59.778854
19250.000000 -57.340431
19300.000000 -58.451260
19350.000000 -57.363098
19400.000000 -57.335556
19450.000000 -59.031784
19500.000000 -61.165901
19550.000000 -58.114445
19600.000000 -57.076153
19650.000000 -60.488914
19700.000000 -58.334064
19750.000000 -62.531883
19800.000000 -61.829018
19850.000000 -56.058365
19900.000000 -60.529705
19950.000000 -54.367043
20000.000000 -55.994614
20050.000000 -57.475056
20100.000000 -55.390724
20150.000000 -59.756710
20200.000000 -54.973904
20250.000000 -58.027832
20300.000000 -54.064907
20350.000000 -56.302029
20400.000000 -56.447392
20450.000000 -57.301003
20500.000000 -54.856625
20550.000000 -55.108704
20600.000000 -57.466835
20650.000000 -55.228840
20700.000000 -59.792686
20750.000000 -53.936962
20800.000000 -58.316143
20850.000000 -58.642078
20900.000000 -55.003082
20950.000000 -60.577839
21000.000000 -60.115139
21050.000000 -59.625683
21100.000000 -62.094975
21150.000000 -61.775032
21200.000000 -62.657673
21250.000000 -57.191734
21300.000000 -58.635227
21350.000000 -60.758038
21400.000000 -59.015205
21450.000000 -59.291840
21500.000000 -64.043472
21550.000000 -59.996822
21600.000000 -59.750732
21650.000000 -56.414089
21700.000000 -61.387115
21750.000000 -61.381828
21800.000000 -59.124878
21850.000000 -56.069229
21900.000000 -56.686348
21950.000000 -55.835289
22000.000000 -57.261654
22050.000000 -56.156147
22100.000000 -56.738907
22150.000000 -54.617725
22200.000000 -55.482262
22250.000000 -57.991997
22300.000000 -55.328117
22350.000000 -57.469013
22400.000000 -54.310272
22450.000000 -59.824326
22500.000000 -55.188988
22550.000000 -59.613503
22600.000000 -58.105381
22650.000000 -57.506130
22700.000000 -58.768131
22750.000000 -60.057446
22800.000000 -58.799007
22850.000000 -60.086044
22900.000000 -61.961391
22950.000000 -63.772251
23000.000000 -58.753880
23050.000000 -59.512051
23100.000000 -63.254353
23150.000000 -62.867519
23200.000000 -61.467873
23250.000000 -60.013130
23300.000000 -58.815758
23350.000000 -57.345608
23400.000000 -58.128750
23450.000000 -58.098244
23500.000000 -55.347565
23550.000000 -58.357399
23600.000000 -56.752209
23650.000000 -59.059105
23700.000000 -56.407951
23750.000000 -56.225132
23800.000000 -55.010166
23850.000000 -56.181385
23900.000000 -56.311897
23950.000000 -55.227692
24000.000000 -56.314503
24050.000000 -54.690201
24100.000000 -56.158192
24150.000000 -54.738667
24200.000000 -60.488213
24250.000000 -55.620045
24300.000000 -59.187054
24350.000000 -55.875835
24400.000000 -58.113270
24450.000000 -57.219307
24500.000000 -57.370541
24550.000000 -60.941463
24600.000000 -60.227196
24650.000000 -57.361046
24700.000000 -54.594788
24750.000000 -60.049843
24800.000000 -60.646099
24850.000000 -60.059849
24900.000000 -59.993507
24950.000000 -60.066658
25000.000000 -57.481899
25050.000000 -59.111588
25100.000000 -61.895378
25150.000000 -62.089195
25200.000000 -57.440044
25250.000000 -56.965733
25300.000000 -62.031273
25350.000000 -55.479588
25400.000000 -60.529953
25450.000000 -59.589329
25500.000000 -58.522747
25550.000000 -58.834515
25600.000000 -55.672150
25650.000000 -56.273754
25700.000000 -55.511227
25750.000000 -55.415871
25800.000000 -54.784424
25850.000000 -57.677792
25900.000000 -53.959541
25950.000000 -57.770905
26000.000000 -56.394375
26050.000000 -58.292152
26100.000000 -56.775036
26150.000000 -57.448044
26200.000000 -58.270081
26250.000000 -59.253811
26300.000000 -55.835945
26350.000000 -58.213036
26400.000000 -57.634586
26450.000000 -57.413239
26500.000000 -58.363106
26550.000000 -61.550503
26600.000000 -59.974590
26650.000000 -56.274963
26700.000000 -61.102921
26750.000000 -56.485157
26800.000000 -61.638401
26850.000000 -60.015919
26900.000000 -61.178188
26950.000000 -62.860352
27000.000000 -60.755867
27050.000000 -58.487041
27100.000000 -62.835865
27150.000000 -57.781273
27200.000000 -57.330292
27250.000000 -58.209904
27300.000000 -58.787010
27350.000000 -57.106968
27400.000000 -57.908569
27450.000000 -57.871044
27500.000000 -55.850483
27550.000000 -56.060383
27600.000000 -58.423912
27650.000000 -55.354317
27700.000000 -58.769516
27750.000000 -55.449707
27800.000000 -56.909466
27850.000000 -55.117985
27900.000000 -61.789516
27950.000000 -56.041962
28000.000000 -55.832008
28050.000000 -56.378551
28100.000000 -57.604252
28150.000000 -58.901527
28200.000000 -61.666939
28250.000000 -56.246181
28300.000000 -56.574310
28350.000000 -57.591084
28400.000000 -60.701672
28450.000000 -60.695927
28500.000000 -60.210342
28550.000000 -58.884960
28600.000000 -57.341507
28650.000000 -57.330387
28700.000000 -57.697289
28750.000000 -57.340923
28800.000000 -58.958355
28850.000000 -59.627586
28900.000000 -59.389999
28950.000000 -59.920578
29000.000000 -57.110867
29050.000000 -58.573429
29100.000000 -56.676395
29150.000000 -60.411442
29200.000000 -59.216190
29250.000000 -56.212795
29300.000000 -54.309856
29350.000000 -57.192036
29400.000000 -55.200573
29450.000000 -58.287693
29500.000000 -54.587536
29550.000000 -57.501457
29600.000000 -55.186554
29650.000000 -55.120174
29700.000000 -55.902519
29750.000000 -55.139618
29800.000000 -55.931744
29850.000000 -57.315296
29900.000000 -56.453648
29950.000000 -59.214249
30000.000000 -57.522160
30050.000000 -57.426830
30100.000000 -59.483906
30150.000000 -60.055309
30200.000000 -58.251637
30250.000000 -60.883900
30300.000000 -57.482094
30350.000000 -61.486256
30400.000000 -57.812428
30450.000000 -57.832649
30500.000000 -58.602829
30550.000000 -58.291939
30600.000000 -60.829483
30650.000000 -57.171326
30700.000000 -58.024769
30750.000000 -60.581806
30800.000000 -58.221237
30850.000000 -57.615829
30900.000000 -61.460659
30950.000000 -56.178738
31000.000000 -59.118168
31050.000000 -56.911324
31100.000000 -58.149719
31150.000000 -56.145599
31200.000000 -56.148998
31250.000000 -58.699509
31300.000000 -57.217770
31350.000000 -54.399395
31400.000000 -55.313499
31450.000000 -56.355087
31500.000000 -55.115566
31550.000000 -56.040367
31600.000000 -57.864616
31650.000000 -55.419071
31700.000000 -56.589153
31750.000000 -58.501747
31800.000000 -55.124332
31850.000000 -57.432446
31900.000000 -58.933002
31950.000000 -58.921989
32000.000000 -59.776657
32050.000000 -62.208904
32100.000000 -56.302628
32150.000000 -59.176800
32200.000000 -61.794727
32250.000000 -59.467438
32300.000000 -61.314186
32350.000000 -62.780930
32400.000000 -60.817825
32450.000000 -61.019207
32500.000000 -56.742912
32550.000000 -56.927311
32600.000000 -56.479591
32650.000000 -54.458015
32700.000000 -56.415230
32750.000000 -55.719189
32800.000000 -54.633644
32850.000000 -58.862720
32900.000000 -56.045322
32950.000000 -59.361877
33000.000000 -57.560307
33050.000000 -56.554585
33100.000000 -56.429451
33150.000000 -56.724712
33200.000000 -54.737728
33250.000000 -56.077663
33300.000000 -54.995411
33350.000000 -54.739967
33400.000000 -55.550049
33450.000000 -55.548618
33500.000000 -58.304359
33550.000000 -55.465656
33600.000000 -56.694042
33650.000000 -58.255238
33700.000000 -56.984070
33750.000000 -57.425381
33800.000000 -59.801495
33850.000000 -60.994205
33900.000000 -56.844158
33950.000000 -60.255131
34000.000000 -60.396172
34050.000000 -57.512100
34100.000000 -58.021183
34150.000000 -61.395981
34200.000000 -58.878899
34250.000000 -57.131989
34300.000000 -63.093155
34350.000000 -62.175640
34400.000000 -61.192772
34450.000000 -60.967201
34500.000000 -60.848316
34550.000000 -61.207226
34600.000000 -60.548992
34650.000000 -61.223385
34700.000000 -59.608185
34750.000000 -61.689930
34800.000000 -58.125332
34850.000000 -61.100967
34900.000000 -58.069862
34950.000000 -56.205841
35000.000000 -55.613880
35050.000000 -56.310516
35100.000000 -54.759087
35150.000000 -57.224926
35200.000000 -54.549805
35250.000000 -59.309937
35300.000000 -56.321178
35350.000000 -57.969414
35400.000000 -55.784077
35450.000000 -56.429363
35500.000000 -58.109112
35550.000000 -56.710182
35600.000000 -59.056126
35650.000000 -57.594902
35700.000000 -59.507046
35750.000000 -63.014042
35800.000000 -61.962391
35850.000000 -58.502975
35900.000000 -61.420296
35950.000000 -55.093540
36000.000000 -59.523838
36050.000000 -57.618042
36100.000000 -56.668446
36150.000000 -57.223446
36200.000000 -60.125755
36250.000000 -57.766396
36300.000000 -56.317013
36350.000000 -61.514294
36400.000000 -64.134514
36450.000000 -59.629368
36500.000000 -55.356258
36550.000000 -56.250320
36600.000000 -79.441299
36650.000000 -84.090897
36700.000000 -85.119522
36750.000000 -84.708832
36800.000000 -83.780243
36850.000000 -81.770653
36900.000000 -86.229324
36950.000000 -87.229668
37000.000000 -86.775612
37050.000000 -87.150810
37100.000000 -85.425941
37150.000000 -87.973534
37200.000000 -81.720421
37250.000000 -82.937698
37300.000000 -86.769829
37350.000000 -87.117668
37400.000000 -85.588348
37450.000000 -83.815125
37500.000000 -88.209038
37550.000000 -84.939789
37600.000000 -90.213989
37650.000000 -91.478790
37700.000000 -85.268951
37750.000000 -83.759781
37800.000000 -87.654213
37850.000000 -84.832787
37900.000000 -84.268883
37950.000000 -88.178391
38000.000000 -87.132713
38050.000000 -84.421890
38100.000000 -82.803055
38150.000000 -84.284065
38200.000000 -85.787323
38250.000000 -83.462524
38300.000000 -85.322594
38350.000000 -83.904007
38400.000000 -84.816628
38450.000000 -82.837891
38500.000000 -86.810379
38550.000000 -80.927299
38600.000000 -84.676979
38650.000000 -88.087128
38700.000000 -85.148239
38750.000000 -86.308426
38800.000000 -86.761169
38850.000000 -86.655014
38900.000000 -88.077042
38950.000000 -88.043518
39000.000000 -84.897758
39050.000000 -86.496773
39100.000000 -88.222687
39150.000000 -87.584114
39200.000000 -88.539200
39250.000000 -86.110672
39300.000000 -85.356903
39350.000000 -89.008629
39400.000000 -89.741653
39450.000000 -84.046432
39500.000000 -83.887398
39550.000000 -89.367416
39600.000000 -86.449303
39650.000000 -86.939056
39700.000000 -88.975044
39750.000000 -86.947906
39800.000000 -85.184280
39850.000000 -86.215759
39900.000000 -85.753845
39950.000000 -81.453140
40000.000000 -82.137421
