0.000000 -85.371651
50.000000 -83.019859
100.000000 -85.756416
150.000000 -81.705887
200.000000 -80.852409
250.000000 -85.570709
300.000000 -82.449791
350.000000 -86.865707
400.000000 -85.276245
450.000000 -84.786667
500.000000 -88.585381
550.000000 -87.851608
600.000000 -84.297096
650.000000 -85.548088
700.000000 -86.508209
750.000000 -85.857452
800.000000 -82.198662
850.000000 -88.137711
900.000000 -83.286613
950.000000 -86.807472
1000.000000 -86.689301
1050.000000 -86.094612
1100.000000 -82.784767
1150.000000 -87.168945
1200.000000 -87.370956
1250.000000 -84.777473
1300.000000 -85.177055
1350.000000 -85.636398
1400.000000 -87.027908
1450.000000 -86.215759
1500.000000 -87.638237
1550.000000 -82.748322
1600.000000 -83.346802
1650.000000 -79.817184
1700.000000 -85.951454
1750.000000 -84.266716
1800.000000 -85.565674
1850.000000 -84.996147
1900.000000 -84.823540
1950.000000 -83.413307
2000.000000 -82.973076
2050.000000 -83.864624
2100.000000 -89.053612
2150.000000 -89.445702
2200.000000 -84.548500
2250.000000 -85.428421
2300.000000 -85.638931
2350.000000 -89.064896
2400.000000 -82.625526
2450.000000 -82.467384
2500.000000 -85.654167
2550.000000 -84.360367
2600.000000 -84.615883
2650.000000 -84.956192
2700.000000 -83.082008
2750.000000 -83.269218
2800.000000 -81.844086
2850.000000 -82.404228
2900.000000 -81.004326
2950.000000 -82.032951
3000.000000 -85.143448
3050.000000 -84.428505
3100.000000 -84.090897
3150.000000 -85.613632
3200.000000 -86.746742
3250.000000 -86.388252
3300.000000 -83.966553
3350.000000 -84.830475
3400.000000 -86.892044
3450.000000 -79.867950
3500.000000 -85.513016
3550.000000 -87.467491
3600.000000 -84.676979
3650.000000 -83.321510
3700.000000 -83.321510
3750.000000 -82.993629
3800.000000 -83.813072
3850.000000 -88.377762
3900.000000 -86.493973
3950.000000 -83.127480
4000.000000 -84.212738
4050.000000 -82.661461
4100.000000 -83.374123
4150.000000 -85.300606
4200.000000 -86.391014
4250.000000 -87.897530
4300.000000 -84.503860
4350.000000 -83.906082
4400.000000 -84.033768
4450.000000 -84.729362
4500.000000 -83.708855
4550.000000 -85.613602
4600.000000 -89.713226
4650.000000 -81.947952
4700.000000 -84.124924
4750.000000 -86.004189
4800.000000 -82.742867
4850.000000 -85.050499
4900.000000 -85.480568
4950.000000 -81.746307
5000.000000 -82.546989
5050.000000 -86.816185
5100.000000 -85.661797
5150.000000 -80.601677
5200.000000 -84.835098
5250.000000 -85.633858
5300.000000 -86.148247
5350.000000 -84.900093
5400.000000 -84.148392
5450.000000 -87.389549
5500.000000 -85.694923
5550.000000 -85.515511
5600.000000 -88.046860
5650.000000 -87.508286
5700.000000 -85.649086
5750.000000 -84.930435
5800.000000 -86.035995
5850.000000 -83.063126
5900.000000 -87.773399
5950.000000 -82.231155
6000.000000 -84.494965
6050.000000 -88.315399
6100.000000 -86.646461
6150.000000 -85.621193
6200.000000 -90.043892
6250.000000 -84.935112
6300.000000 -82.812210
6350.000000 -84.492737
6400.000000 -85.337280
6450.000000 -85.203560
6500.000000 -81.204491
6550.000000 -84.631683
6600.000000 -85.186684
6650.000000 -87.887665
6700.000000 -89.717285
6750.000000 -80.650101
6800.000000 -83.244148
6850.000000 -85.150635
6900.000000 -84.539551
6950.000000 -84.305794
7000.000000 -88.171600
7050.000000 -84.510544
7100.000000 -83.866692
7150.000000 -86.816185
7200.000000 -86.845284
7250.000000 -86.703636
7300.000000 -80.987968
7350.000000 -82.442764
7400.000000 -82.327652
7450.000000 -87.686264
7500.000000 -81.996185
7550.000000 -85.393822
7600.000000 -84.169792
7650.000000 -83.782288
7700.000000 -87.030884
7750.000000 -84.073929
7800.000000 -87.809151
7850.000000 -82.021240
7900.000000 -86.804573
7950.000000 -82.536324
8000.000000 -86.491173
8050.000000 -85.523018
8100.000000 -85.088509
8150.000000 -86.418724
8200.000000 -83.864624
8250.000000 -83.646111
8300.000000 -85.184280
8350.000000 -87.721657
8400.000000 -86.862793
8450.000000 -84.897766
8500.000000 -83.021736
8550.000000 -89.508842
8600.000000 -82.969345
8650.000000 -83.364365
8700.000000 -89.640541
8750.000000 -85.320152
8800.000000 -86.081261
8850.000000 -85.813171
8900.000000 -82.262054
8950.000000 -84.809692
9000.000000 -83.954010
9050.000000 -85.682167
9100.000000 -87.072670
9150.000000 -84.818924
9200.000000 -84.814308
9250.000000 -88.830978
9300.000000 -80.226387
9350.000000 -81.401588
9400.000000 -81.049072
9450.000000 -89.725395
9500.000000 -80.392570
9550.000000 -82.773964
9600.000000 -86.819092
9650.000000 -83.858421
9700.000000 -83.163651
9750.000000 -83.862579
9800.000000 -81.492393
9850.000000 -81.961235
9900.000000 -81.059547
9950.000000 -82.759239
10000.000000 -84.000099
10050.000000 -81.908241
10100.000000 -84.537315
10150.000000 -84.942131
10200.000000 -84.154808
10250.000000 -83.031128
10300.000000 -87.783134
10350.000000 -85.510513
10400.000000 -84.809692
10450.000000 -85.088509
10500.000000 -86.564240
10550.000000 -86.457664
10600.000000 -83.601852
10650.000000 -84.575386
10700.000000 -87.004120
10750.000000 -84.294922
10800.000000 -84.604614
10850.000000 -85.391357
10900.000000 -87.296951
10950.000000 -87.392670
11000.000000 -86.468819
11050.000000 -86.091942
11100.000000 -86.965614
11150.000000 -85.010292
11200.000000 -85.029190
11250.000000 -88.458107
11300.000000 -86.900841
11350.000000 -85.423470
11400.000000 -87.414413
11450.000000 -86.652161
11500.000000 -85.723053
11550.000000 -86.300209
11600.000000 -86.062592
11650.000000 -85.969864
11700.000000 -89.042343
11750.000000 -86.772720
11800.000000 -86.493973
11850.000000 -83.087677
11900.000000 -83.207642
11950.000000 -85.946182
12000.000000 -85.590866
12050.000000 -87.010063
12100.000000 -84.784370
12150.000000 -84.715668
12200.000000 -83.525940
12250.000000 -84.638458
12300.000000 -87.042801
12350.000000 -87.057724
12400.000000 -82.411217
12450.000000 -82.446289
12500.000000 -88.377762
12550.000000 -87.114662
12600.000000 -86.538879
12650.000000 -89.079964
12700.000000 -82.312073
12750.000000 -86.965614
12800.000000 -85.453209
12850.000000 -84.468315
12900.000000 -84.848984
12950.000000 -87.193184
13000.000000 -83.458580
13050.000000 -84.779770
13100.000000 -82.641678
13150.000000 -81.566681
13200.000000 -89.504883
13250.000000 -84.649773
13300.000000 -86.357887
13350.000000 -86.942009
13400.000000 -82.986153
13450.000000 -81.903290
13500.000000 -83.198059
13550.000000 -81.717186
13600.000000 -86.871567
13650.000000 -84.647507
13700.000000 -84.144127
13750.000000 -86.533249
13800.000000 -86.059929
13850.000000 -86.732346
13900.000000 -85.050499
13950.000000 -83.352654
14000.000000 -82.797562
14050.000000 -87.405083
14100.000000 -88.739960
14150.000000 -81.944641
14200.000000 -78.875992
14250.000000 -85.141052
14300.000000 -84.982025
14350.000000 -87.577766
14400.000000 -87.445595
14450.000000 -84.991432
14500.000000 -83.945656
14550.000000 -85.210800
14600.000000 -84.027451
14650.000000 -86.510788
14700.000000 -85.428421
14750.000000 -84.012711
14800.000000 -86.479988
14850.000000 -83.601852
14900.000000 -85.715454
14950.000000 -84.501640
15000.000000 -87.549278
15050.000000 -82.573677
15100.000000 -83.815208
15150.000000 -83.680458
15200.000000 -85.371651
15250.000000 -83.662254
15300.000000 -87.309242
15350.000000 -86.438171
15400.000000 -85.707695
15450.000000 -88.346527
15500.000000 -85.305489
15550.000000 -87.812408
15600.000000 -85.017372
15650.000000 -89.725395
15700.000000 -81.799950
15750.000000 -87.631851
15800.000000 -83.848091
15850.000000 -87.021950
15900.000000 -86.944954
15950.000000 -84.770584
16000.000000 -88.725388
16050.000000 -86.070610
16100.000000 -85.003212
16150.000000 -84.380089
16200.000000 -86.848198
16250.000000 -87.741028
16300.000000 -90.569107
16350.000000 -67.037720
16400.000000 -57.295563
16450.000000 -57.417667
16500.000000 -57.990421
16550.000000 -59.410656
16600.000000 -54.321980
16650.000000 -57.158321
16700.000000 -60.492840
16750.000000 -57.181381
16800.000000 -60.526569
16850.000000 -59.189224
16900.000000 -58.607235
16950.000000 -58.144577
17000.000000 -60.459240
17050.000000 -61.737232
17100.000000 -59.377529
17150.000000 -60.493683
17200.000000 -57.046764
17250.000000 -55.528000
17300.000000 -58.043686
17350.000000 -56.382832
17400.000000 -56.445370
17450.000000 -56.096836
17500.000000 -59.450996
17550.000000 -54.780643
17600.000000 -59.227493
17650.000000 -55.700703
17700.000000 -57.379555
17750.000000 -56.008247
17800.000000 -57.010429
17850.000000 -56.899815
17900.000000 -58.987797
17950.000000 -55.411095
18000.000000 -59.737606
18050.000000 -61.117241
18100.000000 -60.143791
18150.000000 -63.475166
18200.000000 -61.353283
18250.000000 -61.081882
18300.000000 -61.323597
18350.000000 -61.554939
18400.000000 -59.985168
18450.000000 -61.381363
18500.000000 -60.003315
18550.000000 -58.398853
18600.000000 -62.236130
18650.000000 -60.579823
18700.000000 -61.130051
18750.000000 -60.256226
18800.000000 -62.928211
18850.000000 -56.682728
18900.000000 -59.791134
18950.000000 -61.788376
19000.000000 -62.246933
19050.000000 -59.148636
19100.000000 -56.780247
19150.000000 -56.923687
19200.000000 -56.387115
19250.000000 -56.917736
19300.000000 -53.970196
19350.000000 -55.347954
19400.000000 -54.801376
19450.000000 -55.229450
19500.000000 -55.108395
19550.000000 -55.273720
19600.000000 -56.859283
19650.000000 -57.880383
19700.000000 -57.400753
19750.000000 -56.013943
19800.000000 -56.039860
19850.000000 -59.415112
19900.000000 -58.410328
19950.000000 -58.780102
20000.000000 -57.675156
20050.000000 -58.535614
20100.000000 -53.962719
20150.000000 -59.577961
20200.000000 -58.707855
20250.000000 -58.390812
20300.000000 -58.500076
20350.000000 -56.700565
20400.000000 -54.098637
20450.000000 -60.464828
20500.000000 -60.091934
20550.000000 -58.517956
20600.000000 -58.493053
20650.000000 -57.835434
20700.000000 -58.533482
20750.000000 -59.452618
20800.000000 -57.931622
20850.000000 -57.945004
20900.000000 -56.380386
20950.000000 -56.217323
21000.000000 -55.874683
21050.000000 -56.410141
21100.000000 -55.864796
21150.000000 -59.219185
21200.000000 -54.573757
21250.000000 -58.787720
21300.000000 -53.966160
21350.000000 -57.031685
21400.000000 -55.369934
21450.000000 -55.967579
21500.000000 -56.338375
21550.000000 -62.584015
21600.000000 -57.202675
21650.000000 -58.124916
21700.000000 -61.410313
21750.000000 -58.610283
21800.000000 -54.552353
21850.000000 -60.671120
21900.000000 -62.600628
21950.000000 -58.364861
22000.000000 -60.460777
22050.000000 -60.628414
22100.000000 -56.493652
22150.000000 -56.595600
22200.000000 -57.605057
22250.000000 -57.247066
22300.000000 -53.970657
22350.000000 -57.583054
22400.000000 -59.962971
22450.000000 -58.098801
22500.000000 -57.215557
22550.000000 -59.219219
22600.000000 -57.694241
22650.000000 -57.963329
22700.000000 -61.712502
22750.000000 -59.564335
22800.000000 -57.186939
22850.000000 -56.101997
22900.000000 -56.431824
22950.000000 -56.029114
23000.000000 -55.260502
23050.000000 -56.686890
23100.000000 -54.562412
23150.000000 -54.569500
23200.000000 -55.945362
23250.000000 -56.464931
23300.000000 -57.164154
23350.000000 -56.696400
23400.000000 -60.576847
23450.000000 -58.420818
23500.000000 -60.276997
23550.000000 -63.466076
23600.000000 -62.014545
23650.000000 -60.315670
23700.000000 -60.015388
23750.000000 -58.241997
23800.000000 -59.333717
23850.000000 -55.674889
23900.000000 -57.789280
23950.000000 -59.990860
24000.000000 -60.589321
24050.000000 -60.093544
24100.000000 -58.214111
24150.000000 -59.889248
24200.000000 -56.446953
24250.000000 -59.090195
24300.000000 -60.406162
24350.000000 -61.043686
24400.000000 -57.102886
24450.000000 -57.374847
24500.000000 -56.392101
24550.000000 -56.190956
24600.000000 -54.614021
24650.000000 -54.525566
24700.000000 -56.554764
24750.000000 -56.221012
24800.000000 -58.085903
24850.000000 -53.961460
24900.000000 -57.931309
24950.000000 -54.150726
25000.000000 -57.094345
25050.000000 -54.796864
25100.000000 -58.203651
25150.000000 -56.042633
25200.000000 -57.787533
25250.000000 -56.846001
25300.000000 -58.072941
25350.000000 -56.973305
25400.000000 -58.194820
25450.000000 -59.288666
25500.000000 -59.115749
25550.000000 -56.736355
25600.000000 -59.097000
25650.000000 -57.323959
25700.000000 -63.138882
25750.000000 -59.229275
25800.000000 -61.256714
25850.000000 -62.682961
25900.000000 -57.012402
25950.000000 -62.227043
26000.000000 -62.099022
26050.000000 -62.249165
26100.000000 -63.008606
26150.000000 -61.763172
26200.000000 -61.300476
26250.000000 -62.087555
26300.000000 -60.884781
26350.000000 -56.798199
26400.000000 -61.152271
26450.000000 -57.715202
26500.000000 -56.315887
26550.000000 -55.912434
26600.000000 -55.503639
26650.000000 -54.448776
26700.000000 -55.908710
26750.000000 -54.436264
26800.000000 -55.501270
26850.000000 -55.730972
26900.000000 -56.539803
26950.000000 -56.847382
27000.000000 -58.753304
27050.000000 -58.583328
27100.000000 -62.394958
27150.000000 -62.921345
27200.000000 -61.942310
27250.000000 -58.291065
27300.000000 -60.033596
27350.000000 -62.322102
27400.000000 -59.435707
27450.000000 -60.295628
27500.000000 -57.158035
27550.000000 -60.270844
27600.000000 -57.506828
27650.000000 -56.891193
27700.000000 -55.845390
27750.000000 -59.013313
27800.000000 -55.900932
27850.000000 -59.328812
27900.000000 -58.465687
27950.000000 -57.323666
28000.000000 -57.174965
28050.000000 -57.835537
28100.000000 -58.379696
28150.000000 -55.805229
28200.000000 -58.438400
28250.000000 -57.441425
28300.000000 -55.135529
28350.000000 -55.737053
28400.000000 -54.554974
28450.000000 -55.250675
28500.000000 -54.890194
28550.000000 -56.157513
28600.000000 -55.195541
28650.000000 -57.948978
28700.000000 -56.102589
28750.000000 -57.910652
28800.000000 -56.061310
28850.000000 -56.802235
28900.000000 -55.480373
28950.000000 -57.909714
29000.000000 -60.407970
29050.000000 -57.683067
29100.000000 -56.200623
29150.000000 -57.686623
29200.000000 -56.325314
29250.000000 -55.449707
29300.000000 -57.415699
29350.000000 -61.846867
29400.000000 -57.684998
29450.000000 -60.967499
29500.000000 -56.383358
29550.000000 -62.043339
29600.000000 -59.046619
29650.000000 -54.965065
29700.000000 -58.606216
29750.000000 -62.111691
29800.000000 -57.149059
29850.000000 -58.983078
29900.000000 -58.624073
29950.000000 -54.751839
30000.000000 -58.741394
30050.000000 -58.049194
30100.000000 -55.359909
30150.000000 -57.057053
30200.000000 -55.003155
30250.000000 -58.247734
30300.000000 -54.648445
30350.000000 -57.657223
30400.000000 -54.689411
30450.000000 -58.253372
30500.000000 -56.228992
30550.000000 -59.033482
30600.000000 -56.764709
30650.000000 -57.353127
30700.000000 -56.980980
30750.000000 -61.791634
30800.000000 -60.629269
30850.000000 -63.085781
30900.000000 -61.417332
30950.000000 -60.941017
31000.000000 -59.481911
31050.000000 -61.226284
31100.000000 -59.355232
31150.000000 -57.564510
31200.000000 -61.715084
31250.000000 -64.264114
31300.000000 -60.668545
31350.000000 -60.266060
31400.000000 -60.265923
31450.000000 -60.012867
31500.000000 -65.379028
31550.000000 -61.112408
31600.000000 -61.596889
31650.000000 -59.861549
31700.000000 -60.756882
31750.000000 -60.440258
31800.000000 -62.722343
31850.000000 -59.127151
31900.000000 -55.621964
31950.000000 -55.653488
32000.000000 -54.458153
32050.000000 -56.178570
32100.000000 -55.005318
32150.000000 -55.566498
32200.000000 -55.007778
32250.000000 -55.598862
32300.000000 -57.383377
32350.000000 -54.874897
32400.000000 -56.721077
32450.000000 -55.385269
32500.000000 -58.291828
32550.000000 -55.999546
32600.000000 -56.720352
32650.000000 -59.365078
32700.000000 -59.741211
32750.000000 -55.988934
32800.000000 -59.718983
32850.000000 -55.872456
32900.000000 -60.948704
32950.000000 -61.929062
33000.000000 -60.440536
33050.000000 -55.835209
33100.000000 -56.688972
33150.000000 -58.349174
33200.000000 -55.335007
33250.000000 -57.309570
33300.000000 -62.877666
33350.000000 -60.660534
33400.000000 -60.644817
33450.000000 -57.764450
33500.000000 -59.876171
33550.000000 -59.761688
33600.000000 -59.513554
33650.000000 -61.420139
33700.000000 -60.894615
33750.000000 -59.496906
33800.000000 -56.647518
33850.000000 -56.167736
33900.000000 -56.314934
33950.000000 -54.488739
34000.000000 -57.047993
34050.000000 -54.714474
34100.000000 -57.455753
34150.000000 -55.658470
34200.000000 -57.785480
34250.000000 -57.574326
34300.000000 -56.821239
34350.000000 -54.381607
34400.000000 -59.083275
34450.000000 -59.930050
34500.000000 -57.963959
34550.000000 -61.470856
34600.000000 -62.156082
34650.000000 -58.756405
34700.000000 -57.452194
34750.000000 -57.062248
34800.000000 -57.045727
34850.000000 -58.450378
34900.000000 -61.129902
34950.000000 -60.769905
35000.000000 -60.593578
35050.000000 -59.331387
35100.000000 -58.916489
35150.000000 -62.243671
35200.000000 -62.707306
35250.000000 -62.225670
35300.000000 -58.246655
35350.000000 -54.721760
35400.000000 -56.721077
35450.000000 -57.957462
35500.000000 -56.902321
35550.000000 -55.046059
35600.000000 -57.677891
35650.000000 -56.455322
35700.000000 -56.342899
35750.000000 -54.604538
35800.000000 -57.148693
35850.000000 -54.990341
35900.000000 -56.941841
35950.000000 -55.391582
36000.000000 -57.630039
36050.000000 -55.900768
36100.000000 -60.475323
36150.000000 -56.737633
36200.000000 -59.315575
36250.000000 -63.265175
36300.000000 -57.345802
36350.000000 -59.768394
36400.000000 -54.903744
36450.000000 -56.428925
36500.000000 -85.933098
36550.000000 -84.342865
36600.000000 -86.046623
36650.000000 -86.105316
36700.000000 -86.006836
36750.000000 -82.746498
36800.000000 -86.883263
36850.000000 -84.232132
36900.000000 -81.264076
36950.000000 -83.854294
37000.000000 -82.279274
37050.000000 -83.027397
37100.000000 -82.861816
37150.000000 -86.062592
37200.000000 -84.221352
37250.000000 -89.079964
37300.000000 -89.656639
37350.000000 -86.275604
37400.000000 -84.615883
37450.000000 -86.251076
37500.000000 -84.932770
37550.000000 -83.419197
37600.000000 -82.859970
37650.000000 -82.810379
37700.000000 -85.753845
37750.000000 -86.813286
37800.000000 -86.232040
37850.000000 -83.966553
37900.000000 -81.337967
37950.000000 -87.520897
38000.000000 -87.737793
38050.000000 -87.943718
38100.000000 -87.683052
38150.000000 -88.195496
38200.000000 -88.127571
38250.000000 -86.210342
38300.000000 -86.507980
38350.000000 -86.646461
38400.000000 -85.433372
38450.000000 -85.870300
38500.000000 -81.857208
38550.000000 -86.813286
38600.000000 -84.455025
38650.000000 -84.355988
38700.000000 -85.904228
38750.000000 -79.961128
38800.000000 -86.352379
38850.000000 -81.152878
38900.000000 -85.098038
38950.000000 -82.874725
39000.000000 -88.284386
39050.000000 -85.052872
39100.000000 -81.891747
39150.000000 -81.401588
39200.000000 -85.839088
39250.000000 -89.848083
39300.000000 -86.302948
39350.000000 -84.260223
39400.000000 -83.737335
39450.000000 -82.850769
39500.000000 -86.649307
39550.000000 -84.303619
39600.000000 -81.871994
39650.000000 -82.854446
39700.000000 -84.661095
39750.000000 -86.697891
39800.000000 -82.858131
39850.000000 -87.724884
39900.000000 -83.682487
39950.000000 -86.330368
40000.000000 -87.773399
