0.000000 -87.520874
50.000000 -84.960876
100.000000 -83.660240
150.000000 -82.797562
200.000000 -82.381531
250.000000 -86.396553
300.000000 -83.531914
350.000000 -88.444084
400.000000 -86.014778
450.000000 -86.536064
500.000000 -90.261375
550.000000 -85.751274
600.000000 -83.928970
650.000000 -84.144127
700.000000 -87.102638
750.000000 -87.744255
800.000000 -85.418518
850.000000 -84.993790
900.000000 -85.565674
950.000000 -84.002197
1000.000000 -85.435844
1050.000000 -85.133865
1100.000000 -84.902420
1150.000000 -81.473534
1200.000000 -83.862556
1250.000000 -85.067108
1300.000000 -89.053612
1350.000000 -88.003464
1400.000000 -82.527458
1450.000000 -87.004150
1500.000000 -85.141083
1550.000000 -83.908157
1600.000000 -87.081650
1650.000000 -88.277519
1700.000000 -86.175186
1750.000000 -82.784767
1800.000000 -82.885803
1850.000000 -85.857300
1900.000000 -84.923424
1950.000000 -86.524818
2000.000000 -82.648865
2050.000000 -82.504440
2100.000000 -88.274071
2150.000000 -88.834648
2200.000000 -85.064735
2250.000000 -83.502106
2300.000000 -83.348755
2350.000000 -87.439346
2400.000000 -87.433105
2450.000000 -86.485580
2500.000000 -86.022728
2550.000000 -85.174652
2600.000000 -82.546982
2650.000000 -82.497368
2700.000000 -83.571808
2750.000000 -86.300209
2800.000000 -88.053589
2850.000000 -85.003212
2900.000000 -87.235764
2950.000000 -87.779892
3000.000000 -88.226105
3050.000000 -85.438324
3100.000000 -87.181061
3150.000000 -85.398758
3200.000000 -85.495529
3250.000000 -83.678436
3300.000000 -86.505180
3350.000000 -86.502373
3400.000000 -88.301605
3450.000000 -85.508011
3500.000000 -80.807213
3550.000000 -80.131676
3600.000000 -84.916412
3650.000000 -83.290482
3700.000000 -82.731964
3750.000000 -88.308495
3800.000000 -86.046623
3850.000000 -82.770172
3900.000000 -86.054604
3950.000000 -88.063614
4000.000000 -85.440804
4050.000000 -83.947739
4100.000000 -86.407631
4150.000000 -83.710884
4200.000000 -87.464355
4250.000000 -88.016792
4300.000000 -91.171249
4350.000000 -85.792488
4400.000000 -84.294922
4450.000000 -83.494179
4500.000000 -89.159492
4550.000000 -84.923424
4600.000000 -87.211403
4650.000000 -83.743454
4700.000000 -89.943329
4750.000000 -84.338493
4800.000000 -90.295998
4850.000000 -85.237404
4900.000000 -83.100922
4950.000000 -84.745453
5000.000000 -83.937309
5050.000000 -83.446747
5100.000000 -83.219154
5150.000000 -86.164406
5200.000000 -87.303093
5250.000000 -84.588867
5300.000000 -84.777473
5350.000000 -86.989304
5400.000000 -86.145561
5450.000000 -81.143806
5500.000000 -84.103638
5550.000000 -85.349541
5600.000000 -87.042801
5650.000000 -87.096642
5700.000000 -87.574600
5750.000000 -86.099960
5800.000000 -83.819244
5850.000000 -84.069702
5900.000000 -85.505516
5950.000000 -87.048767
6000.000000 -89.197624
6050.000000 -85.076614
6100.000000 -84.756821
6150.000000 -87.284676
6200.000000 -86.778503
6250.000000 -86.344116
6300.000000 -84.916412
6350.000000 -85.779587
6400.000000 -84.167648
6450.000000 -83.985405
6500.000000 -83.827477
6550.000000 -85.644012
6600.000000 -78.764915
6650.000000 -86.223900
6700.000000 -86.196800
6750.000000 -86.357887
6800.000000 -83.897774
6850.000000 -86.764053
6900.000000 -87.057724
6950.000000 -82.647064
7000.000000 -83.772057
7050.000000 -86.429832
7100.000000 -88.635376
7150.000000 -85.278679
7200.000000 -83.280807
7250.000000 -88.761650
7300.000000 -86.974487
7350.000000 -86.344116
7400.000000 -83.244148
7450.000000 -83.313751
7500.000000 -86.712234
7550.000000 -83.097137
7600.000000 -81.928070
7650.000000 -86.221184
7700.000000 -86.854034
7750.000000 -82.777481
7800.000000 -81.778778
7850.000000 -85.114746
7900.000000 -85.774437
7950.000000 -80.265923
8000.000000 -83.356552
8050.000000 -83.510048
8100.000000 -82.313805
8150.000000 -81.233467
8200.000000 -85.833900
8250.000000 -86.921402
8300.000000 -87.144775
8350.000000 -90.396309
8400.000000 -82.234589
8450.000000 -84.245087
8500.000000 -83.589821
8550.000000 -86.936111
8600.000000 -84.928093
8650.000000 -80.943535
8700.000000 -83.587822
8750.000000 -86.346870
8800.000000 -85.893784
8850.000000 -84.010605
8900.000000 -83.531914
8950.000000 -87.027908
9000.000000 -89.918381
9050.000000 -88.834648
9100.000000 -86.572708
9150.000000 -85.875511
9200.000000 -85.131493
9250.000000 -81.116631
9300.000000 -87.835243
9350.000000 -83.393692
9400.000000 -85.230141
9450.000000 -84.219200
9500.000000 -85.177055
9550.000000 -85.007935
9600.000000 -86.541687
9650.000000 -83.749573
9700.000000 -89.106392
9750.000000 -83.129379
9800.000000 -83.129379
9850.000000 -81.773903
9900.000000 -88.503853
9950.000000 -85.259232
10000.000000 -83.440834
10050.000000 -85.133865
10100.000000 -85.831306
10150.000000 -86.196800
10200.000000 -87.897530
10250.000000 -81.484535
10300.000000 -81.038612
10350.000000 -85.608543
10400.000000 -88.945297
10450.000000 -85.616135
10500.000000 -85.478081
10550.000000 -85.628792
10600.000000 -87.048767
10650.000000 -84.722511
10700.000000 -87.266304
10750.000000 -84.461670
10800.000000 -86.862793
10850.000000 -85.403694
10900.000000 -83.368263
10950.000000 -87.340042
11000.000000 -87.539795
11050.000000 -87.638237
11100.000000 -86.944954
11150.000000 -84.290581
11200.000000 -88.549835
11250.000000 -89.309158
11300.000000 -87.663818
11350.000000 -86.906715
11400.000000 -83.974922
11450.000000 -81.382919
11500.000000 -86.544510
11550.000000 -85.938301
11600.000000 -86.743866
11650.000000 -88.911949
11700.000000 -82.090088
11750.000000 -84.490517
11800.000000 -83.856354
11850.000000 -83.319572
11900.000000 -87.476883
11950.000000 -86.410400
12000.000000 -84.613625
12050.000000 -87.568260
12100.000000 -84.686066
12150.000000 -85.320152
12200.000000 -89.680847
12250.000000 -86.738106
12300.000000 -83.835716
12350.000000 -81.844086
12400.000000 -84.633942
12450.000000 -89.340179
12500.000000 -85.611076
12550.000000 -83.879112
12600.000000 -83.954010
12650.000000 -85.717934
12700.000000 -83.723083
12750.000000 -84.046432
12800.000000 -85.777008
12850.000000 -87.199257
12900.000000 -84.532852
12950.000000 -84.967918
13000.000000 -90.031212
13050.000000 -82.666862
13100.000000 -86.564240
13150.000000 -88.349991
13200.000000 -84.967918
13250.000000 -84.602364
13300.000000 -86.971527
13350.000000 -84.362556
13400.000000 -84.362556
13450.000000 -81.341064
13500.000000 -82.106964
13550.000000 -84.463882
13600.000000 -86.947906
13650.000000 -82.893196
13700.000000 -90.846458
13750.000000 -85.831306
13800.000000 -84.048546
13850.000000 -85.846878
13900.000000 -86.635071
13950.000000 -86.839455
14000.000000 -84.249405
14050.000000 -84.360367
14100.000000 -85.244675
14150.000000 -85.411102
14200.000000 -88.226105
14250.000000 -84.351608
14300.000000 -85.633858
14350.000000 -83.356552
14400.000000 -82.059792
14450.000000 -82.956299
14500.000000 -87.692688
14550.000000 -86.229324
14600.000000 -84.584373
14650.000000 -88.117439
14700.000000 -85.828712
14750.000000 -81.635216
14800.000000 -80.349686
14850.000000 -86.446518
14900.000000 -84.724800
14950.000000 -84.724800
15000.000000 -83.827477
15050.000000 -85.356934
15100.000000 -84.450600
15150.000000 -86.116028
15200.000000 -85.293289
15250.000000 -87.175095
15300.000000 -83.951920
15350.000000 -85.503014
15400.000000 -85.428421
15450.000000 -86.618019
15500.000000 -85.671974
15550.000000 -86.001549
15600.000000 -87.744255
15650.000000 -82.810379
15700.000000 -87.492569
15750.000000 -86.429832
15800.000000 -83.714951
15850.000000 -85.641472
15900.000000 -85.327492
15950.000000 -86.798775
16000.000000 -84.736221
16050.000000 -82.906151
16100.000000 -86.586845
16150.000000 -87.266304
16200.000000 -84.110023
16250.000000 -86.544510
16300.000000 -83.082008
16350.000000 -83.555832
16400.000000 -65.228676
16450.000000 -56.195915
16500.000000 -59.390862
16550.000000 -58.980133
16600.000000 -57.992626
16650.000000 -57.483780
16700.000000 -56.168758
16750.000000 -58.363213
16800.000000 -55.142647
16850.000000 -56.974335
16900.000000 -55.646175
16950.000000 -55.796925
17000.000000 -57.600231
17050.000000 -53.975689
17100.000000 -57.970673
17150.000000 -54.287788
17200.000000 -59.031670
17250.000000 -56.458759
17300.000000 -58.051628
17350.000000 -56.057354
17400.000000 -57.053371
17450.000000 -57.945839
17500.000000 -57.984634
17550.000000 -60.074406
17600.000000 -60.901966
17650.000000 -60.514469
17700.000000 -60.681293
17750.000000 -60.210888
17800.000000 -58.766289
17850.000000 -57.556305
17900.000000 -63.056145
17950.000000 -60.445835
18000.000000 -62.373161
18050.000000 -60.570194
18100.000000 -60.533333
18150.000000 -61.318504
18200.000000 -60.043449
18250.000000 -61.908070
18300.000000 -60.235500
18350.000000 -58.907719
18400.000000 -58.573654
18450.000000 -55.579952
18500.000000 -57.576935
18550.000000 -59.625305
18600.000000 -58.831963
18650.000000 -57.036018
18700.000000 -55.497246
18750.000000 -55.770058
18800.000000 -55.586807
18850.000000 -55.432465
18900.000000 -54.505547
18950.000000 -56.462730
19000.000000 -54.316746
19050.000000 -57.382397
19100.000000 -55.837833
19150.000000 -56.458141
19200.000000 -55.917816
19250.000000 -59.130032
19300.000000 -60.126160
19350.000000 -58.247734
19400.000000 -60.101101
19450.000000 -58.607800
19500.000000 -62.564762
19550.000000 -60.452812
19600.000000 -58.232693
19650.000000 -62.704956
19700.000000 -55.979836
19750.000000 -56.371479
19800.000000 -61.113159
19850.000000 -59.937801
19900.000000 -57.064236
19950.000000 -63.132607
20000.000000 -63.988964
20050.000000 -57.302654
20100.000000 -64.431587
20150.000000 -61.756195
20200.000000 -62.857754
20250.000000 -59.529488
20300.000000 -58.985554
20350.000000 -59.514309
20400.000000 -65.934090
20450.000000 -60.744598
20500.000000 -55.758419
20550.000000 -56.335941
20600.000000 -56.051125
20650.000000 -57.460896
20700.000000 -55.521667
20750.000000 -54.799484
20800.000000 -55.460468
20850.000000 -54.413036
20900.000000 -55.109829
20950.000000 -56.406990
21000.000000 -56.239902
21050.000000 -56.748199
21100.000000 -57.408222
21150.000000 -58.003574
21200.000000 -57.873428
21250.000000 -58.221455
21300.000000 -58.217674
21350.000000 -59.515308
21400.000000 -60.744598
21450.000000 -60.973728
21500.000000 -61.440765
21550.000000 -59.622257
21600.000000 -60.449604
21650.000000 -60.685883
21700.000000 -60.740700
21750.000000 -58.414520
21800.000000 -59.201668
21850.000000 -59.096523
21900.000000 -58.872726
21950.000000 -61.066582
22000.000000 -60.501122
22050.000000 -62.032784
22100.000000 -59.455479
22150.000000 -59.996822
22200.000000 -61.816101
22250.000000 -56.718445
22300.000000 -56.725533
22350.000000 -54.504494
22400.000000 -57.368874
22450.000000 -55.686657
22500.000000 -56.899353
22550.000000 -54.768513
22600.000000 -54.768879
22650.000000 -55.466915
22700.000000 -55.655254
22750.000000 -56.223671
22800.000000 -55.005093
22850.000000 -56.470139
22900.000000 -55.872623
22950.000000 -56.596226
23000.000000 -56.663029
23050.000000 -54.761551
23100.000000 -61.937340
23150.000000 -62.050053
23200.000000 -61.097656
23250.000000 -59.668060
23300.000000 -59.666912
23350.000000 -60.863674
23400.000000 -60.427738
23450.000000 -58.633125
23500.000000 -61.584156
23550.000000 -60.106949
23600.000000 -61.167721
23650.000000 -60.624001
23700.000000 -59.533005
23750.000000 -61.952095
23800.000000 -60.798771
23850.000000 -64.008286
23900.000000 -59.647671
23950.000000 -59.494152
24000.000000 -58.324333
24050.000000 -57.638317
24100.000000 -55.461174
24150.000000 -58.177826
24200.000000 -55.989933
24250.000000 -56.348816
24300.000000 -55.601974
24350.000000 -56.652115
24400.000000 -55.151215
24450.000000 -56.195915
24500.000000 -56.198055
24550.000000 -56.019218
24600.000000 -56.211666
24650.000000 -55.063084
24700.000000 -56.639233
24750.000000 -56.243088
24800.000000 -55.743156
24850.000000 -55.459290
24900.000000 -58.079426
24950.000000 -56.216038
25000.000000 -59.875778
25050.000000 -57.883499
25100.000000 -58.467243
25150.000000 -57.662590
25200.000000 -56.906681
25250.000000 -58.952366
25300.000000 -58.032269
25350.000000 -56.298214
25400.000000 -61.462852
25450.000000 -57.047237
25500.000000 -60.606926
25550.000000 -58.201607
25600.000000 -61.018166
25650.000000 -62.827236
25700.000000 -57.777882
25750.000000 -59.800716
25800.000000 -61.542267
25850.000000 -61.639042
25900.000000 -59.685299
25950.000000 -57.171707
26000.000000 -58.741146
26050.000000 -57.071800
26100.000000 -56.047424
26150.000000 -55.705307
26200.000000 -57.745411
26250.000000 -56.262886
26300.000000 -56.396564
26350.000000 -55.259117
26400.000000 -56.456554
26450.000000 -58.504314
26500.000000 -59.212193
26550.000000 -57.223640
26600.000000 -58.758358
26650.000000 -55.942703
26700.000000 -58.464909
26750.000000 -58.513805
26800.000000 -62.187569
26850.000000 -60.984402
26900.000000 -61.264835
26950.000000 -59.082466
27000.000000 -53.926941
27050.000000 -58.323460
27100.000000 -58.741943
27150.000000 -57.158512
27200.000000 -57.849079
27250.000000 -55.825039
27300.000000 -61.799458
27350.000000 -57.334122
27400.000000 -56.319702
27450.000000 -60.159439
27500.000000 -61.125221
27550.000000 -62.034458
27600.000000 -60.746475
27650.000000 -60.312244
27700.000000 -57.863167
27750.000000 -62.516117
27800.000000 -58.613911
27850.000000 -57.901699
27900.000000 -58.049194
27950.000000 -57.678402
28000.000000 -57.453575
28050.000000 -58.442059
28100.000000 -54.431656
28150.000000 -57.719788
28200.000000 -54.556530
28250.000000 -57.413925
28300.000000 -55.667320
28350.000000 -56.281700
28400.000000 -58.167408
28450.000000 -59.696297
28500.000000 -54.305798
28550.000000 -58.715500
28600.000000 -58.143398
28650.000000 -57.214306
28700.000000 -59.066006
28750.000000 -57.151825
28800.000000 -55.739487
28850.000000 -60.220535
28900.000000 -60.625851
28950.000000 -56.286278
29000.000000 -58.236370
29050.000000 -59.636608
29100.000000 -60.061180
29150.000000 -61.397537
29200.000000 -58.612656
29250.000000 -58.967766
29300.000000 -59.195408
29350.000000 -62.030102
29400.000000 -61.857861
29450.000000 -59.055649
29500.000000 -60.760353
29550.000000 -60.983364
29600.000000 -61.559853
29650.000000 -55.590397
29700.000000 -54.776356
29750.000000 -54.962986
29800.000000 -55.289116
29850.000000 -54.977322
29900.000000 -57.712154
29950.000000 -54.669514
30000.000000 -58.994408
30050.000000 -55.361153
30100.000000 -57.908619
30150.000000 -55.410393
30200.000000 -58.025299
30250.000000 -57.056110
30300.000000 -58.347858
30350.000000 -57.451008
30400.000000 -58.765026
30450.000000 -58.506882
30500.000000 -59.039143
30550.000000 -58.044323
30600.000000 -60.967201
30650.000000 -57.647511
30700.000000 -60.617165
30750.000000 -60.663250
30800.000000 -60.146084
30850.000000 -61.022797
30900.000000 -60.205048
30950.000000 -59.721161
31000.000000 -60.414223
31050.000000 -61.490032
31100.000000 -57.639832
31150.000000 -56.911976
31200.000000 -60.163082
31250.000000 -54.969669
31300.000000 -58.357178
31350.000000 -59.419701
31400.000000 -60.046246
31450.000000 -58.715843
31500.000000 -58.122021
31550.000000 -55.880123
31600.000000 -56.516430
31650.000000 -57.643974
31700.000000 -57.398884
31750.000000 -55.993359
31800.000000 -54.628357
31850.000000 -56.135399
31900.000000 -55.150761
31950.000000 -55.214848
32000.000000 -56.088554
32050.000000 -59.402237
32100.000000 -58.066044
32150.000000 -55.538067
32200.000000 -60.861916
32250.000000 -60.176464
32300.000000 -59.925438
32350.000000 -57.394562
32400.000000 -59.282074
32450.000000 -58.474911
32500.000000 -59.393459
32550.000000 -61.373753
32600.000000 -55.266338
32650.000000 -58.226208
32700.000000 -56.398491
32750.000000 -57.701660
32800.000000 -60.349960
32850.000000 -55.621567
32900.000000 -61.425758
32950.000000 -61.227509
33000.000000 -60.553650
33050.000000 -57.998837
33100.000000 -60.084705
33150.000000 -56.622597
33200.000000 -61.376419
33250.000000 -59.068619
33300.000000 -58.254021
33350.000000 -56.480118
33400.000000 -53.960934
33450.000000 -55.989265
33500.000000 -55.651558
33550.000000 -56.224701
33600.000000 -56.992222
33650.000000 -56.098019
33700.000000 -55.926769
33750.000000 -54.466911
33800.000000 -57.332920
33850.000000 -57.125702
33900.000000 -55.331757
33950.000000 -56.931595
34000.000000 -57.864201
34050.000000 -59.730667
34100.000000 -56.520069
34150.000000 -61.263916
34200.000000 -58.710587
34250.000000 -59.161140
34300.000000 -59.709873
34350.000000 -56.059372
34400.000000 -54.923523
34450.000000 -56.309124
34500.000000 -56.246956
34550.000000 -59.578335
34600.000000 -58.292046
34650.000000 -60.462036
34700.000000 -59.577576
34750.000000 -62.178879
34800.000000 -60.867771
34850.000000 -58.120529
34900.000000 -59.470181
34950.000000 -58.053959
35000.000000 -57.024532
35050.000000 -62.369503
35100.000000 -59.036652
35150.000000 -57.319576
35200.000000 -57.261074
35250.000000 -58.797504
35300.000000 -60.001457
35350.000000 -58.083138
35400.000000 -57.859535
35450.000000 -54.746624
35500.000000 -55.967331
35550.000000 -55.103642
35600.000000 -56.235954
35650.000000 -56.083824
35700.000000 -55.732918
35750.000000 -55.631657
35800.000000 -56.134548
35850.000000 -61.242481
35900.000000 -58.038292
35950.000000 -59.738380
36000.000000 -58.391693
36050.000000 -59.244083
36100.000000 -60.484009
36150.000000 -57.265232
36200.000000 -61.844574
36250.000000 -59.066593
36300.000000 -61.640003
36350.000000 -62.860886
36400.000000 -59.846172
36450.000000 -53.962585
36500.000000 -55.725220
36550.000000 -78.525681
36600.000000 -83.358505
36650.000000 -85.893776
36700.000000 -85.383965
36750.000000 -86.256516
36800.000000 -85.583305
36850.000000 -84.688339
36900.000000 -84.441757
36950.000000 -80.333145
37000.000000 -82.904297
37050.000000 -85.213211
37100.000000 -86.874481
37150.000000 -85.985695
37200.000000 -86.706490
37250.000000 -82.467384
37300.000000 -82.552315
37350.000000 -88.475670
37400.000000 -85.746140
37450.000000 -86.014778
37500.000000 -85.784744
37550.000000 -87.753960
37600.000000 -83.904007
37650.000000 -85.191505
37700.000000 -82.876564
37750.000000 -86.435387
37800.000000 -86.761169
37850.000000 -83.553833
37900.000000 -85.095657
37950.000000 -84.069695
38000.000000 -88.581818
38050.000000 -85.914696
38100.000000 -85.276245
38150.000000 -85.618660
38200.000000 -89.205269
38250.000000 -84.402061
38300.000000 -87.619095
38350.000000 -88.107323
38400.000000 -80.566238
38450.000000 -81.362747
38500.000000 -89.406471
38550.000000 -86.429832
38600.000000 -84.993790
38650.000000 -82.234589
38700.000000 -84.118530
38750.000000 -84.622650
38800.000000 -83.327339
38850.000000 -81.152878
38900.000000 -85.098038
38950.000000 -88.043518
39000.000000 -84.897758
39050.000000 -86.496773
39100.000000 -88.222687
39150.000000 -82.695740
39200.000000 -86.720848
39250.000000 -84.169792
39300.000000 -85.813171
39350.000000 -83.082008
39400.000000 -85.266518
39450.000000 -83.309860
39500.000000 -86.223900
39550.000000 -86.842369
39600.000000 -86.561417
39650.000000 -86.460449
39700.000000 -86.856949
39750.000000 -86.234756
39800.000000 -85.043388
39850.000000 -84.573143
39900.000000 -84.604630
39950.000000 -86.424271
40000.000000 -86.218468
