0.000000 -85.946182
50.000000 -85.138657
100.000000 -84.984375
150.000000 -84.025337
200.000000 -85.872902
250.000000 -84.814308
300.000000 -84.217041
350.000000 -85.813171
400.000000 -84.095139
450.000000 -83.040527
500.000000 -84.561935
550.000000 -85.242249
600.000000 -85.927803
650.000000 -85.205971
700.000000 -87.165924
750.000000 -87.226624
800.000000 -82.017891
850.000000 -86.564240
900.000000 -88.864014
950.000000 -85.946182
1000.000000 -83.960274
1050.000000 -84.052773
1100.000000 -84.399872
1150.000000 -84.391068
1200.000000 -86.544510
1250.000000 -87.303093
1300.000000 -83.595840
1350.000000 -86.322136
1400.000000 -87.779915
1450.000000 -82.850769
1500.000000 -83.082008
1550.000000 -83.541870
1600.000000 -88.772568
1650.000000 -88.772568
1700.000000 -85.679619
1750.000000 -83.739380
1800.000000 -84.439545
1850.000000 -89.935005
1900.000000 -85.124298
1950.000000 -85.885941
2000.000000 -86.516396
2050.000000 -84.120659
2100.000000 -86.550148
2150.000000 -84.519455
2200.000000 -84.182648
2250.000000 -88.388199
2300.000000 -82.552315
2350.000000 -83.864624
2400.000000 -85.896385
2450.000000 -87.069679
2500.000000 -89.297554
2550.000000 -84.883797
2600.000000 -86.600998
2650.000000 -89.914230
2700.000000 -84.486069
2750.000000 -86.502373
2800.000000 -84.432922
2850.000000 -86.871559
2900.000000 -90.137009
2950.000000 -87.290817
3000.000000 -81.376709
3050.000000 -85.364281
3100.000000 -85.234978
3150.000000 -83.275009
3200.000000 -83.686539
3250.000000 -85.800240
3300.000000 -89.027344
3350.000000 -86.657867
3400.000000 -85.656708
3450.000000 -85.356903
3500.000000 -88.838310
3550.000000 -83.008614
3600.000000 -83.533913
3650.000000 -85.165039
3700.000000 -88.030144
3750.000000 -85.327492
3800.000000 -84.967918
3850.000000 -84.459534
3900.000000 -83.741417
3950.000000 -87.045784
4000.000000 -87.057732
4050.000000 -87.114662
4100.000000 -83.012360
4150.000000 -84.299271
4200.000000 -83.611893
4250.000000 -86.126755
4300.000000 -85.621193
4350.000000 -84.544022
4400.000000 -84.645248
4450.000000 -88.486229
4500.000000 -89.968346
4550.000000 -86.709358
4600.000000 -84.342865
4650.000000 -85.107590
4700.000000 -83.846031
4750.000000 -88.556931
4800.000000 -88.209038
4850.000000 -91.128189
4900.000000 -85.225304
4950.000000 -85.570709
5000.000000 -87.208366
5050.000000 -84.258095
5100.000000 -81.895042
5150.000000 -86.544510
5200.000000 -84.977318
5250.000000 -85.220467
5300.000000 -89.121536
5350.000000 -86.261971
5400.000000 -87.845047
5450.000000 -85.215630
5500.000000 -86.758278
5550.000000 -85.779587
5600.000000 -85.996254
5650.000000 -86.311165
5700.000000 -82.945129
5750.000000 -86.906715
5800.000000 -84.629425
5850.000000 -85.215630
5900.000000 -87.874542
5950.000000 -86.191391
6000.000000 -88.353455
6050.000000 -83.947739
6100.000000 -85.523018
6150.000000 -85.488045
6200.000000 -87.165924
6250.000000 -85.312874
6300.000000 -83.280807
6350.000000 -86.524818
6400.000000 -83.922722
6450.000000 -85.453209
6500.000000 -84.208435
6550.000000 -85.300606
6600.000000 -83.941490
6650.000000 -82.883957
6700.000000 -86.947906
6750.000000 -88.377762
6800.000000 -87.590462
6850.000000 -83.440834
6900.000000 -88.416100
6950.000000 -87.923897
7000.000000 -87.900826
7050.000000 -87.695908
7100.000000 -84.514999
7150.000000 -85.327492
7200.000000 -85.846878
7250.000000 -86.977448
7300.000000 -87.907410
7350.000000 -87.429985
7400.000000 -91.634216
7450.000000 -83.346802
7500.000000 -83.321510
7550.000000 -88.934166
7600.000000 -82.652466
7650.000000 -80.943535
7700.000000 -88.798073
7750.000000 -81.725266
7800.000000 -84.510544
7850.000000 -89.167107
7900.000000 -83.514015
7950.000000 -85.406158
8000.000000 -87.584114
8050.000000 -86.877403
8100.000000 -83.411339
8150.000000 -89.429985
8200.000000 -84.970268
8250.000000 -85.383972
8300.000000 -86.086594
8350.000000 -87.776642
8400.000000 -86.159012
8450.000000 -87.417526
8500.000000 -85.033920
8550.000000 -85.797653
8600.000000 -83.083893
8650.000000 -80.296043
8700.000000 -83.117989
8750.000000 -85.153046
8800.000000 -82.313805
8850.000000 -86.854034
8900.000000 -87.105659
8950.000000 -84.597862
9000.000000 -85.515511
9050.000000 -86.775612
9100.000000 -84.191238
9150.000000 -84.251572
9200.000000 -85.570709
9250.000000 -85.697479
9300.000000 -85.782166
9350.000000 -82.801224
9400.000000 -84.027451
9450.000000 -83.966553
9500.000000 -86.995224
9550.000000 -89.684883
9600.000000 -86.606667
9650.000000 -86.965614
9700.000000 -87.039818
9750.000000 -86.454872
9800.000000 -84.227814
9850.000000 -84.080284
9900.000000 -82.895042
9950.000000 -83.257637
10000.000000 -83.498138
10050.000000 -83.710884
10100.000000 -90.213989
10150.000000 -87.966904
10200.000000 -84.923424
10250.000000 -88.291267
10300.000000 -86.527626
10350.000000 -85.510513
10400.000000 -83.619934
10450.000000 -85.751274
10500.000000 -86.516396
10550.000000 -85.969864
10600.000000 -85.700027
10650.000000 -85.723053
10700.000000 -86.874481
10750.000000 -81.824440
10800.000000 -83.998001
10850.000000 -86.801674
10900.000000 -87.508286
10950.000000 -82.954437
11000.000000 -84.568657
11050.000000 -87.501991
11100.000000 -86.612343
11150.000000 -83.985405
11200.000000 -86.533249
11250.000000 -85.184280
11300.000000 -87.495705
11350.000000 -85.585823
11400.000000 -85.416046
11450.000000 -85.611076
11500.000000 -82.984283
11550.000000 -88.725456
11600.000000 -84.426300
11650.000000 -87.867973
11700.000000 -86.915520
11750.000000 -85.975136
11800.000000 -83.993797
11850.000000 -83.757744
11900.000000 -79.852295
11950.000000 -83.023613
12000.000000 -81.580978
12050.000000 -86.740982
12100.000000 -84.996147
12150.000000 -84.552971
12200.000000 -84.338493
12250.000000 -85.475601
12300.000000 -84.772881
12350.000000 -86.677856
12400.000000 -85.041023
12450.000000 -87.492569
12500.000000 -86.033340
12550.000000 -85.057617
12600.000000 -87.001160
12650.000000 -90.524467
12700.000000 -83.171288
12750.000000 -87.078659
12800.000000 -86.854034
12850.000000 -86.377197
12900.000000 -88.046860
12950.000000 -82.554092
13000.000000 -83.337067
13050.000000 -84.759117
13100.000000 -84.782066
13150.000000 -89.205269
13200.000000 -83.991699
13250.000000 -86.020081
13300.000000 -85.826118
13350.000000 -85.086128
13400.000000 -83.883255
13450.000000 -86.256516
13500.000000 -89.355728
13550.000000 -85.488045
13600.000000 -82.823204
13650.000000 -85.761559
13700.000000 -85.659248
13750.000000 -88.423088
13800.000000 -86.020081
13850.000000 -82.735596
13900.000000 -85.588348
13950.000000 -87.530334
14000.000000 -87.004120
14050.000000 -85.055244
14100.000000 -85.518013
14150.000000 -86.603836
14200.000000 -88.291267
14250.000000 -84.600113
14300.000000 -89.351837
14350.000000 -86.449303
14400.000000 -87.848320
14450.000000 -87.445595
14500.000000 -88.674866
14550.000000 -89.031120
14600.000000 -85.831306
14650.000000 -86.113350
14700.000000 -86.185989
14750.000000 -83.104713
14800.000000 -82.761063
14850.000000 -85.654167
14900.000000 -83.444778
14950.000000 -82.511513
15000.000000 -81.219727
15050.000000 -89.600418
15100.000000 -86.156319
15150.000000 -87.483154
15200.000000 -85.413574
15250.000000 -88.642540
15300.000000 -88.087128
15350.000000 -85.935677
15400.000000 -81.867065
15450.000000 -81.490822
15500.000000 -84.965576
15550.000000 -87.718437
15600.000000 -83.747536
15650.000000 -85.925179
15700.000000 -84.161224
15750.000000 -84.661095
15800.000000 -86.886185
15850.000000 -89.901794
15900.000000 -85.828712
15950.000000 -86.382721
16000.000000 -87.644684
16050.000000 -87.254074
16100.000000 -83.751617
16150.000000 -83.745491
16200.000000 -81.731735
16250.000000 -83.165672
16300.000000 -85.153038
16350.000000 -83.591827
16400.000000 -83.519974
16450.000000 -82.618355
16500.000000 -70.464119
16550.000000 -59.062428
16600.000000 -59.995438
16650.000000 -58.949306
16700.000000 -61.352974
16750.000000 -63.185997
16800.000000 -62.342560
16850.000000 -59.004562
16900.000000 -63.021919
16950.000000 -57.620060
17000.000000 -61.184414
17050.000000 -59.955189
17100.000000 -63.110771
17150.000000 -60.116077
17200.000000 -59.183311
17250.000000 -57.093681
17300.000000 -58.506992
17350.000000 -57.596611
17400.000000 -60.040386
17450.000000 -57.404976
17500.000000 -58.162045
17550.000000 -58.615139
17600.000000 -56.444153
17650.000000 -55.823399
17700.000000 -56.533131
17750.000000 -58.823399
17800.000000 -55.170193
17850.000000 -60.140965
17900.000000 -54.574326
17950.000000 -58.012424
18000.000000 -55.620365
18050.000000 -56.981915
18100.000000 -55.384258
18150.000000 -58.632786
18200.000000 -59.092461
18250.000000 -59.978691
18300.000000 -55.829796
18350.000000 -59.928726
18400.000000 -58.754108
18450.000000 -60.371513
18500.000000 -60.136250
18550.000000 -62.352806
18600.000000 -59.166077
18650.000000 -64.380959
18700.000000 -59.399517
18750.000000 -60.338654
18800.000000 -63.413101
18850.000000 -62.251911
18900.000000 -62.780380
18950.000000 -58.296185
19000.000000 -55.236420
19050.000000 -54.082661
19100.000000 -58.543900
19150.000000 -56.387730
19200.000000 -57.192696
19250.000000 -55.087589
19300.000000 -59.340843
19350.000000 -55.546158
19400.000000 -57.449230
19450.000000 -54.350220
19500.000000 -56.798656
19550.000000 -54.739895
19600.000000 -56.143387
19650.000000 -55.151821
19700.000000 -54.578869
19750.000000 -55.626049
19800.000000 -54.965660
19850.000000 -55.438019
19900.000000 -55.438881
19950.000000 -58.442173
20000.000000 -56.430592
20050.000000 -57.336727
20100.000000 -57.936741
20150.000000 -60.026150
20200.000000 -55.400944
20250.000000 -58.305122
20300.000000 -61.381363
20350.000000 -58.871449
20400.000000 -57.652569
20450.000000 -55.919060
20500.000000 -62.639336
20550.000000 -58.665230
20600.000000 -58.093029
20650.000000 -59.489651
20700.000000 -53.963379
20750.000000 -59.974327
20800.000000 -61.261002
20850.000000 -58.056713
20900.000000 -63.549835
20950.000000 -61.592590
21000.000000 -62.372986
21050.000000 -57.489239
21100.000000 -57.404091
21150.000000 -58.163868
21200.000000 -59.452492
21250.000000 -59.426277
21300.000000 -57.792877
21350.000000 -57.884331
21400.000000 -57.873741
21450.000000 -55.548222
21500.000000 -56.163132
21550.000000 -55.306396
21600.000000 -57.146194
21650.000000 -54.753796
21700.000000 -59.974327
21750.000000 -54.519783
21800.000000 -56.612900
21850.000000 -56.734352
21900.000000 -57.601738
21950.000000 -57.257305
22000.000000 -56.111649
22050.000000 -59.240322
22100.000000 -59.467064
22150.000000 -58.893005
22200.000000 -54.723061
22250.000000 -55.038799
22300.000000 -57.175060
22350.000000 -56.451797
22400.000000 -59.859463
22450.000000 -56.477821
22500.000000 -56.990356
22550.000000 -61.803371
22600.000000 -60.557182
22650.000000 -57.166546
22700.000000 -58.424133
22750.000000 -55.762810
22800.000000 -59.704109
22850.000000 -58.230099
22900.000000 -58.625202
22950.000000 -62.426800
23000.000000 -58.382774
23050.000000 -57.219307
23100.000000 -57.419636
23150.000000 -58.150257
23200.000000 -56.300549
23250.000000 -57.799973
23300.000000 -55.374916
23350.000000 -59.740177
23400.000000 -54.456196
23450.000000 -57.925465
23500.000000 -54.938828
23550.000000 -55.375469
23600.000000 -55.066689
23650.000000 -56.919968
23700.000000 -57.441231
23750.000000 -56.807556
23800.000000 -59.232430
23850.000000 -55.447903
23900.000000 -55.850731
23950.000000 -55.347641
24000.000000 -61.834408
24050.000000 -55.966911
24100.000000 -56.004826
24150.000000 -58.983788
24200.000000 -58.172886
24250.000000 -61.580181
24300.000000 -62.907623
24350.000000 -61.606930
24400.000000 -64.270393
24450.000000 -60.072937
24500.000000 -57.466736
24550.000000 -60.421455
24600.000000 -61.455643
24650.000000 -58.626221
24700.000000 -62.948284
24750.000000 -55.674809
24800.000000 -58.255104
24850.000000 -58.005573
24900.000000 -55.753132
24950.000000 -59.472298
25000.000000 -58.967884
25050.000000 -56.737633
25100.000000 -54.770256
25150.000000 -57.300518
25200.000000 -57.915451
25250.000000 -55.592632
25300.000000 -55.975330
25350.000000 -56.649048
25400.000000 -54.887104
25450.000000 -56.096077
25500.000000 -55.537987
25550.000000 -58.702362
25600.000000 -56.719894
25650.000000 -56.478088
25700.000000 -57.663094
25750.000000 -60.014458
25800.000000 -60.599682
25850.000000 -58.960472
25900.000000 -58.226639
25950.000000 -54.507591
26000.000000 -59.008583
26050.000000 -60.778019
26100.000000 -63.113049
26150.000000 -59.568493
26200.000000 -61.697987
26250.000000 -55.340046
26300.000000 -60.595566
26350.000000 -55.270950
26400.000000 -56.837891
26450.000000 -60.814625
26500.000000 -57.037056
26550.000000 -59.569378
26600.000000 -57.260010
26650.000000 -56.338810
26700.000000 -61.388046
26750.000000 -56.626732
26800.000000 -56.503662
26850.000000 -54.062634
26900.000000 -59.195141
26950.000000 -57.979382
27000.000000 -57.256531
27050.000000 -55.073826
27100.000000 -55.885571
27150.000000 -54.501465
27200.000000 -59.342812
27250.000000 -53.978607
27300.000000 -57.106781
27350.000000 -55.829384
27400.000000 -57.410583
27450.000000 -56.034401
27500.000000 -59.572655
27550.000000 -58.492607
27600.000000 -58.117111
27650.000000 -57.327072
27700.000000 -57.160618
27750.000000 -59.600079
27800.000000 -58.581192
27850.000000 -60.014458
27900.000000 -60.531502
27950.000000 -61.090443
28000.000000 -63.952538
28050.000000 -63.384094
28100.000000 -61.367233
28150.000000 -62.482533
28200.000000 -59.484653
28250.000000 -60.075474
28300.000000 -62.533127
28350.000000 -59.777046
28400.000000 -59.201427
28450.000000 -57.479218
28500.000000 -62.125050
28550.000000 -57.154884
28600.000000 -57.910339
28650.000000 -59.549469
28700.000000 -56.950047
28750.000000 -60.115273
28800.000000 -58.929379
28850.000000 -56.865379
28900.000000 -55.343067
28950.000000 -57.021622
29000.000000 -54.705318
29050.000000 -56.299694
29100.000000 -55.672714
29150.000000 -55.996452
29200.000000 -55.526020
29250.000000 -56.344204
29300.000000 -57.756664
29350.000000 -53.966755
29400.000000 -59.782990
29450.000000 -56.092525
29500.000000 -55.809891
29550.000000 -56.990253
29600.000000 -58.485256
29650.000000 -58.530575
29700.000000 -54.941418
29750.000000 -57.451405
29800.000000 -60.895809
29850.000000 -61.898335
29900.000000 -60.405193
29950.000000 -60.618874
30000.000000 -59.750607
30050.000000 -61.321129
30100.000000 -58.339428
30150.000000 -58.691414
30200.000000 -59.980675
30250.000000 -61.138359
30300.000000 -61.743225
30350.000000 -61.079781
30400.000000 -60.098099
30450.000000 -63.583206
30500.000000 -61.326996
30550.000000 -61.704109
30600.000000 -58.793930
30650.000000 -56.964798
30700.000000 -59.139149
30750.000000 -56.773026
30800.000000 -57.022839
30850.000000 -55.182365
30900.000000 -54.537502
30950.000000 -56.777897
31000.000000 -54.280926
31050.000000 -58.709213
31100.000000 -55.673920
31150.000000 -58.588509
31200.000000 -58.104744
31250.000000 -57.412647
31300.000000 -57.024624
31350.000000 -59.160542
31400.000000 -59.110867
31450.000000 -60.269886
31500.000000 -61.543217
31550.000000 -60.689182
31600.000000 -59.880615
31650.000000 -57.681545
31700.000000 -60.325294
31750.000000 -59.899330
31800.000000 -59.738636
31850.000000 -56.790501
31900.000000 -62.162373
31950.000000 -61.824276
32000.000000 -57.977074
32050.000000 -61.424355
32100.000000 -59.099983
32150.000000 -60.380230
32200.000000 -59.950176
32250.000000 -58.415844
32300.000000 -58.936752
32350.000000 -59.801235
32400.000000 -58.012001
32450.000000 -56.618916
32500.000000 -59.547836
32550.000000 -55.578438
32600.000000 -57.698814
32650.000000 -56.189331
32700.000000 -58.830925
32750.000000 -55.112167
32800.000000 -58.262592
32850.000000 -55.174679
32900.000000 -56.458141
32950.000000 -56.010174
33000.000000 -56.662670
33050.000000 -59.105484
33100.000000 -60.940575
33150.000000 -58.716541
33200.000000 -56.102421
33250.000000 -56.036499
33300.000000 -60.721813
33350.000000 -59.455727
33400.000000 -60.459179
33450.000000 -59.697964
33500.000000 -57.337116
33550.000000 -63.594429
33600.000000 -58.999481
33650.000000 -60.813606
33700.000000 -60.746185
33750.000000 -59.740822
33800.000000 -61.205704
33850.000000 -58.679565
33900.000000 -53.967152
33950.000000 -56.840656
34000.000000 -54.926182
34050.000000 -57.776546
34100.000000 -56.656803
34150.000000 -58.206673
34200.000000 -56.622059
34250.000000 -57.742245
34300.000000 -58.036076
34350.000000 -57.614620
34400.000000 -57.796989
34450.000000 -58.187180
34500.000000 -55.475727
34550.000000 -55.475727
34600.000000 -54.665066
34650.000000 -56.898144
34700.000000 -53.968010
34750.000000 -54.829834
34800.000000 -57.608376
34850.000000 -57.483879
34900.000000 -57.807484
34950.000000 -58.548500
35000.000000 -57.960709
35050.000000 -58.257835
35100.000000 -60.935703
35150.000000 -61.827709
35200.000000 -65.773964
35250.000000 -60.954025
35300.000000 -62.422943
35350.000000 -59.704750
35400.000000 -57.977390
35450.000000 -57.974239
35500.000000 -60.835175
35550.000000 -57.530933
35600.000000 -62.221905
35650.000000 -60.221214
35700.000000 -60.334381
35750.000000 -60.160652
35800.000000 -56.814255
35850.000000 -60.193928
35900.000000 -63.051247
35950.000000 -60.674988
36000.000000 -62.540756
36050.000000 -58.429550
36100.000000 -57.844223
36150.000000 -62.838440
36200.000000 -59.312634
36250.000000 -59.998409
36300.000000 -55.984257
36350.000000 -58.710697
36400.000000 -56.430943
36450.000000 -56.011929
36500.000000 -54.589169
36550.000000 -56.437363
36600.000000 -56.607880
36650.000000 -83.263428
36700.000000 -88.768929
36750.000000 -88.298157
36800.000000 -86.629387
36850.000000 -85.038651
36900.000000 -85.048126
36950.000000 -84.163368
37000.000000 -83.307922
37050.000000 -87.533485
37100.000000 -85.177055
37150.000000 -85.155434
37200.000000 -87.603180
37250.000000 -85.782196
37300.000000 -84.897758
37350.000000 -87.600021
37400.000000 -88.127571
37450.000000 -85.347092
37500.000000 -85.215820
37550.000000 -84.638458
37600.000000 -82.130646
37650.000000 -84.167648
37700.000000 -84.925758
37750.000000 -86.025383
37800.000000 -86.396553
37850.000000 -88.274071
37900.000000 -81.345703
37950.000000 -84.012711
38000.000000 -85.105194
38050.000000 -85.455696
38100.000000 -86.116028
38150.000000 -86.550140
38200.000000 -81.628807
38250.000000 -78.822586
38300.000000 -81.392250
38350.000000 -82.755600
38400.000000 -87.238815
38450.000000 -86.746742
38500.000000 -86.169792
38550.000000 -90.809578
38600.000000 -87.750725
38650.000000 -87.247963
38700.000000 -88.222687
38750.000000 -83.798691
38800.000000 -83.074448
38850.000000 -84.426300
38900.000000 -88.656898
38950.000000 -88.147865
39000.000000 -86.921402
39050.000000 -85.964600
39100.000000 -87.211403
39150.000000 -87.584114
39200.000000 -88.539200
39250.000000 -86.110672
39300.000000 -85.356903
39350.000000 -89.008629
39400.000000 -89.741653
39450.000000 -84.046432
39500.000000 -83.887398
39550.000000 -89.367416
39600.000000 -86.449303
39650.000000 -86.939056
39700.000000 -88.975044
39750.000000 -86.947906
39800.000000 -85.184280
39850.000000 -86.215759
39900.000000 -85.753845
39950.000000 -81.453140
40000.000000 -82.137421
