0.000000 -58.832661
50.000000 -58.867496
100.000000 -58.716415
150.000000 -58.927380
200.000000 -58.679222
250.000000 -58.761345
300.000000 -58.638336
350.000000 -58.848434
400.000000 -58.816917
450.000000 -58.654781
500.000000 -58.915436
550.000000 -58.756290
600.000000 -58.942150
650.000000 -58.770660
700.000000 -58.609489
750.000000 -58.695065
800.000000 -58.629276
850.000000 -58.814606
900.000000 -58.874474
950.000000 -58.837643
1000.000000 -58.961060
1050.000000 -58.992043
1100.000000 -59.068855
1150.000000 -59.333599
1200.000000 -59.397289
1250.000000 -59.337036
1300.000000 -59.658245
1350.000000 -59.682617
1400.000000 -59.704494
1450.000000 -60.127235
1500.000000 -60.237270
1550.000000 -60.331078
1600.000000 -60.328323
1650.000000 -60.567646
1700.000000 -60.580814
1750.000000 -60.880672
1800.000000 -61.068081
1850.000000 -61.083984
1900.000000 -61.088490
1950.000000 -61.295399
2000.000000 -61.586540
2050.000000 -61.710079
2100.000000 -61.823456
2150.000000 -61.835728
2200.000000 -61.854084
2250.000000 -62.014042
2300.000000 -62.474247
2350.000000 -62.343426
2400.000000 -62.581696
2450.000000 -62.838989
2500.000000 -63.050308
2550.000000 -63.122536
2600.000000 -63.279449
2650.000000 -63.437283
2700.000000 -63.492386
2750.000000 -63.642273
2800.000000 -63.824173
2850.000000 -63.903790
2900.000000 -64.087914
2950.000000 -64.181358
3000.000000 -64.345695
3050.000000 -64.325615
3100.000000 -64.580544
3150.000000 -64.608208
3200.000000 -65.002502
3250.000000 -65.109024
3300.000000 -65.172966
3350.000000 -65.082550
3400.000000 -65.058083
3450.000000 -65.432869
3500.000000 -65.475334
3550.000000 -65.373123
3600.000000 -65.672981
3650.000000 -66.008682
3700.000000 -66.343010
3750.000000 -66.366150
3800.000000 -66.366699
3850.000000 -66.603821
3900.000000 -66.695015
3950.000000 -66.819954
4000.000000 -66.904938
4050.000000 -67.258644
4100.000000 -67.333557
4150.000000 -67.552429
4200.000000 -67.723579
4250.000000 -67.992462
4300.000000 -68.193687
4350.000000 -68.379494
4400.000000 -68.519020
4450.000000 -68.369759
4500.000000 -68.565796
4550.000000 -68.728996
4600.000000 -69.014977
4650.000000 -69.181198
4700.000000 -69.181198
4750.000000 -69.297150
4800.000000 -69.566048
4850.000000 -69.689720
4900.000000 -69.914215
4950.000000 -69.622047
5000.000000 -69.492996
5050.000000 -70.118286
5100.000000 -69.898872
5150.000000 -70.405075
5200.000000 -70.532471
5250.000000 -70.643692
5300.000000 -70.557907
5350.000000 -70.743111
5400.000000 -70.765968
5450.000000 -71.539604
5500.000000 -71.282738
5550.000000 -71.680351
5600.000000 -71.569183
5650.000000 -71.884636
5700.000000 -71.854492
5750.000000 -72.042793
5800.000000 -72.095978
5850.000000 -72.469337
5900.000000 -72.372414
5950.000000 -72.318611
6000.000000 -72.104523
6050.000000 -72.848404
6100.000000 -72.272751
6150.000000 -72.440979
6200.000000 -72.845497
6250.000000 -72.598953
6300.000000 -72.755814
6350.000000 -72.913223
6400.000000 -72.659653
6450.000000 -73.030655
6500.000000 -72.845497
6550.000000 -73.343987
6600.000000 -73.284447
6650.000000 -73.277107
6700.000000 -73.735802
6750.000000 -73.627586
6800.000000 -73.904968
6850.000000 -73.917465
6900.000000 -74.080856
6950.000000 -75.175522
7000.000000 -75.298065
7050.000000 -75.524673
7100.000000 -75.494644
7150.000000 -75.050934
7200.000000 -75.883507
7250.000000 -75.953926
7300.000000 -75.512016
7350.000000 -75.480453
7400.000000 -76.370522
7450.000000 -76.201988
7500.000000 -76.595062
7550.000000 -77.562210
7600.000000 -76.703201
7650.000000 -77.494408
7700.000000 -77.631561
7750.000000 -77.141144
7800.000000 -77.374069
7850.000000 -77.532234
7900.000000 -78.128860
7950.000000 -78.504433
8000.000000 -78.880653
8050.000000 -79.342445
8100.000000 -78.800629
8150.000000 -78.420044
8200.000000 -78.687103
8250.000000 -79.433846
8300.000000 -78.631432
8350.000000 -78.743095
8400.000000 -79.396675
8450.000000 -79.289764
8500.000000 -79.048882
8550.000000 -79.561440
8600.000000 -79.498657
8650.000000 -79.788681
8700.000000 -79.146835
8750.000000 -81.085037
8800.000000 -81.225830
8850.000000 -80.760788
8900.000000 -81.008789
8950.000000 -81.481384
9000.000000 -79.247124
9050.000000 -79.491158
9100.000000 -82.343262
9150.000000 -81.617630
9200.000000 -80.707428
9250.000000 -83.099030
9300.000000 -82.137421
9350.000000 -82.793907
9400.000000 -82.817703
9450.000000 -82.911705
9500.000000 -82.909851
9550.000000 -82.999245
9600.000000 -82.924690
9650.000000 -82.513283
9700.000000 -82.969345
9750.000000 -83.070671
9800.000000 -84.661095
9850.000000 -83.014236
9900.000000 -84.911758
9950.000000 -84.652039
10000.000000 -83.916473
10050.000000 -83.737335
10100.000000 -83.696671
10150.000000 -83.650146
10200.000000 -83.234528
10250.000000 -85.038651
10300.000000 -84.384483
10350.000000 -86.043968
10400.000000 -86.363396
10450.000000 -86.393784
10500.000000 -86.349625
10550.000000 -84.765999
10600.000000 -86.859871
10650.000000 -87.045784
10700.000000 -85.746140
10750.000000 -87.667023
10800.000000 -87.734566
10850.000000 -87.577766
10900.000000 -87.845047
10950.000000 -87.398865
11000.000000 -89.753868
11050.000000 -88.805374
11100.000000 -87.411301
11150.000000 -87.414413
11200.000000 -88.013458
11250.000000 -85.337280
11300.000000 -87.809151
11350.000000 -89.178543
11400.000000 -87.327713
11450.000000 -87.970215
11500.000000 -89.398643
11550.000000 -88.073685
11600.000000 -87.129707
11650.000000 -87.123688
11700.000000 -87.917297
11750.000000 -88.141098
11800.000000 -87.539795
11850.000000 -91.684952
11900.000000 -90.560158
11950.000000 -89.390823
12000.000000 -89.117744
12050.000000 -90.090302
12100.000000 -88.926758
12150.000000 -94.017418
12200.000000 -93.626968
12250.000000 -93.186531
12300.000000 -92.128601
12350.000000 -92.107208
12400.000000 -93.544640
12450.000000 -90.060707
12500.000000 -93.345238
12550.000000 -95.685318
12600.000000 -93.320633
12650.000000 -91.634216
12700.000000 -91.880493
12750.000000 -89.584427
12800.000000 -91.404572
12850.000000 -93.997467
12900.000000 -94.017418
12950.000000 -93.977570
13000.000000 -90.471207
13050.000000 -92.422699
13100.000000 -94.958488
13150.000000 -98.344177
13200.000000 -92.236366
13250.000000 -94.267242
13300.000000 -89.798798
13350.000000 -93.722946
13400.000000 -93.865662
13450.000000 -89.340179
13500.000000 -93.563568
13550.000000 -92.433784
13600.000000 -92.664223
13650.000000 -93.253326
13700.000000 -89.390823
13750.000000 -94.342918
13800.000000 -91.152084
13850.000000 -91.014397
13900.000000 -92.687035
13950.000000 -91.326096
14000.000000 -91.360344
14050.000000 -93.557251
14100.000000 -92.618774
14150.000000 -96.693260
14200.000000 -94.559814
14250.000000 -95.025505
14300.000000 -92.590607
14350.000000 -89.351837
14400.000000 -90.524467
14450.000000 -90.052269
14500.000000 -90.569107
14550.000000 -90.183975
14600.000000 -91.859703
14650.000000 -91.917000
14700.000000 -91.345650
14750.000000 -91.424301
14800.000000 -93.114250
14850.000000 -92.203896
14900.000000 -92.709908
14950.000000 -95.123230
15000.000000 -93.450600
15050.000000 -93.463081
15100.000000 -92.268959
15150.000000 -90.681709
15200.000000 -93.216827
15250.000000 -91.578743
15300.000000 -92.384010
15350.000000 -92.032761
15400.000000 -90.897430
15450.000000 -92.064575
15500.000000 -92.361977
15550.000000 -90.772850
15600.000000 -93.078331
15650.000000 -94.595314
15700.000000 -92.715637
15750.000000 -92.965569
15800.000000 -92.635796
15850.000000 -92.461563
15900.000000 -90.094536
15950.000000 -93.781052
16000.000000 -94.688286
16050.000000 -91.896118
16100.000000 -92.059265
16150.000000 -90.471207
16200.000000 -94.030739
16250.000000 -90.654549
16300.000000 -86.933182
16350.000000 -86.232040
16400.000000 -92.209305
16450.000000 -92.334518
16500.000000 -92.989189
16550.000000 -90.631981
16600.000000 -90.265694
16650.000000 -88.963875
16700.000000 -91.399643
16750.000000 -91.419365
16800.000000 -90.731720
16850.000000 -91.224167
16900.000000 -93.144295
16950.000000 -92.069893
17000.000000 -90.551224
17050.000000 -89.212921
17100.000000 -92.350983
17150.000000 -93.481834
17200.000000 -90.396309
17250.000000 -91.123550
17300.000000 -88.256905
17350.000000 -88.521507
17400.000000 -90.081833
17450.000000 -86.427055
17500.000000 -88.236359
17550.000000 -90.374405
17600.000000 -88.638962
17650.000000 -89.656639
17700.000000 -90.192543
17750.000000 -90.804977
17800.000000 -87.973534
17850.000000 -87.695908
17900.000000 -89.989250
17950.000000 -92.367477
18000.000000 -94.308441
18050.000000 -90.663589
18100.000000 -91.379974
18150.000000 -91.200073
18200.000000 -90.551224
18250.000000 -90.060707
18300.000000 -94.117828
18350.000000 -93.120255
18400.000000 -94.024071
18450.000000 -91.365250
18500.000000 -92.848427
18550.000000 -89.209099
18600.000000 -91.104362
18650.000000 -90.564629
18700.000000 -91.880577
18750.000000 -90.869591
18800.000000 -91.664619
18850.000000 -94.524467
18900.000000 -91.792465
18950.000000 -94.440201
19000.000000 -91.705322
19050.000000 -94.673920
19100.000000 -92.378494
19150.000000 -91.404572
19200.000000 -89.959999
19250.000000 -89.881096
19300.000000 -91.558662
19350.000000 -90.591507
19400.000000 -89.053612
19450.000000 -89.918381
19500.000000 -88.578255
19550.000000 -90.183975
19600.000000 -87.796135
19650.000000 -87.884560
19700.000000 -90.115746
19750.000000 -90.192543
19800.000000 -91.360344
19850.000000 -89.688927
19900.000000 -93.090286
19950.000000 -90.440292
20000.000000 -87.963585
20050.000000 -87.835243
20100.000000 -91.854507
20150.000000 -96.005684
20200.000000 -93.450600
20250.000000 -92.372986
20300.000000 -92.483849
20350.000000 -92.900940
20400.000000 -94.370605
20450.000000 -89.939163
20500.000000 -93.924728
20550.000000 -91.906555
20600.000000 -92.345490
20650.000000 -92.500603
20700.000000 -96.072891
20750.000000 -93.607903
20800.000000 -93.438141
20850.000000 -95.478119
20900.000000 -94.412300
20950.000000 -92.942009
21000.000000 -93.198639
21050.000000 -66.815308
21100.000000 -60.474205
21150.000000 -57.138477
21200.000000 -55.171341
21250.000000 -54.488316
21300.000000 -54.804878
21350.000000 -54.210609
21400.000000 -54.214493
21450.000000 -55.620125
21500.000000 -57.860165
21550.000000 -54.783623
21600.000000 -56.728992
21650.000000 -59.919266
21700.000000 -64.793098
21750.000000 -65.103996
21800.000000 -60.080830
21850.000000 -56.886932
21900.000000 -55.360218
21950.000000 -54.359768
22000.000000 -53.977348
22050.000000 -53.978405
22100.000000 -53.978008
22150.000000 -54.465649
22200.000000 -55.850483
22250.000000 -57.509613
22300.000000 -60.403942
22350.000000 -64.998260
22400.000000 -64.429161
22450.000000 -60.324608
22500.000000 -57.609085
22550.000000 -55.735271
22600.000000 -54.903450
22650.000000 -54.440247
22700.000000 -54.329155
22750.000000 -54.426910
22800.000000 -55.302689
22850.000000 -56.408047
22900.000000 -58.368267
22950.000000 -61.353439
23000.000000 -64.338928
23050.000000 -62.280128
23100.000000 -59.780922
23150.000000 -57.698208
23200.000000 -56.200794
23250.000000 -55.391037
23300.000000 -55.114586
23350.000000 -55.042610
23400.000000 -55.259117
23450.000000 -56.129623
23500.000000 -57.095402
23550.000000 -58.975540
23600.000000 -61.522976
23650.000000 -63.710266
23700.000000 -61.713806
23750.000000 -59.446278
23800.000000 -57.771214
23850.000000 -56.574131
23900.000000 -55.963329
23950.000000 -55.583382
24000.000000 -55.590878
24050.000000 -56.127247
24100.000000 -56.856052
24150.000000 -57.994629
24200.000000 -59.271461
24250.000000 -61.270355
24300.000000 -61.859337
24350.000000 -60.528542
24400.000000 -58.754684
24450.000000 -57.667450
24500.000000 -56.634373
24550.000000 -56.128605
24600.000000 -55.911938
24650.000000 -56.199936
24700.000000 -56.376541
24750.000000 -57.285866
24800.000000 -58.021076
24850.000000 -59.838619
24900.000000 -60.939396
24950.000000 -61.241714
25000.000000 -59.720390
25050.000000 -58.618763
25100.000000 -57.637814
25150.000000 -56.791142
25200.000000 -56.413124
25250.000000 -56.459373
25300.000000 -56.415230
25350.000000 -56.988567
25400.000000 -57.899410
25450.000000 -58.516037
25500.000000 -59.725273
25550.000000 -60.609344
25600.000000 -60.346512
25650.000000 -59.536900
25700.000000 -58.389488
25750.000000 -57.838535
25800.000000 -57.160137
25850.000000 -56.706642
25900.000000 -56.669350
25950.000000 -56.831909
26000.000000 -57.302364
26050.000000 -57.770088
26100.000000 -58.917892
26150.000000 -59.985832
26200.000000 -60.448067
26250.000000 -59.816017
26300.000000 -59.244694
26350.000000 -58.372002
26400.000000 -57.582653
26450.000000 -57.429291
26500.000000 -56.998878
26550.000000 -56.980701
26600.000000 -57.407139
26650.000000 -58.015484
26700.000000 -58.508781
26750.000000 -59.039143
26800.000000 -59.876434
26850.000000 -60.004375
26900.000000 -59.662323
26950.000000 -58.853542
27000.000000 -58.446823
27050.000000 -57.964588
27100.000000 -57.465645
27150.000000 -57.209404
27200.000000 -57.335651
27250.000000 -57.522160
27300.000000 -57.780445
27350.000000 -58.334942
27400.000000 -59.174145
27450.000000 -59.568619
27500.000000 -59.693871
27550.000000 -59.355354
27600.000000 -58.810673
27650.000000 -58.550964
27700.000000 -57.809959
27750.000000 -57.507126
27800.000000 -57.400555
27850.000000 -57.476543
27900.000000 -57.347557
27950.000000 -57.922436
28000.000000 -58.355206
28050.000000 -58.839848
28100.000000 -59.293797
28150.000000 -59.111103
28200.000000 -58.975304
28250.000000 -58.747337
28300.000000 -58.063709
28350.000000 -57.971195
28400.000000 -57.776138
28450.000000 -57.784657
28500.000000 -58.043159
28550.000000 -58.123730
28600.000000 -58.336033
28650.000000 -58.716988
28700.000000 -59.122002
28750.000000 -59.225273
28800.000000 -59.308105
28850.000000 -58.994759
28900.000000 -58.739769
28950.000000 -58.365631
29000.000000 -58.140621
29050.000000 -58.062225
29100.000000 -58.100163
29150.000000 -58.215302
29200.000000 -58.501526
29250.000000 -58.555229
29300.000000 -58.960236
29350.000000 -59.151039
29400.000000 -59.097477
29450.000000 -58.992516
29500.000000 -58.667961
29550.000000 -58.551414
29600.000000 -58.247952
29650.000000 -58.332314
29700.000000 -58.060848
29750.000000 -58.210770
29800.000000 -58.396099
29850.000000 -58.570278
29900.000000 -58.600464
29950.000000 -58.947666
30000.000000 -59.061001
30050.000000 -59.068020
30100.000000 -58.887524
30150.000000 -58.628033
30200.000000 -58.567135
30250.000000 -58.366070
30300.000000 -58.134628
30350.000000 -58.230423
30400.000000 -58.201714
30450.000000 -58.432095
30500.000000 -58.473244
30550.000000 -58.871796
30600.000000 -58.918945
30650.000000 -59.076836
30700.000000 -59.089359
30750.000000 -58.756523
30800.000000 -58.630070
30850.000000 -58.642643
30900.000000 -58.353672
30950.000000 -58.399956
31000.000000 -58.221130
31050.000000 -58.347202
31100.000000 -58.629276
31150.000000 -58.679451
31200.000000 -58.907837
31250.000000 -58.901760
31300.000000 -59.035465
31350.000000 -58.888573
31400.000000 -58.383987
31450.000000 -58.387508
31500.000000 -58.450592
31550.000000 -58.346653
31600.000000 -58.311447
31650.000000 -58.566010
31700.000000 -58.550404
31750.000000 -58.755604
31800.000000 -58.846111
31850.000000 -58.975891
31900.000000 -59.057793
31950.000000 -58.943207
32000.000000 -58.834747
32050.000000 -58.582657
32100.000000 -58.545918
32150.000000 -58.368706
32200.000000 -58.233883
32250.000000 -58.424023
32300.000000 -58.310467
32350.000000 -58.797161
32400.000000 -58.832546
32450.000000 -58.731060
32500.000000 -59.040089
32550.000000 -59.013783
32600.000000 -58.781364
32650.000000 -58.677631
32700.000000 -58.437408
32750.000000 -58.201069
32800.000000 -58.038822
32850.000000 -58.066681
32900.000000 -58.165478
32950.000000 -58.182018
33000.000000 -58.637203
33050.000000 -58.795895
33100.000000 -58.932884
33150.000000 -59.233158
33200.000000 -59.099983
33250.000000 -58.925621
33300.000000 -58.419270
33350.000000 -58.455254
33400.000000 -58.270298
33450.000000 -58.132381
33500.000000 -58.261505
33550.000000 -58.404148
33600.000000 -58.511234
33650.000000 -58.826752
33700.000000 -59.066948
33750.000000 -59.203362
33800.000000 -59.209648
33850.000000 -58.914150
33900.000000 -58.773537
33950.000000 -58.773651
34000.000000 -58.513691
34050.000000 -58.343262
34100.000000 -58.418720
34150.000000 -58.280731
34200.000000 -58.259552
34250.000000 -58.391254
34300.000000 -58.582542
34350.000000 -58.596062
34400.000000 -58.831387
34450.000000 -58.883560
34500.000000 -58.829998
34550.000000 -58.591442
34600.000000 -58.576126
34650.000000 -58.337566
34700.000000 -58.080269
34750.000000 -58.255539
34800.000000 -58.165905
34850.000000 -58.060741
34900.000000 -58.279533
34950.000000 -58.475357
35000.000000 -58.794048
35050.000000 -58.809517
35100.000000 -59.009174
35150.000000 -59.033684
35200.000000 -58.792202
35250.000000 -58.513470
35300.000000 -58.409554
35350.000000 -58.418827
35400.000000 -58.418720
35450.000000 -58.378380
35500.000000 -58.580402
35550.000000 -58.516037
35600.000000 -58.771584
35650.000000 -58.806862
35700.000000 -58.807091
35750.000000 -58.818306
35800.000000 -58.881695
35850.000000 -58.712643
35900.000000 -58.679108
35950.000000 -58.562416
36000.000000 -58.684116
36050.000000 -58.501415
36100.000000 -58.630859
36150.000000 -58.627014
36200.000000 -58.705334
36250.000000 -58.932648
36300.000000 -59.095802
36350.000000 -59.004799
36400.000000 -58.771584
36450.000000 -58.839386
36500.000000 -58.612427
36550.000000 -58.189007
36600.000000 -58.343914
36650.000000 -58.435749
36700.000000 -58.482807
36750.000000 -58.466465
36800.000000 -58.779636
36850.000000 -58.856213
36900.000000 -58.915905
36950.000000 -58.912045
37000.000000 -58.992752
37050.000000 -58.879833
37100.000000 -58.651035
37150.000000 -58.554222
37200.000000 -58.556461
37250.000000 -58.432316
37300.000000 -58.477467
37350.000000 -58.604862
37400.000000 -58.688564
37450.000000 -58.703846
37500.000000 -58.768707
37550.000000 -59.036057
37600.000000 -58.961411
37650.000000 -58.865978
37700.000000 -58.827911
37750.000000 -58.777451
37800.000000 -58.429108
37850.000000 -58.242973
37900.000000 -58.233994
37950.000000 -58.376289
38000.000000 -58.623730
38050.000000 -58.725449
38100.000000 -58.927612
38150.000000 -58.899193
38200.000000 -58.968472
38250.000000 -58.720875
38300.000000 -58.677288
38350.000000 -58.473465
38400.000000 -58.303810
38450.000000 -58.296513
38500.000000 -58.338768
38550.000000 -58.552872
38600.000000 -58.526321
38650.000000 -58.429882
38700.000000 -58.748943
38750.000000 -58.984493
38800.000000 -59.052082
38850.000000 -58.995819
38900.000000 -58.978249
38950.000000 -58.987797
39000.000000 -58.720642
39050.000000 -58.763531
39100.000000 -58.618759
39150.000000 -58.696087
39200.000000 -58.859467
39250.000000 -58.822353
39300.000000 -58.767208
39350.000000 -58.981308
39400.000000 -58.948605
39450.000000 -58.677856
39500.000000 -58.840195
39550.000000 -58.845879
39600.000000 -58.523750
39650.000000 -58.749634
39700.000000 -58.712528
39750.000000 -58.781944
39800.000000 -58.837063
39850.000000 -58.841587
39900.000000 -58.763760
39950.000000 -58.747566
40000.000000 -58.965767
