0.000000 -56.121140
50.000000 -56.131409
100.000000 -56.364674
150.000000 -56.199509
200.000000 -56.297089
250.000000 -56.283772
300.000000 -56.019722
350.000000 -56.148830
400.000000 -56.200623
450.000000 -55.945778
500.000000 -55.923866
550.000000 -56.005569
600.000000 -56.036247
650.000000 -56.120632
700.000000 -56.149426
750.000000 -56.068302
800.000000 -56.189163
850.000000 -56.190273
900.000000 -56.274101
950.000000 -56.096668
1000.000000 -56.050537
1050.000000 -56.091850
1100.000000 -56.008663
1150.000000 -53.984173
1200.000000 -54.045589
1250.000000 -53.964371
1300.000000 -53.977478
1350.000000 -53.979336
1400.000000 -53.974895
1450.000000 -54.201904
1500.000000 -55.259041
1550.000000 -54.616512
1600.000000 -53.977413
1650.000000 -53.978539
1700.000000 -53.974167
1750.000000 -53.976818
1800.000000 -54.049397
1850.000000 -55.159863
1900.000000 -54.197216
1950.000000 -53.978142
2000.000000 -54.125282
2050.000000 -54.383690
2100.000000 -54.457245
2150.000000 -54.690704
2200.000000 -54.838684
2250.000000 -54.909790
2300.000000 -55.105755
2350.000000 -55.286343
2400.000000 -55.407661
2450.000000 -55.361153
2500.000000 -55.616924
2550.000000 -55.912766
2600.000000 -56.095230
2650.000000 -56.189163
2700.000000 -56.244461
2750.000000 -56.304188
2800.000000 -56.542740
2850.000000 -56.677845
2900.000000 -56.727894
2950.000000 -56.568325
3000.000000 -56.871666
3050.000000 -57.105072
3100.000000 -57.045254
3150.000000 -57.329315
3200.000000 -57.418354
3250.000000 -57.434914
3300.000000 -57.610390
3350.000000 -57.706242
3400.000000 -57.965115
3450.000000 -58.232368
3500.000000 -58.614799
3550.000000 -58.366402
3600.000000 -58.755833
3650.000000 -58.744469
3700.000000 -58.789547
3750.000000 -59.008343
3800.000000 -59.246151
3850.000000 -59.404839
3900.000000 -59.599194
3950.000000 -59.897102
4000.000000 -59.882835
4050.000000 -60.087116
4100.000000 -60.235638
4150.000000 -60.351341
4200.000000 -60.411583
4250.000000 -60.417698
4300.000000 -60.430504
4350.000000 -60.749653
4400.000000 -60.767300
4450.000000 -61.025024
4500.000000 -60.991680
4550.000000 -61.215454
4600.000000 -61.225216
4650.000000 -61.489246
4700.000000 -61.558903
4750.000000 -61.915169
4800.000000 -62.128944
4850.000000 -61.972031
4900.000000 -62.090588
4950.000000 -62.458576
5000.000000 -62.427322
5050.000000 -62.518944
5100.000000 -62.686878
5150.000000 -62.543068
5200.000000 -63.009354
5250.000000 -63.269405
5300.000000 -63.414280
5350.000000 -63.383308
5400.000000 -63.588814
5450.000000 -63.718803
5500.000000 -63.896519
5550.000000 -63.965290
5600.000000 -64.124702
5650.000000 -64.124062
5700.000000 -64.004921
5750.000000 -64.404480
5800.000000 -64.482956
5850.000000 -64.633934
5900.000000 -64.830231
5950.000000 -65.028709
6000.000000 -65.288651
6050.000000 -65.176567
6100.000000 -65.150391
6150.000000 -65.756920
6200.000000 -65.903961
6250.000000 -66.050606
6300.000000 -66.291718
6350.000000 -66.357597
6400.000000 -66.452911
6450.000000 -66.352638
6500.000000 -66.788040
6550.000000 -66.677841
6600.000000 -66.986320
6650.000000 -67.268127
6700.000000 -67.460274
6750.000000 -67.234833
6800.000000 -67.400719
6850.000000 -67.722939
6900.000000 -67.528427
6950.000000 -67.737465
7000.000000 -67.860748
7050.000000 -68.064613
7100.000000 -67.923882
7150.000000 -68.300552
7200.000000 -68.587502
7250.000000 -68.453888
7300.000000 -68.645042
7350.000000 -69.132889
7400.000000 -68.611046
7450.000000 -69.352219
7500.000000 -69.395111
7550.000000 -69.314568
7600.000000 -69.259743
7650.000000 -69.590408
7700.000000 -69.580017
7750.000000 -69.563660
7800.000000 -69.691742
7850.000000 -69.796326
7900.000000 -69.928749
7950.000000 -69.906746
8000.000000 -69.980453
8050.000000 -70.321167
8100.000000 -70.549423
8150.000000 -70.311172
8200.000000 -71.062561
8250.000000 -71.068718
8300.000000 -71.137726
8350.000000 -71.173149
8400.000000 -71.248795
8450.000000 -71.408005
8500.000000 -71.459412
8550.000000 -71.673233
8600.000000 -71.835831
8650.000000 -71.352486
8700.000000 -71.373573
8750.000000 -71.963089
8800.000000 -72.473236
8850.000000 -72.350410
8900.000000 -72.523529
8950.000000 -72.781754
9000.000000 -73.327370
9050.000000 -73.599640
9100.000000 -72.901505
9150.000000 -73.340294
9200.000000 -74.130630
9250.000000 -73.949768
9300.000000 -74.324951
9350.000000 -73.783615
9400.000000 -74.504730
9450.000000 -74.759743
9500.000000 -74.539978
9550.000000 -74.570427
9600.000000 -74.456963
9650.000000 -75.137573
9700.000000 -75.111870
9750.000000 -75.122444
9800.000000 -75.663544
9850.000000 -75.664345
9900.000000 -75.731377
9950.000000 -75.496223
10000.000000 -75.793221
10050.000000 -75.612206
10100.000000 -75.707092
10150.000000 -76.005653
10200.000000 -76.127846
10250.000000 -76.166969
10300.000000 -76.291466
10350.000000 -76.450302
10400.000000 -76.504196
10450.000000 -76.918945
10500.000000 -77.231247
10550.000000 -77.195671
10600.000000 -77.431068
10650.000000 -76.988945
10700.000000 -77.294113
10750.000000 -77.641655
10800.000000 -77.784248
10850.000000 -77.572227
10900.000000 -77.924004
10950.000000 -77.609383
11000.000000 -77.871979
11050.000000 -77.635597
11100.000000 -78.057564
11150.000000 -77.583260
11200.000000 -78.520065
11250.000000 -78.340851
11300.000000 -78.862030
11350.000000 -79.025154
11400.000000 -78.725914
11450.000000 -79.656464
11500.000000 -78.997948
11550.000000 -80.509842
11600.000000 -79.425163
11650.000000 -79.494904
11700.000000 -81.274811
11750.000000 -80.672989
11800.000000 -80.092743
11850.000000 -81.171059
11900.000000 -82.761063
11950.000000 -82.896896
12000.000000 -83.036766
12050.000000 -82.823204
12100.000000 -83.543861
12150.000000 -82.771996
12200.000000 -84.497185
12250.000000 -84.727081
12300.000000 -85.186684
12350.000000 -85.473099
12400.000000 -86.046623
12450.000000 -85.961960
12500.000000 -87.389549
12550.000000 -85.198730
12600.000000 -85.450729
12650.000000 -86.555771
12700.000000 -85.416046
12750.000000 -86.099960
12800.000000 -86.874481
12850.000000 -87.670250
12900.000000 -88.124191
12950.000000 -85.003212
13000.000000 -85.205971
13050.000000 -85.570709
13100.000000 -86.903801
13150.000000 -85.969864
13200.000000 -87.809151
13250.000000 -86.516396
13300.000000 -87.398865
13350.000000 -87.536644
13400.000000 -85.906845
13450.000000 -86.886185
13500.000000 -86.558594
13550.000000 -87.293884
13600.000000 -87.527184
13650.000000 -87.001160
13700.000000 -85.715370
13750.000000 -88.013458
13800.000000 -89.258980
13850.000000 -88.934166
13900.000000 -88.367340
13950.000000 -88.963875
14000.000000 -85.846878
14050.000000 -87.766914
14100.000000 -88.013458
14150.000000 -87.495705
14200.000000 -88.444084
14250.000000 -88.026802
14300.000000 -87.156853
14350.000000 -88.926758
14400.000000 -89.473267
14450.000000 -90.860329
14500.000000 -92.428238
14550.000000 -89.532639
14600.000000 -89.868698
14650.000000 -92.807793
14700.000000 -95.589073
14750.000000 -91.528625
14800.000000 -88.419594
14850.000000 -88.349991
14900.000000 -88.339600
14950.000000 -92.139320
15000.000000 -91.818268
15050.000000 -90.883499
15100.000000 -91.399643
15150.000000 -86.618019
15200.000000 -89.102615
15250.000000 -87.144775
15300.000000 -88.430077
15350.000000 -89.540588
15400.000000 -87.171974
15450.000000 -88.294708
15500.000000 -87.187119
15550.000000 -88.564034
15600.000000 -86.983368
15650.000000 -87.433105
15700.000000 -89.418221
15750.000000 -87.568260
15800.000000 -87.549278
15850.000000 -89.897644
15900.000000 -88.493271
15950.000000 -88.820023
16000.000000 -89.031097
16050.000000 -93.228981
16100.000000 -92.647156
16150.000000 -94.899353
16200.000000 -95.766342
16250.000000 -95.376343
16300.000000 -92.176933
16350.000000 -90.722603
16400.000000 -93.697250
16450.000000 -92.101868
16500.000000 -88.256905
16550.000000 -93.180489
16600.000000 -92.144684
16650.000000 -90.048058
16700.000000 -89.155693
16750.000000 -91.598877
16800.000000 -94.111099
16850.000000 -89.049858
16900.000000 -90.031212
16950.000000 -91.735985
17000.000000 -88.700089
17050.000000 -93.633339
17100.000000 -89.042343
17150.000000 -88.930466
17200.000000 -89.588432
17250.000000 -88.761650
17300.000000 -89.167107
17350.000000 -87.527184
17400.000000 -89.293686
17450.000000 -93.761642
17500.000000 -89.548538
17550.000000 -87.828712
17600.000000 -88.941582
17650.000000 -89.429985
17700.000000 -89.178543
17750.000000 -91.161659
17800.000000 -87.930496
17850.000000 -89.359619
17900.000000 -92.400566
17950.000000 -88.305046
18000.000000 -89.997627
18050.000000 -88.056908
18100.000000 -89.664703
18150.000000 -87.343124
18200.000000 -87.822189
18250.000000 -90.154060
18300.000000 -92.258087
18350.000000 -91.937927
18400.000000 -89.897644
18450.000000 -91.123421
18500.000000 -87.789635
18550.000000 -89.076195
18600.000000 -90.731720
18650.000000 -90.613968
18700.000000 -89.943329
18750.000000 -86.971527
18800.000000 -90.014404
18850.000000 -88.886108
18900.000000 -88.660484
18950.000000 -92.340004
19000.000000 -90.874222
19050.000000 -93.363739
19100.000000 -93.302246
19150.000000 -89.469322
19200.000000 -91.296852
19250.000000 -92.043343
19300.000000 -89.136696
19350.000000 -91.296852
19400.000000 -93.626968
19450.000000 -91.190453
19500.000000 -93.852592
19550.000000 -90.573578
19600.000000 -92.422699
19650.000000 -91.478790
19700.000000 -91.533623
19750.000000 -92.378494
19800.000000 -90.809578
19850.000000 -90.763695
19900.000000 -90.107262
19950.000000 -88.937874
20000.000000 -91.409500
20050.000000 -90.086067
20100.000000 -88.360397
20150.000000 -91.042709
20200.000000 -87.835243
20250.000000 -89.232086
20300.000000 -91.518631
20350.000000 -89.819305
20400.000000 -88.613914
20450.000000 -89.367416
20500.000000 -90.631981
20550.000000 -86.025383
20600.000000 -87.831978
20650.000000 -88.685669
20700.000000 -88.256905
20750.000000 -86.150940
20800.000000 -88.475670
20850.000000 -86.041313
20900.000000 -85.878113
20950.000000 -87.102638
21000.000000 -86.544510
21050.000000 -88.564034
21100.000000 -87.705551
21150.000000 -87.699120
21200.000000 -87.721657
21250.000000 -66.335876
21300.000000 -60.132885
21350.000000 -56.410141
21400.000000 -54.713104
21450.000000 -54.514988
21500.000000 -55.362785
21550.000000 -57.462395
21600.000000 -57.907112
21650.000000 -57.168552
21700.000000 -55.948437
21750.000000 -54.487267
21800.000000 -53.976154
21850.000000 -53.961330
21900.000000 -53.939598
21950.000000 -53.972645
22000.000000 -53.968937
22050.000000 -55.526970
22100.000000 -57.616333
22150.000000 -61.554779
22200.000000 -65.847649
22250.000000 -61.627853
22300.000000 -58.163116
22350.000000 -55.770386
22400.000000 -53.978340
22450.000000 -53.969799
22500.000000 -53.958950
22550.000000 -53.978870
22600.000000 -53.979401
22650.000000 -53.940521
22700.000000 -53.969467
22750.000000 -53.941051
22800.000000 -53.951019
22850.000000 -53.940128
22900.000000 -53.976620
22950.000000 -54.134182
23000.000000 -55.675774
23050.000000 -57.532429
23100.000000 -59.524593
23150.000000 -61.367233
23200.000000 -60.082027
23250.000000 -58.361897
23300.000000 -56.347164
23350.000000 -54.983196
23400.000000 -53.977280
23450.000000 -53.978870
23500.000000 -53.952274
23550.000000 -53.957165
23600.000000 -53.977348
23650.000000 -53.975559
23700.000000 -53.975559
23750.000000 -54.020718
23800.000000 -53.966160
23850.000000 -54.008476
23900.000000 -54.632858
23950.000000 -55.776573
24000.000000 -56.940815
24050.000000 -58.626675
24100.000000 -59.434093
24150.000000 -59.001369
24200.000000 -57.818100
24250.000000 -56.168419
24300.000000 -55.008377
24350.000000 -54.687325
24400.000000 -54.574680
24450.000000 -54.363857
24500.000000 -54.593792
24550.000000 -54.736279
24600.000000 -54.612518
24650.000000 -54.294590
24700.000000 -54.226280
24750.000000 -55.035351
24800.000000 -54.261665
24850.000000 -55.032131
24900.000000 -55.888870
24950.000000 -56.932526
25000.000000 -57.723866
25050.000000 -58.229557
25100.000000 -58.029522
25150.000000 -57.235008
25200.000000 -56.234661
25250.000000 -55.461018
25300.000000 -54.735195
25350.000000 -53.977348
25400.000000 -53.977413
25450.000000 -53.971916
25500.000000 -53.996052
25550.000000 -53.971054
25600.000000 -53.970722
25650.000000 -53.974895
25700.000000 -54.142281
25750.000000 -54.521477
25800.000000 -55.365582
25850.000000 -56.115715
25900.000000 -56.646259
25950.000000 -57.327568
26000.000000 -57.541611
26050.000000 -57.326588
26100.000000 -56.615772
26150.000000 -56.032051
26200.000000 -55.268261
26250.000000 -54.814209
26300.000000 -54.443741
26350.000000 -54.146469
26400.000000 -53.978405
26450.000000 -53.976551
26500.000000 -53.977280
26550.000000 -53.975624
26600.000000 -54.258656
26650.000000 -54.675182
26700.000000 -55.030338
26750.000000 -55.757362
26800.000000 -56.229080
26850.000000 -56.506054
26900.000000 -56.821880
26950.000000 -56.861221
27000.000000 -56.664383
27050.000000 -56.244030
27100.000000 -55.570080
27150.000000 -55.369934
27200.000000 -55.002186
27250.000000 -54.466141
27300.000000 -54.439548
27350.000000 -54.385494
27400.000000 -54.292938
27450.000000 -54.372242
27500.000000 -54.415962
27550.000000 -54.751984
27600.000000 -55.166851
27650.000000 -55.608845
27700.000000 -55.991188
27750.000000 -56.162109
27800.000000 -56.491970
27850.000000 -56.481003
27900.000000 -56.438419
27950.000000 -56.167225
28000.000000 -55.995197
28050.000000 -55.652603
28100.000000 -55.178558
28150.000000 -55.107189
28200.000000 -54.776936
28250.000000 -54.542664
28300.000000 -54.538631
28350.000000 -54.468033
28400.000000 -54.542236
28450.000000 -54.602474
28500.000000 -55.027424
28550.000000 -55.352531
28600.000000 -55.578041
28650.000000 -56.038601
28700.000000 -56.256512
28750.000000 -56.429714
28800.000000 -56.266422
28850.000000 -56.237068
28900.000000 -55.994530
28950.000000 -55.662331
29000.000000 -55.450649
29050.000000 -55.363483
29100.000000 -55.112095
29150.000000 -54.993767
29200.000000 -54.910824
29250.000000 -54.858463
29300.000000 -54.846516
29350.000000 -54.771275
29400.000000 -54.901020
29450.000000 -55.112095
29500.000000 -55.380753
29550.000000 -55.495510
29600.000000 -55.649952
29650.000000 -56.118088
29700.000000 -56.110123
29750.000000 -56.164413
29800.000000 -56.094131
29850.000000 -56.038097
29900.000000 -55.868504
29950.000000 -55.543617
30000.000000 -55.417431
30050.000000 -55.170803
30100.000000 -55.105679
30150.000000 -55.137802
30200.000000 -55.145073
30250.000000 -55.151592
30300.000000 -55.308636
30350.000000 -55.532753
30400.000000 -55.589520
30450.000000 -55.756302
30500.000000 -55.758011
30550.000000 -56.031296
30600.000000 -55.908047
30650.000000 -56.065861
30700.000000 -56.149765
30750.000000 -55.954674
30800.000000 -55.789135
30850.000000 -55.744766
30900.000000 -55.603649
30950.000000 -55.575890
31000.000000 -55.442566
31050.000000 -55.476200
31100.000000 -55.340740
31150.000000 -55.220657
31200.000000 -55.410084
31250.000000 -55.621567
31300.000000 -55.627731
31350.000000 -55.788399
31400.000000 -55.892094
31450.000000 -56.155296
31500.000000 -56.076313
31550.000000 -56.056259
31600.000000 -56.222214
31650.000000 -55.945446
31700.000000 -56.060467
31750.000000 -55.791748
31800.000000 -55.565861
31850.000000 -55.504982
31900.000000 -55.551395
31950.000000 -55.422436
32000.000000 -55.302456
32050.000000 -55.473049
32100.000000 -55.559818
32150.000000 -55.499142
32200.000000 -55.697956
32250.000000 -55.956505
32300.000000 -55.893578
32350.000000 -56.121227
32400.000000 -56.204128
32450.000000 -56.173195
32500.000000 -56.071255
32550.000000 -55.959167
32600.000000 -55.997040
32650.000000 -55.863972
32700.000000 -55.923782
32750.000000 -55.679642
32800.000000 -55.713398
32850.000000 -55.459209
32900.000000 -55.554890
32950.000000 -55.521431
33000.000000 -55.562759
33050.000000 -55.552349
33100.000000 -55.731621
33150.000000 -55.838982
33200.000000 -56.014191
33250.000000 -56.140835
33300.000000 -56.110630
33350.000000 -56.043644
33400.000000 -55.995533
33450.000000 -55.861835
33500.000000 -55.758743
33550.000000 -55.544491
33600.000000 -55.647381
33650.000000 -55.677063
33700.000000 -55.455048
33750.000000 -55.459766
33800.000000 -55.426899
33850.000000 -55.409065
33900.000000 -55.613483
33950.000000 -55.775517
34000.000000 -55.791912
34050.000000 -55.941044
34100.000000 -55.937637
34150.000000 -55.892754
34200.000000 -55.892586
34250.000000 -55.895397
34300.000000 -55.922787
34350.000000 -55.659435
34400.000000 -55.607964
34450.000000 -55.824139
34500.000000 -55.573105
34550.000000 -55.501511
34600.000000 -55.593349
34650.000000 -55.843334
34700.000000 -55.753132
34750.000000 -55.759556
34800.000000 -55.997707
34850.000000 -55.879711
34900.000000 -55.908211
34950.000000 -56.084839
35000.000000 -56.023579
35050.000000 -56.249538
35100.000000 -55.995449
35150.000000 -55.985924
35200.000000 -56.022655
35250.000000 -55.891598
35300.000000 -55.923866
35350.000000 -55.864880
35400.000000 -55.831924
35450.000000 -55.778286
35500.000000 -55.839310
35550.000000 -55.822254
35600.000000 -56.035072
35650.000000 -55.898869
35700.000000 -55.943787
35750.000000 -56.256771
35800.000000 -56.226849
35850.000000 -56.282391
35900.000000 -56.229595
35950.000000 -56.185230
36000.000000 -56.185570
36050.000000 -56.008080
36100.000000 -56.186256
36150.000000 -56.073616
36200.000000 -55.849659
36250.000000 -55.853115
36300.000000 -55.913261
36350.000000 -55.940292
36400.000000 -55.837257
36450.000000 -56.048351
36500.000000 -55.976665
36550.000000 -56.142620
36600.000000 -56.237671
36650.000000 -56.184547
36700.000000 -56.282822
36750.000000 -56.180019
36800.000000 -56.065773
36850.000000 -56.144749
36900.000000 -56.075386
36950.000000 -55.951595
37000.000000 -55.861012
37050.000000 -55.824303
37100.000000 -55.787010
37150.000000 -55.932243
37200.000000 -55.946857
37250.000000 -56.022575
37300.000000 -55.919472
37350.000000 -56.120293
37400.000000 -56.144833
37450.000000 -56.280315
37500.000000 -56.342300
37550.000000 -56.244976
37600.000000 -56.377068
37650.000000 -56.173450
37700.000000 -56.099457
37750.000000 -56.108685
37800.000000 -56.006573
37850.000000 -55.963829
37900.000000 -55.913509
37950.000000 -55.929008
38000.000000 -55.927597
38050.000000 -55.803513
38100.000000 -55.917484
38150.000000 -55.930004
38200.000000 -55.956253
38250.000000 -55.979584
38300.000000 -56.116646
38350.000000 -56.286797
38400.000000 -56.377502
38450.000000 -56.470757
38500.000000 -56.381523
38550.000000 -56.357002
38600.000000 -56.349602
38650.000000 -56.150021
38700.000000 -56.136589
38750.000000 -56.079014
38800.000000 -56.101742
38850.000000 -56.064930
38900.000000 -55.979248
38950.000000 -55.944447
39000.000000 -55.916904
39050.000000 -56.146702
39100.000000 -56.222729
39150.000000 -56.375496
39200.000000 -56.361275
39250.000000 -56.308346
39300.000000 -56.380039
39350.000000 -56.313976
39400.000000 -56.230282
39450.000000 -56.238873
39500.000000 -56.180363
39550.000000 -55.958252
39600.000000 -55.991608
39650.000000 -56.001888
39700.000000 -55.791744
39750.000000 -55.995701
39800.000000 -55.958004
39850.000000 -55.943699
39900.000000 -55.971329
39950.000000 -55.953758
40000.000000 -55.992275
