0.000000 -58.577141
50.000000 -58.640942
100.000000 -58.813679
150.000000 -58.917778
200.000000 -58.850639
250.000000 -58.632900
300.000000 -58.784935
350.000000 -58.638336
400.000000 -58.593357
450.000000 -58.554443
500.000000 -58.487152
550.000000 -58.642078
600.000000 -58.526882
650.000000 -58.872726
700.000000 -58.835556
750.000000 -58.716415
800.000000 -58.968357
850.000000 -58.867607
900.000000 -58.991455
950.000000 -58.875988
1000.000000 -58.655010
1050.000000 -58.566349
1100.000000 -58.630749
1150.000000 -58.817959
1200.000000 -58.895458
1250.000000 -58.992161
1300.000000 -58.929016
1350.000000 -59.185848
1400.000000 -59.179935
1450.000000 -59.448883
1500.000000 -59.692459
1550.000000 -59.800587
1600.000000 -59.843571
1650.000000 -59.909161
1700.000000 -60.164028
1750.000000 -60.291378
1800.000000 -60.291378
1850.000000 -60.410889
1900.000000 -60.586342
1950.000000 -60.930538
2000.000000 -60.659103
2050.000000 -61.038605
2100.000000 -61.274960
2150.000000 -61.404236
2200.000000 -61.579384
2250.000000 -61.611237
2300.000000 -61.732704
2350.000000 -61.965046
2400.000000 -61.955746
2450.000000 -61.935848
2500.000000 -62.314140
2550.000000 -62.244530
2600.000000 -62.269623
2650.000000 -62.524612
2700.000000 -62.438549
2750.000000 -62.607426
2800.000000 -62.717087
2850.000000 -63.032814
2900.000000 -63.311214
2950.000000 -63.181980
3000.000000 -63.605461
3050.000000 -63.617111
3100.000000 -63.769794
3150.000000 -63.931461
3200.000000 -63.983509
3250.000000 -63.969265
3300.000000 -64.286659
3350.000000 -64.502762
3400.000000 -64.465874
3450.000000 -64.617905
3500.000000 -64.738960
3550.000000 -64.713608
3600.000000 -64.897057
3650.000000 -65.233276
3700.000000 -65.422218
3750.000000 -65.609039
3800.000000 -65.577499
3850.000000 -65.837006
3900.000000 -65.817818
3950.000000 -65.946693
4000.000000 -66.145546
4050.000000 -66.282425
4100.000000 -66.449852
4150.000000 -66.481094
4200.000000 -66.459045
4250.000000 -66.756538
4300.000000 -66.811531
4350.000000 -66.888229
4400.000000 -67.168938
4450.000000 -67.105637
4500.000000 -67.419388
4550.000000 -67.388924
4600.000000 -67.402588
4650.000000 -67.506393
4700.000000 -67.573952
4750.000000 -67.497894
4800.000000 -67.979172
4850.000000 -67.862389
4900.000000 -68.038155
4950.000000 -68.377060
5000.000000 -68.214142
5050.000000 -68.384010
5100.000000 -68.725014
5150.000000 -68.867683
5200.000000 -69.153778
5250.000000 -69.227852
5300.000000 -69.149216
5350.000000 -69.578018
5400.000000 -69.574425
5450.000000 -69.791824
5500.000000 -69.779968
5550.000000 -70.014809
5600.000000 -70.300751
5650.000000 -70.192528
5700.000000 -70.753616
5750.000000 -70.879311
5800.000000 -71.028999
5850.000000 -71.358368
5900.000000 -71.315834
5950.000000 -71.456940
6000.000000 -71.488220
6050.000000 -71.664093
6100.000000 -71.898186
6150.000000 -71.902359
6200.000000 -72.222267
6250.000000 -72.125908
6300.000000 -72.414925
6350.000000 -72.782333
6400.000000 -72.412712
6450.000000 -72.619324
6500.000000 -73.081894
6550.000000 -73.049088
6600.000000 -72.347122
6650.000000 -73.364952
6700.000000 -72.998039
6750.000000 -73.463684
6800.000000 -73.410141
6850.000000 -73.901031
6900.000000 -73.520699
6950.000000 -73.207710
7000.000000 -73.531387
7050.000000 -74.146805
7100.000000 -74.290535
7150.000000 -73.745476
7200.000000 -74.494858
7250.000000 -74.358803
7300.000000 -74.385841
7350.000000 -74.216675
7400.000000 -74.690422
7450.000000 -74.976280
7500.000000 -75.322006
7550.000000 -75.228157
7600.000000 -75.279572
7650.000000 -75.873611
7700.000000 -75.827583
7750.000000 -76.200279
7800.000000 -76.138031
7850.000000 -76.342644
7900.000000 -76.344383
7950.000000 -77.112579
8000.000000 -76.672424
8050.000000 -77.236069
8100.000000 -76.903160
8150.000000 -77.778091
8200.000000 -76.979576
8250.000000 -76.582535
8300.000000 -76.971161
8350.000000 -77.427132
8400.000000 -76.886475
8450.000000 -76.444138
8500.000000 -76.889252
8550.000000 -77.472603
8600.000000 -77.521263
8650.000000 -77.013344
8700.000000 -77.637611
8750.000000 -77.936539
8800.000000 -77.124947
8850.000000 -77.645699
8900.000000 -77.999474
8950.000000 -78.578384
9000.000000 -78.912163
9050.000000 -77.410393
9100.000000 -78.453262
9150.000000 -78.808708
9200.000000 -78.791397
9250.000000 -78.846931
9300.000000 -79.277565
9350.000000 -78.716759
9400.000000 -79.992851
9450.000000 -80.064659
9500.000000 -79.869255
9550.000000 -80.341415
9600.000000 -80.638687
9650.000000 -80.370415
9700.000000 -79.920319
9750.000000 -80.253639
9800.000000 -79.579102
9850.000000 -79.982262
9900.000000 -80.087387
9950.000000 -80.346931
10000.000000 -80.204651
10050.000000 -78.865517
10100.000000 -80.396729
10150.000000 -78.943794
10200.000000 -79.735809
10250.000000 -79.003853
10300.000000 -78.381462
10350.000000 -78.542450
10400.000000 -79.959824
10450.000000 -79.119247
10500.000000 -79.570259
10550.000000 -79.507423
10600.000000 -79.973007
10650.000000 -80.578979
10700.000000 -80.286446
10750.000000 -81.347267
10800.000000 -81.899986
10850.000000 -80.395340
10900.000000 -81.157425
10950.000000 -81.168030
11000.000000 -81.443748
11050.000000 -81.511307
11100.000000 -81.643211
11150.000000 -82.061478
11200.000000 -81.773903
11250.000000 -82.589737
11300.000000 -80.423126
11350.000000 -82.162888
11400.000000 -83.674385
11450.000000 -83.593834
11500.000000 -82.234589
11550.000000 -82.073242
11600.000000 -80.528122
11650.000000 -81.148338
11700.000000 -82.212334
11750.000000 -82.081665
11800.000000 -82.670464
11850.000000 -82.748322
11900.000000 -83.403511
11950.000000 -82.828712
12000.000000 -83.557823
12050.000000 -82.837891
12100.000000 -84.960876
12150.000000 -84.555214
12200.000000 -84.063347
12250.000000 -84.133453
12300.000000 -84.768288
12350.000000 -83.196144
12400.000000 -83.897804
12450.000000 -84.163399
12500.000000 -82.299973
12550.000000 -85.131477
12600.000000 -83.895699
12650.000000 -84.772881
12700.000000 -83.238373
12750.000000 -83.512032
12800.000000 -85.157837
12850.000000 -87.001160
12900.000000 -87.244911
12950.000000 -85.730743
13000.000000 -85.797653
13050.000000 -84.895439
13100.000000 -84.752243
13150.000000 -86.245628
13200.000000 -85.912079
13250.000000 -86.030685
13300.000000 -84.314507
13350.000000 -87.429985
13400.000000 -87.135735
13450.000000 -87.561928
13500.000000 -85.956696
13550.000000 -87.676636
13600.000000 -88.535660
13650.000000 -86.051949
13700.000000 -86.402092
13750.000000 -84.825851
13800.000000 -83.496162
13850.000000 -84.466164
13900.000000 -85.687263
13950.000000 -84.214890
14000.000000 -86.327621
14050.000000 -84.021126
14100.000000 -85.055244
14150.000000 -86.169792
14200.000000 -84.923424
14250.000000 -84.848984
14300.000000 -85.784744
14350.000000 -86.311165
14400.000000 -86.883263
14450.000000 -84.488297
14500.000000 -85.548088
14550.000000 -87.312317
14600.000000 -87.744255
14650.000000 -87.327713
14700.000000 -87.757195
14750.000000 -84.779770
14800.000000 -88.553383
14850.000000 -87.558762
14900.000000 -86.402092
14950.000000 -85.320152
15000.000000 -85.342186
15050.000000 -84.461670
15100.000000 -87.495705
15150.000000 -85.728180
15200.000000 -84.853615
15250.000000 -86.004189
15300.000000 -84.441757
15350.000000 -87.411324
15400.000000 -86.338615
15450.000000 -86.666428
15500.000000 -86.196800
15550.000000 -87.117668
15600.000000 -85.435844
15650.000000 -87.584114
15700.000000 -90.103020
15750.000000 -89.053612
15800.000000 -88.318848
15850.000000 -88.423088
15900.000000 -89.008629
15950.000000 -89.125320
16000.000000 -87.779892
16050.000000 -88.124191
16100.000000 -89.224419
16150.000000 -87.708771
16200.000000 -86.903778
16250.000000 -86.883263
16300.000000 -87.956970
16350.000000 -87.223572
16400.000000 -86.550140
16450.000000 -88.263771
16500.000000 -85.143448
16550.000000 -86.983368
16600.000000 -87.809151
16650.000000 -87.244911
16700.000000 -87.199257
16750.000000 -85.769279
16800.000000 -85.641472
16850.000000 -86.561417
16900.000000 -87.333870
16950.000000 -85.553108
17000.000000 -85.967232
17050.000000 -86.102638
17100.000000 -86.561417
17150.000000 -86.471611
17200.000000 -87.013031
17250.000000 -86.851120
17300.000000 -86.807472
17350.000000 -86.842369
17400.000000 -88.588997
17450.000000 -88.556931
17500.000000 -88.246628
17550.000000 -88.521507
17600.000000 -86.839455
17650.000000 -88.649719
17700.000000 -86.558594
17750.000000 -87.241859
17800.000000 -87.408188
17850.000000 -86.589668
17900.000000 -86.732346
17950.000000 -87.692688
18000.000000 -88.856667
18050.000000 -87.501991
18100.000000 -87.619095
18150.000000 -88.900871
18200.000000 -86.674995
18250.000000 -88.631798
18300.000000 -88.040176
18350.000000 -87.108650
18400.000000 -88.033485
18450.000000 -88.114067
18500.000000 -86.308426
18550.000000 -87.269379
18600.000000 -86.319389
18650.000000 -91.345650
18700.000000 -88.893486
18750.000000 -87.845047
18800.000000 -93.302223
18850.000000 -89.823410
18900.000000 -89.664703
18950.000000 -88.222687
19000.000000 -89.228249
19050.000000 -89.856323
19100.000000 -91.730865
19150.000000 -91.185646
19200.000000 -92.230949
19250.000000 -93.369919
19300.000000 -91.379974
19350.000000 -90.925362
19400.000000 -91.917000
19450.000000 -92.085869
19500.000000 -91.818268
19550.000000 -89.636520
19600.000000 -92.075218
19650.000000 -91.099602
19700.000000 -89.328529
19750.000000 -93.833023
19800.000000 -91.766747
19850.000000 -89.155693
19900.000000 -88.635376
19950.000000 -87.584114
20000.000000 -90.313362
20050.000000 -91.766747
20100.000000 -91.880493
20150.000000 -91.282265
20200.000000 -92.807793
20250.000000 -90.962738
20300.000000 -89.336296
20350.000000 -89.091278
20400.000000 -88.070328
20450.000000 -87.744255
20500.000000 -89.823410
20550.000000 -91.195259
20600.000000 -90.749977
20650.000000 -89.001152
20700.000000 -90.533379
20750.000000 -87.458092
20800.000000 -90.141273
20850.000000 -90.786606
20900.000000 -90.471207
20950.000000 -91.330986
21000.000000 -93.557251
21050.000000 -95.701462
21100.000000 -90.869591
21150.000000 -66.720032
21200.000000 -60.351067
21250.000000 -57.311695
21300.000000 -54.853985
21350.000000 -54.216808
21400.000000 -54.875412
21450.000000 -53.972977
21500.000000 -53.971252
21550.000000 -53.975163
21600.000000 -54.544712
21650.000000 -55.949688
21700.000000 -58.561966
21750.000000 -62.621933
21800.000000 -70.143814
21850.000000 -62.718540
21900.000000 -59.080177
21950.000000 -56.657253
22000.000000 -55.118362
22050.000000 -54.293011
22100.000000 -53.975292
22150.000000 -53.976353
22200.000000 -54.040848
22250.000000 -54.777302
22300.000000 -56.191811
22350.000000 -57.885891
22400.000000 -61.169083
22450.000000 -65.262619
22500.000000 -64.018387
22550.000000 -60.748497
22600.000000 -57.746544
22650.000000 -56.208069
22700.000000 -55.351833
22750.000000 -54.690201
22800.000000 -54.674252
22850.000000 -54.976654
22900.000000 -55.550446
22950.000000 -56.202419
23000.000000 -58.062016
23050.000000 -60.333420
23100.000000 -62.971207
23150.000000 -64.261330
23200.000000 -61.485630
23250.000000 -59.083275
23300.000000 -57.379845
23350.000000 -56.130981
23400.000000 -55.536480
23450.000000 -55.400478
23500.000000 -55.054752
23550.000000 -55.801956
23600.000000 -56.436131
23650.000000 -57.326294
23700.000000 -59.340229
23750.000000 -61.213169
23800.000000 -62.940102
23850.000000 -61.240032
23900.000000 -59.637497
23950.000000 -58.253368
24000.000000 -56.719715
24050.000000 -56.215012
24100.000000 -56.013603
24150.000000 -55.792480
24200.000000 -56.092865
24250.000000 -56.480652
24300.000000 -57.460304
24350.000000 -58.920120
24400.000000 -60.382450
24450.000000 -61.853100
24500.000000 -61.767559
24550.000000 -59.991127
24600.000000 -58.936165
24650.000000 -57.693020
24700.000000 -56.821609
24750.000000 -56.505432
24800.000000 -56.323780
24850.000000 -56.308517
24900.000000 -56.693317
24950.000000 -57.707668
25000.000000 -58.653305
25050.000000 -59.731693
25100.000000 -60.994354
25150.000000 -61.580181
25200.000000 -60.592442
25250.000000 -59.175236
25300.000000 -58.137306
25350.000000 -57.144573
25400.000000 -56.959099
25450.000000 -56.625023
25500.000000 -56.764526
25550.000000 -57.025002
25600.000000 -57.758713
25650.000000 -58.440617
25700.000000 -59.512928
25750.000000 -60.424656
25800.000000 -60.851532
25850.000000 -60.282337
25900.000000 -59.158497
25950.000000 -58.494057
26000.000000 -57.902321
26050.000000 -57.391323
26100.000000 -57.094250
26150.000000 -57.182339
26200.000000 -57.171326
26250.000000 -57.680733
26300.000000 -58.164402
26350.000000 -58.987797
26400.000000 -59.928200
26450.000000 -60.274811
26500.000000 -60.382725
26550.000000 -59.595272
26600.000000 -58.935577
26650.000000 -58.371670
26700.000000 -57.730396
26750.000000 -57.578739
26800.000000 -57.297218
26850.000000 -57.228264
26900.000000 -57.720604
26950.000000 -57.959980
27000.000000 -58.608250
27050.000000 -59.098076
27100.000000 -60.025753
27150.000000 -59.995758
27200.000000 -59.793468
27250.000000 -59.168003
27300.000000 -58.745502
27350.000000 -58.215950
27400.000000 -57.809650
27450.000000 -57.692719
27500.000000 -57.798122
27550.000000 -57.742855
27600.000000 -58.430992
27650.000000 -58.849941
27700.000000 -58.926907
27750.000000 -59.526974
27800.000000 -59.612110
27850.000000 -59.401623
27900.000000 -59.014023
27950.000000 -58.798203
28000.000000 -58.510899
28050.000000 -58.026459
28100.000000 -57.792156
28150.000000 -58.064026
28200.000000 -58.113483
28250.000000 -58.160652
28300.000000 -58.716869
28350.000000 -59.137589
28400.000000 -59.230854
28450.000000 -59.473301
28500.000000 -59.149357
28550.000000 -59.168968
28600.000000 -58.793354
28650.000000 -58.638336
28700.000000 -58.206455
28750.000000 -58.199451
28800.000000 -58.152824
28850.000000 -57.979382
28900.000000 -58.292591
28950.000000 -58.460247
29000.000000 -58.885891
29050.000000 -58.994167
29100.000000 -59.258678
29150.000000 -59.387280
29200.000000 -59.210499
29250.000000 -59.059219
29300.000000 -58.901527
29350.000000 -58.612766
29400.000000 -58.215839
29450.000000 -58.304577
29500.000000 -58.345558
29550.000000 -58.334503
29600.000000 -58.627350
29650.000000 -58.564548
29700.000000 -59.020058
29750.000000 -59.070404
29800.000000 -59.276340
29850.000000 -59.244335
29900.000000 -58.907017
29950.000000 -58.742535
30000.000000 -58.334831
30050.000000 -58.429661
30100.000000 -58.164402
30150.000000 -58.267906
30200.000000 -58.427120
30250.000000 -58.541885
30300.000000 -58.779751
30350.000000 -58.951542
30400.000000 -59.149117
30450.000000 -59.271099
30500.000000 -59.185242
30550.000000 -59.065525
30600.000000 -58.822701
30650.000000 -58.755489
30700.000000 -58.575230
30750.000000 -58.440510
30800.000000 -58.446270
30850.000000 -58.440174
30900.000000 -58.403263
30950.000000 -58.725567
31000.000000 -58.750778
31050.000000 -58.863186
31100.000000 -58.880997
31150.000000 -59.087685
31200.000000 -58.915321
31250.000000 -58.851337
31300.000000 -58.599335
31350.000000 -58.307411
31400.000000 -58.096222
31450.000000 -58.224697
31500.000000 -58.244488
31550.000000 -58.303375
31600.000000 -58.448376
31650.000000 -58.721333
31700.000000 -58.900127
31750.000000 -59.023018
31800.000000 -59.049114
31850.000000 -59.161140
31900.000000 -59.007401
31950.000000 -58.903046
32000.000000 -58.823048
32050.000000 -58.698711
32100.000000 -58.658073
32150.000000 -58.341179
32200.000000 -58.547489
32250.000000 -58.492722
32300.000000 -58.551865
32350.000000 -58.921169
32400.000000 -58.983433
32450.000000 -59.166920
32500.000000 -59.148277
32550.000000 -59.203724
32600.000000 -58.991455
32650.000000 -58.851681
32700.000000 -58.513916
32750.000000 -58.440289
32800.000000 -58.497292
32850.000000 -58.224152
32900.000000 -58.304142
32950.000000 -58.378159
33000.000000 -58.688221
33050.000000 -58.958241
33100.000000 -58.955536
33150.000000 -59.057198
33200.000000 -59.083275
33250.000000 -58.956474
33300.000000 -58.926090
33350.000000 -58.674786
33400.000000 -58.777451
33450.000000 -58.615364
33500.000000 -58.543453
33550.000000 -58.584347
33600.000000 -58.541660
33650.000000 -58.878315
33700.000000 -59.017338
33750.000000 -58.782059
33800.000000 -59.036770
33850.000000 -58.645477
33900.000000 -58.631992
33950.000000 -58.521179
34000.000000 -58.611862
34050.000000 -58.751583
34100.000000 -58.584682
34150.000000 -58.519836
34200.000000 -58.788395
34250.000000 -58.740685
34300.000000 -58.750668
34350.000000 -58.781483
34400.000000 -58.841934
34450.000000 -58.838226
34500.000000 -58.785172
34550.000000 -58.806282
34600.000000 -58.884373
34650.000000 -58.615704
34700.000000 -58.558933
34750.000000 -58.594707
34800.000000 -58.346985
34850.000000 -58.475357
34900.000000 -58.624748
34950.000000 -58.674213
35000.000000 -58.581757
35050.000000 -58.745850
35100.000000 -58.730831
35150.000000 -58.722935
35200.000000 -58.705330
35250.000000 -58.843327
35300.000000 -58.648880
35350.000000 -58.742977
35400.000000 -58.794968
35450.000000 -58.704533
35500.000000 -58.482033
35550.000000 -58.746189
35600.000000 -58.623055
35650.000000 -58.662277
35700.000000 -58.875172
35750.000000 -58.648540
35800.000000 -58.950836
35850.000000 -58.813797
35900.000000 -58.632446
35950.000000 -58.541328
36000.000000 -58.496395
36050.000000 -58.341728
36100.000000 -58.568592
36150.000000 -58.556576
36200.000000 -58.727398
36250.000000 -58.703503
36300.000000 -58.587948
36350.000000 -58.918358
36400.000000 -58.906319
36450.000000 -58.776070
36500.000000 -58.749634
36550.000000 -58.796352
36600.000000 -58.816570
36650.000000 -58.668415
36700.000000 -58.623394
36750.000000 -58.686966
36800.000000 -58.733009
36850.000000 -58.716869
36900.000000 -58.534607
36950.000000 -58.693695
37000.000000 -58.625656
37050.000000 -58.781136
37100.000000 -58.670574
37150.000000 -58.620228
37200.000000 -58.662277
37250.000000 -58.634258
37300.000000 -58.791855
37350.000000 -58.747566
37400.000000 -58.818539
37450.000000 -58.683208
37500.000000 -58.811253
37550.000000 -58.723392
37600.000000 -58.626789
37650.000000 -58.522518
37700.000000 -58.486370
37750.000000 -58.714699
37800.000000 -58.619999
37850.000000 -58.621132
37900.000000 -58.678539
37950.000000 -58.656372
38000.000000 -58.704990
38050.000000 -58.687080
38100.000000 -58.646614
38150.000000 -58.740341
38200.000000 -58.708874
38250.000000 -58.740227
38300.000000 -58.728771
38350.000000 -58.845760
38400.000000 -58.689930
38450.000000 -58.830688
38500.000000 -58.636639
38550.000000 -58.593357
38600.000000 -58.674786
38650.000000 -58.689247
38700.000000 -58.666595
38750.000000 -58.734268
38800.000000 -58.790817
38850.000000 -58.816105
38900.000000 -58.855400
38950.000000 -58.772274
39000.000000 -58.702477
39050.000000 -58.648880
39100.000000 -58.598995
39150.000000 -58.606892
39200.000000 -58.526546
39250.000000 -58.492832
39300.000000 -58.509785
39350.000000 -58.534492
39400.000000 -58.740570
39450.000000 -58.690044
39500.000000 -58.804897
39550.000000 -58.556915
39600.000000 -58.783783
39650.000000 -58.611862
39700.000000 -58.522518
39750.000000 -58.569607
39800.000000 -58.532589
39850.000000 -58.426788
39900.000000 -58.439953
39950.000000 -58.625088
40000.000000 -58.638790
