0.000000 -57.533428
50.000000 -57.733253
100.000000 -57.569817
150.000000 -57.818718
200.000000 -57.857777
250.000000 -57.855499
300.000000 -57.858604
350.000000 -57.961025
400.000000 -58.005047
450.000000 -57.934547
500.000000 -57.926399
550.000000 -57.967735
600.000000 -57.945633
650.000000 -57.703697
700.000000 -57.802441
750.000000 -57.875507
800.000000 -57.891296
850.000000 -57.777985
900.000000 -57.822945
950.000000 -57.963959
1000.000000 -57.898678
1050.000000 -57.885265
1100.000000 -57.885681
1150.000000 -57.945633
1200.000000 -58.238640
1250.000000 -58.289539
1300.000000 -58.433311
1350.000000 -58.521736
1400.000000 -58.648201
1450.000000 -58.930542
1500.000000 -58.963886
1550.000000 -59.119846
1600.000000 -59.320107
1650.000000 -59.450375
1700.000000 -59.484531
1750.000000 -59.507793
1800.000000 -59.857380
1850.000000 -59.967857
1900.000000 -60.074806
1950.000000 -60.365566
2000.000000 -60.361420
2050.000000 -60.537422
2100.000000 -60.628132
2150.000000 -60.743298
2200.000000 -60.873196
2250.000000 -61.150757
2300.000000 -61.226437
2350.000000 -61.197788
2400.000000 -61.614906
2450.000000 -61.668705
2500.000000 -61.954918
2550.000000 -62.018391
2600.000000 -62.248306
2650.000000 -62.169174
2700.000000 -62.378563
2750.000000 -62.577057
2800.000000 -62.622288
2850.000000 -62.703327
2900.000000 -62.625694
2950.000000 -63.009354
3000.000000 -63.043530
3050.000000 -62.967102
3100.000000 -63.347187
3150.000000 -63.843956
3200.000000 -63.590420
3250.000000 -63.801971
3300.000000 -63.923962
3350.000000 -63.908981
3400.000000 -63.987076
3450.000000 -64.054031
3500.000000 -64.169136
3550.000000 -64.679924
3600.000000 -64.713608
3650.000000 -64.978958
3700.000000 -64.998260
3750.000000 -65.360092
3800.000000 -65.388634
3850.000000 -65.209343
3900.000000 -65.769531
3950.000000 -65.755379
4000.000000 -65.835709
4050.000000 -66.173828
4100.000000 -66.015564
4150.000000 -66.193550
4200.000000 -66.579483
4250.000000 -66.490608
4300.000000 -66.657570
4350.000000 -66.881493
4400.000000 -66.984245
4450.000000 -67.059204
4500.000000 -66.883545
4550.000000 -67.439026
4600.000000 -67.312614
4650.000000 -67.559700
4700.000000 -67.517715
4750.000000 -67.499153
4800.000000 -67.844383
4850.000000 -67.876160
4900.000000 -67.854530
4950.000000 -68.214821
5000.000000 -68.371147
5050.000000 -68.543091
5100.000000 -68.682777
5150.000000 -68.911201
5200.000000 -68.695747
5250.000000 -68.695747
5300.000000 -69.227081
5350.000000 -68.947884
5400.000000 -69.531433
5450.000000 -69.789375
5500.000000 -69.767311
5550.000000 -69.467735
5600.000000 -70.394104
5650.000000 -70.285149
5700.000000 -70.620255
5750.000000 -70.690765
5800.000000 -70.817848
5850.000000 -70.915558
5900.000000 -70.874672
5950.000000 -71.498177
6000.000000 -71.446533
6050.000000 -71.199097
6100.000000 -71.868515
6150.000000 -72.030075
6200.000000 -72.324081
6250.000000 -72.496666
6300.000000 -72.646568
6350.000000 -72.568474
6400.000000 -72.394470
6450.000000 -72.501701
6500.000000 -72.525208
6550.000000 -72.855392
6600.000000 -73.232605
6650.000000 -73.293015
6700.000000 -73.098045
6750.000000 -73.439362
6800.000000 -73.725502
6850.000000 -73.859756
6900.000000 -74.693298
6950.000000 -74.611664
7000.000000 -74.679642
7050.000000 -74.618797
7100.000000 -74.501190
7150.000000 -75.207520
7200.000000 -74.552002
7250.000000 -75.184654
7300.000000 -75.332840
7350.000000 -75.214394
7400.000000 -75.374763
7450.000000 -75.098289
7500.000000 -75.625809
7550.000000 -75.429405
7600.000000 -75.578682
7650.000000 -76.122757
7700.000000 -76.204559
7750.000000 -76.420410
7800.000000 -76.895737
7850.000000 -77.195671
7900.000000 -76.639954
7950.000000 -77.217773
8000.000000 -76.348732
8050.000000 -77.170753
8100.000000 -76.346123
8150.000000 -77.623489
8200.000000 -78.058624
8250.000000 -78.003685
8300.000000 -77.318413
8350.000000 -77.317436
8400.000000 -77.552208
8450.000000 -78.870171
8500.000000 -78.456589
8550.000000 -79.407814
8600.000000 -79.390495
8650.000000 -79.986237
8700.000000 -80.320763
8750.000000 -80.364883
8800.000000 -79.567741
8850.000000 -81.022194
8900.000000 -79.571526
8950.000000 -80.227745
9000.000000 -80.546501
9050.000000 -80.453796
9100.000000 -80.967209
9150.000000 -81.022194
9200.000000 -80.442635
9250.000000 -81.468819
9300.000000 -80.889038
9350.000000 -81.290176
9400.000000 -81.285561
9450.000000 -81.500267
9500.000000 -81.769028
9550.000000 -81.209061
9600.000000 -80.695930
9650.000000 -82.522141
9700.000000 -82.046364
9750.000000 -80.018051
9800.000000 -83.083893
9850.000000 -82.100212
9900.000000 -82.713837
9950.000000 -82.525681
10000.000000 -82.381531
10050.000000 -81.976196
10100.000000 -81.977859
10150.000000 -83.656326
10200.000000 -82.913559
10250.000000 -82.231155
10300.000000 -82.043007
10350.000000 -83.958183
10400.000000 -83.290482
10450.000000 -84.127052
10500.000000 -84.683792
10550.000000 -83.843964
10600.000000 -84.152672
10650.000000 -85.015015
10700.000000 -84.415276
10750.000000 -84.916412
10800.000000 -83.743454
10850.000000 -82.670464
10900.000000 -83.496162
10950.000000 -83.144600
11000.000000 -84.059113
11050.000000 -84.770584
11100.000000 -86.292000
11150.000000 -86.629387
11200.000000 -85.831306
11250.000000 -85.925179
11300.000000 -85.563164
11350.000000 -85.475586
11400.000000 -83.563812
11450.000000 -85.057617
11500.000000 -85.919937
11550.000000 -85.904228
11600.000000 -87.199257
11650.000000 -84.860573
11700.000000 -86.755394
11750.000000 -85.391357
11800.000000 -84.752243
11850.000000 -86.801674
11900.000000 -85.611076
11950.000000 -84.593361
12000.000000 -84.740799
12050.000000 -86.341370
12100.000000 -85.867691
12150.000000 -85.493034
12200.000000 -87.660614
12250.000000 -85.885941
12300.000000 -85.878113
12350.000000 -86.213051
12400.000000 -86.132126
12450.000000 -85.909462
12500.000000 -85.738434
12550.000000 -86.953804
12600.000000 -86.845284
12650.000000 -84.342865
12700.000000 -87.436226
12750.000000 -87.689476
12800.000000 -87.593643
12850.000000 -87.220528
12900.000000 -88.732628
12950.000000 -87.667023
13000.000000 -88.066971
13050.000000 -87.389549
13100.000000 -87.039818
13150.000000 -88.834648
13200.000000 -87.845047
13250.000000 -87.802643
13300.000000 -88.305046
13350.000000 -88.567589
13400.000000 -88.253479
13450.000000 -89.216751
13500.000000 -87.750725
13550.000000 -87.635040
13600.000000 -87.333870
13650.000000 -87.835243
13700.000000 -89.212921
13750.000000 -89.398643
13800.000000 -88.798073
13850.000000 -89.465385
13900.000000 -88.897171
13950.000000 -87.226624
14000.000000 -87.539810
14050.000000 -88.391685
14100.000000 -89.375214
14150.000000 -89.930847
14200.000000 -88.567589
14250.000000 -91.756477
14300.000000 -91.813103
14350.000000 -90.497803
14400.000000 -92.285301
14450.000000 -92.312607
14500.000000 -88.703697
14550.000000 -87.275490
14600.000000 -90.145531
14650.000000 -93.096298
14700.000000 -87.711990
14750.000000 -89.019852
14800.000000 -87.815666
14850.000000 -85.508011
14900.000000 -86.020081
14950.000000 -85.244675
15000.000000 -86.213051
15050.000000 -86.909645
15100.000000 -86.159012
15150.000000 -86.150940
15200.000000 -86.845284
15250.000000 -86.921402
15300.000000 -88.006790
15350.000000 -89.034843
15400.000000 -88.040176
15450.000000 -90.686241
15500.000000 -88.671272
15550.000000 -89.144287
15600.000000 -87.927193
15650.000000 -88.779846
15700.000000 -90.081833
15750.000000 -86.245628
15800.000000 -87.555603
15850.000000 -86.686440
15900.000000 -87.796135
15950.000000 -85.043388
16000.000000 -86.415947
16050.000000 -85.468124
16100.000000 -85.585823
16150.000000 -84.754532
16200.000000 -85.595917
16250.000000 -86.883263
16300.000000 -87.956970
16350.000000 -87.223572
16400.000000 -86.550140
16450.000000 -88.263771
16500.000000 -85.143448
16550.000000 -86.983368
16600.000000 -87.809151
16650.000000 -87.244911
16700.000000 -87.199257
16750.000000 -85.769279
16800.000000 -85.641472
16850.000000 -86.561417
16900.000000 -87.333870
16950.000000 -85.553108
17000.000000 -85.967232
17050.000000 -86.102638
17100.000000 -86.561417
17150.000000 -86.471611
17200.000000 -87.013031
17250.000000 -86.851120
17300.000000 -86.807472
17350.000000 -86.842369
17400.000000 -88.588997
17450.000000 -88.556931
17500.000000 -93.544640
17550.000000 -91.142517
17600.000000 -88.209038
17650.000000 -90.039627
17700.000000 -87.211403
17750.000000 -88.539200
17800.000000 -88.181793
17850.000000 -86.319389
17900.000000 -87.947021
17950.000000 -88.070328
18000.000000 -87.175003
18050.000000 -88.097221
18100.000000 -88.703697
18150.000000 -88.339600
18200.000000 -89.636520
18250.000000 -88.937874
18300.000000 -89.344063
18350.000000 -89.336296
18400.000000 -91.104362
18450.000000 -87.436226
18500.000000 -87.340042
18550.000000 -91.953659
18600.000000 -90.356918
18650.000000 -91.185646
18700.000000 -90.119995
18750.000000 -90.090302
18800.000000 -88.514442
18850.000000 -88.542747
18900.000000 -88.596069
18950.000000 -88.336136
19000.000000 -92.675621
19050.000000 -90.944031
19100.000000 -91.797623
19150.000000 -95.988968
19200.000000 -91.508652
19250.000000 -91.583771
19300.000000 -89.576431
19350.000000 -93.339081
19400.000000 -90.551224
19450.000000 -91.679878
19500.000000 -93.138275
19550.000000 -91.419365
19600.000000 -91.118652
19650.000000 -93.538338
19700.000000 -90.295998
19750.000000 -93.314491
19800.000000 -93.180489
19850.000000 -92.953781
19900.000000 -96.320953
19950.000000 -90.001823
20000.000000 -89.989250
20050.000000 -88.532120
20100.000000 -88.507378
20150.000000 -90.718048
20200.000000 -87.175003
20250.000000 -89.155693
20300.000000 -88.363869
20350.000000 -89.285965
20400.000000 -91.746223
20450.000000 -91.099602
20500.000000 -89.624466
20550.000000 -90.939362
20600.000000 -90.939362
20650.000000 -90.631981
20700.000000 -91.751350
20750.000000 -91.598877
20800.000000 -90.201118
20850.000000 -92.534203
20900.000000 -88.700089
20950.000000 -87.520874
21000.000000 -85.210800
21050.000000 -85.535545
21100.000000 -85.896385
21150.000000 -87.025002
21200.000000 -66.455437
21250.000000 -59.413166
21300.000000 -55.714127
21350.000000 -54.365173
21400.000000 -54.381466
21450.000000 -55.130760
21500.000000 -56.930756
21550.000000 -55.463768
21600.000000 -54.261669
21650.000000 -53.979004
21700.000000 -53.959213
21750.000000 -53.975163
21800.000000 -54.103073
21850.000000 -55.965748
21900.000000 -59.535389
21950.000000 -64.785973
22000.000000 -64.366058
22050.000000 -59.602104
22100.000000 -56.258148
22150.000000 -54.722553
22200.000000 -53.973309
22250.000000 -53.979401
22300.000000 -53.953728
22350.000000 -53.928062
22400.000000 -53.944748
22450.000000 -53.979401
22500.000000 -53.970329
22550.000000 -54.195583
22600.000000 -55.443981
22650.000000 -57.024437
22700.000000 -60.244221
22750.000000 -64.042206
22800.000000 -62.104595
22850.000000 -58.941914
22900.000000 -56.222641
22950.000000 -54.840000
23000.000000 -54.340683
23050.000000 -54.431168
23100.000000 -54.297955
23150.000000 -54.701862
23200.000000 -54.603470
23250.000000 -54.432774
23300.000000 -54.241634
23350.000000 -55.101456
23400.000000 -56.573593
23450.000000 -58.251095
23500.000000 -60.847897
23550.000000 -61.857861
23600.000000 -60.087784
23650.000000 -57.720909
23700.000000 -55.942371
23750.000000 -55.102135
23800.000000 -53.979069
23850.000000 -53.974434
23900.000000 -53.979401
23950.000000 -53.979401
24000.000000 -53.978672
24050.000000 -53.979202
24100.000000 -54.625572
24150.000000 -55.935314
24200.000000 -56.992313
24250.000000 -58.748829
24300.000000 -60.234276
24350.000000 -60.053444
24400.000000 -58.412312
24450.000000 -56.999256
24500.000000 -55.941872
24550.000000 -54.880852
24600.000000 -54.054676
24650.000000 -53.992664
24700.000000 -53.976883
24750.000000 -53.978077
24800.000000 -54.396545
24850.000000 -54.868656
24900.000000 -55.836849
24950.000000 -56.681553
25000.000000 -57.913780
25050.000000 -59.307491
25100.000000 -59.600586
25150.000000 -58.938862
25200.000000 -57.593597
25250.000000 -56.435341
25300.000000 -55.923866
25350.000000 -54.831882
25400.000000 -54.540405
25450.000000 -54.363857
25500.000000 -54.474766
25550.000000 -54.649448
25600.000000 -54.980892
25650.000000 -55.573502
25700.000000 -56.519360
25750.000000 -57.547405
25800.000000 -58.139977
25850.000000 -58.973652
25900.000000 -58.494503
25950.000000 -57.885471
26000.000000 -56.752300
26050.000000 -56.156235
26100.000000 -55.628372
26150.000000 -55.086761
26200.000000 -54.921162
26250.000000 -54.804291
26300.000000 -55.012630
26350.000000 -55.215000
26400.000000 -55.719631
26450.000000 -56.347511
26500.000000 -57.253151
26550.000000 -57.872910
26600.000000 -58.230961
26650.000000 -58.234207
26700.000000 -57.795139
26750.000000 -57.181477
26800.000000 -56.557617
26850.000000 -55.971493
26900.000000 -55.566498
26950.000000 -55.397434
27000.000000 -55.323627
27050.000000 -55.262497
27100.000000 -55.464241
27150.000000 -55.838242
27200.000000 -56.474552
27250.000000 -57.087612
27300.000000 -57.743572
27350.000000 -57.956203
27400.000000 -58.118286
27450.000000 -57.822254
27500.000000 -57.263878
27550.000000 -56.855038
27600.000000 -56.319618
27650.000000 -55.994949
27700.000000 -55.639599
27750.000000 -55.650597
27800.000000 -55.630455
27850.000000 -55.606049
27900.000000 -56.279366
27950.000000 -56.456909
28000.000000 -56.675766
28050.000000 -57.514587
28100.000000 -57.675560
28150.000000 -57.864098
28200.000000 -57.601650
28250.000000 -57.124283
28300.000000 -56.751842
28350.000000 -56.246956
28400.000000 -56.007744
28450.000000 -55.685768
28500.000000 -55.591354
28550.000000 -55.656380
28600.000000 -56.068134
28650.000000 -56.105888
28700.000000 -56.589600
28750.000000 -56.967697
28800.000000 -57.238091
28850.000000 -57.416584
28900.000000 -57.696579
28950.000000 -57.397903
29000.000000 -56.980980
29050.000000 -56.880360
29100.000000 -56.629520
29150.000000 -56.186428
29200.000000 -56.030960
29250.000000 -56.177544
29300.000000 -56.170551
29350.000000 -56.430592
29400.000000 -56.467228
29450.000000 -56.587273
29500.000000 -57.067638
29550.000000 -57.319672
29600.000000 -57.362911
29650.000000 -57.355377
29700.000000 -57.454269
29750.000000 -57.367798
29800.000000 -57.066975
29850.000000 -56.586021
29900.000000 -56.618557
29950.000000 -56.441498
30000.000000 -56.433846
30050.000000 -56.494801
30100.000000 -56.669079
30150.000000 -56.531620
30200.000000 -56.951164
30250.000000 -57.126751
30300.000000 -57.400162
30350.000000 -57.504539
30400.000000 -57.291294
30450.000000 -57.300323
30500.000000 -57.195572
30550.000000 -57.025471
30600.000000 -56.744370
30650.000000 -56.697304
30700.000000 -56.596851
30750.000000 -56.426025
30800.000000 -56.491528
30850.000000 -56.481800
30900.000000 -56.802967
30950.000000 -57.138279
31000.000000 -57.285378
31050.000000 -57.539516
31100.000000 -57.498974
31150.000000 -57.640034
31200.000000 -57.310818
31250.000000 -57.153927
31300.000000 -56.896015
31350.000000 -56.849781
31400.000000 -56.696125
31450.000000 -56.570202
31500.000000 -56.841946
31550.000000 -56.846462
31600.000000 -57.043182
31650.000000 -57.236065
31700.000000 -57.204502
31750.000000 -57.433041
31800.000000 -57.419933
31850.000000 -57.453281
31900.000000 -57.350880
31950.000000 -57.144001
32000.000000 -57.158512
32050.000000 -57.020485
32100.000000 -57.006390
32150.000000 -56.808746
32200.000000 -56.897308
32250.000000 -56.920986
32300.000000 -57.004700
32350.000000 -57.119614
32400.000000 -57.206615
32450.000000 -57.498676
32500.000000 -57.452686
32550.000000 -57.373772
32600.000000 -57.466637
32650.000000 -57.272106
32700.000000 -57.136753
32750.000000 -56.928802
32800.000000 -56.967880
32850.000000 -56.779335
32900.000000 -56.778053
32950.000000 -56.932152
33000.000000 -56.747925
33050.000000 -56.996628
33100.000000 -57.140854
33150.000000 -57.167690
33200.000000 -57.366817
33250.000000 -57.536224
33300.000000 -57.417767
33350.000000 -57.289356
33400.000000 -57.355766
33450.000000 -57.178314
33500.000000 -57.138565
33550.000000 -57.227879
33600.000000 -57.170654
33650.000000 -57.178986
33700.000000 -57.196533
33750.000000 -57.221039
33800.000000 -57.428207
33850.000000 -57.500263
33900.000000 -57.503048
33950.000000 -57.567314
34000.000000 -57.430691
34050.000000 -57.421215
34100.000000 -57.436195
34150.000000 -57.219021
34200.000000 -57.253536
34250.000000 -57.106876
34300.000000 -57.094727
34350.000000 -57.127987
34400.000000 -57.071232
34450.000000 -57.135704
34500.000000 -57.320061
34550.000000 -57.376808
34600.000000 -57.374653
34650.000000 -57.308971
34700.000000 -57.469608
34750.000000 -57.227779
34800.000000 -57.556904
34850.000000 -57.577038
34900.000000 -57.467724
34950.000000 -57.509216
35000.000000 -57.406845
35050.000000 -57.286736
35100.000000 -57.489536
35150.000000 -57.428108
35200.000000 -57.421013
35250.000000 -57.313152
35300.000000 -57.357231
35350.000000 -57.235973
35400.000000 -57.476643
35450.000000 -57.422592
35500.000000 -57.498974
35550.000000 -57.515385
35600.000000 -57.546806
35650.000000 -57.408417
35700.000000 -57.339554
35750.000000 -57.383965
35800.000000 -57.127892
35850.000000 -57.160042
35900.000000 -57.257401
35950.000000 -57.484772
36000.000000 -57.332047
36050.000000 -57.627216
36100.000000 -57.446957
36150.000000 -57.397903
36200.000000 -57.596611
36250.000000 -57.476246
36300.000000 -57.507126
36350.000000 -57.427422
36400.000000 -57.477932
36450.000000 -57.336727
36500.000000 -57.406059
36550.000000 -57.413731
36600.000000 -57.269009
36650.000000 -57.503445
36700.000000 -57.592491
36750.000000 -57.402912
36800.000000 -57.471985
36850.000000 -57.379944
36900.000000 -57.337799
36950.000000 -57.319965
37000.000000 -57.322010
37050.000000 -57.338676
37100.000000 -57.284508
37150.000000 -57.358307
37200.000000 -57.587872
37250.000000 -57.388771
37300.000000 -57.384945
37350.000000 -57.494999
37400.000000 -57.333313
37450.000000 -57.477337
37500.000000 -57.501358
37550.000000 -57.482296
37600.000000 -57.486263
37650.000000 -57.284988
37700.000000 -57.437973
37750.000000 -57.600430
37800.000000 -57.486462
37850.000000 -57.579445
37900.000000 -57.639328
37950.000000 -57.594501
38000.000000 -57.649128
38050.000000 -57.740814
38100.000000 -57.448437
38150.000000 -57.726212
38200.000000 -57.786095
38250.000000 -57.796062
38300.000000 -57.715611
38350.000000 -57.680832
38400.000000 -57.734886
38450.000000 -57.885578
38500.000000 -57.679008
38550.000000 -57.502949
38600.000000 -57.359188
38650.000000 -57.558002
38700.000000 -57.577637
38750.000000 -57.724888
38800.000000 -57.749401
38850.000000 -57.696983
38900.000000 -57.910339
38950.000000 -57.880905
39000.000000 -57.871254
39050.000000 -57.601234
39100.000000 -57.592190
39150.000000 -57.590984
39200.000000 -57.681343
39250.000000 -57.494305
39300.000000 -57.528240
39350.000000 -57.494999
39400.000000 -57.214691
39450.000000 -57.460896
39500.000000 -57.514191
39550.000000 -57.579845
39600.000000 -57.309067
39650.000000 -57.570118
39700.000000 -57.719074
39750.000000 -57.801826
39800.000000 -57.619152
39850.000000 -57.646198
39900.000000 -57.539715
39950.000000 -57.823048
40000.000000 -57.531132
