0.000000 -56.121140
50.000000 -56.131409
100.000000 -56.364674
150.000000 -56.199509
200.000000 -56.297089
250.000000 -56.283772
300.000000 -56.019722
350.000000 -56.148830
400.000000 -56.200623
450.000000 -55.945778
500.000000 -55.923866
550.000000 -56.005569
600.000000 -56.036247
650.000000 -56.120632
700.000000 -56.149426
750.000000 -56.068302
800.000000 -56.189163
850.000000 -56.190273
900.000000 -56.274101
950.000000 -56.096668
1000.000000 -56.050537
1050.000000 -56.091850
1100.000000 -56.008663
1150.000000 -55.939465
1200.000000 -56.024334
1250.000000 -56.239902
1300.000000 -56.287922
1350.000000 -56.469608
1400.000000 -56.546391
1450.000000 -56.731537
1500.000000 -56.679649
1550.000000 -56.919594
1600.000000 -57.099281
1650.000000 -57.203060
1700.000000 -57.254211
1750.000000 -57.467033
1800.000000 -57.599827
1850.000000 -57.704819
1900.000000 -57.937786
1950.000000 -57.982746
2000.000000 -58.200851
2050.000000 -58.308392
2100.000000 -58.360142
2150.000000 -58.693920
2200.000000 -58.540203
2250.000000 -58.870399
2300.000000 -59.066353
2350.000000 -59.094730
2400.000000 -59.164635
2450.000000 -59.396549
2500.000000 -59.574547
2550.000000 -59.675846
2600.000000 -59.865856
2650.000000 -59.986626
2700.000000 -59.986626
2750.000000 -60.213604
2800.000000 -60.525867
2850.000000 -60.699230
2900.000000 -60.531925
2950.000000 -60.796738
3000.000000 -60.991085
3050.000000 -61.116024
3100.000000 -61.256275
3150.000000 -61.412495
3200.000000 -61.697823
3250.000000 -61.765610
3300.000000 -61.874619
3350.000000 -61.956745
3400.000000 -61.999348
3450.000000 -62.084858
3500.000000 -62.406490
3550.000000 -62.631794
3600.000000 -62.497185
3650.000000 -62.732506
3700.000000 -62.766338
3750.000000 -63.027176
3800.000000 -63.069534
3850.000000 -63.312767
3900.000000 -63.294155
3950.000000 -63.523548
4000.000000 -63.664879
4050.000000 -63.695854
4100.000000 -63.702755
4150.000000 -64.031868
4200.000000 -63.969265
4250.000000 -64.059525
4300.000000 -64.426071
4350.000000 -64.422104
4400.000000 -64.579872
4450.000000 -64.937210
4500.000000 -65.090645
4550.000000 -65.108765
4600.000000 -65.340462
4650.000000 -65.331886
4700.000000 -65.418015
4750.000000 -65.859352
4800.000000 -66.061249
4850.000000 -66.009209
4900.000000 -66.266319
4950.000000 -66.278870
5000.000000 -66.102364
5050.000000 -66.145546
5100.000000 -66.404846
5150.000000 -66.730324
5200.000000 -66.673271
5250.000000 -66.813271
5300.000000 -67.169846
5350.000000 -66.970634
5400.000000 -67.280685
5450.000000 -67.315071
5500.000000 -67.420631
5550.000000 -67.854530
5600.000000 -67.913002
5650.000000 -68.141418
5700.000000 -68.130936
5750.000000 -68.353790
5800.000000 -68.501373
5850.000000 -68.801346
5900.000000 -68.794411
5950.000000 -68.838295
6000.000000 -69.220955
6050.000000 -69.092781
6100.000000 -69.029205
6150.000000 -69.384560
6200.000000 -69.518730
6250.000000 -69.487465
6300.000000 -69.841896
6350.000000 -69.949562
6400.000000 -70.397614
6450.000000 -70.305962
6500.000000 -70.345558
6550.000000 -70.688492
6600.000000 -70.368263
6650.000000 -70.358650
6700.000000 -70.565514
6750.000000 -70.765976
6800.000000 -70.789345
6850.000000 -70.647308
6900.000000 -71.169792
6950.000000 -71.142982
7000.000000 -71.372101
7050.000000 -71.690529
7100.000000 -71.995728
7150.000000 -71.431198
7200.000000 -71.579735
7250.000000 -72.024254
7300.000000 -71.806374
7350.000000 -72.041733
7400.000000 -71.933723
7450.000000 -71.681877
7500.000000 -72.348213
7550.000000 -72.348213
7600.000000 -72.828064
7650.000000 -73.243553
7700.000000 -73.147285
7750.000000 -73.639046
7800.000000 -73.034218
7850.000000 -73.435005
7900.000000 -74.036713
7950.000000 -73.657547
8000.000000 -74.078171
8050.000000 -74.058090
8100.000000 -74.164391
8150.000000 -74.851570
8200.000000 -74.666718
8250.000000 -75.308868
8300.000000 -74.780792
8350.000000 -74.849373
8400.000000 -75.375542
8450.000000 -75.469437
8500.000000 -75.547668
8550.000000 -75.463142
8600.000000 -75.931496
8650.000000 -76.252640
8700.000000 -76.258667
8750.000000 -76.222557
8800.000000 -76.458229
8850.000000 -75.834961
8900.000000 -76.895737
8950.000000 -77.484482
9000.000000 -76.863350
9050.000000 -77.818207
9100.000000 -77.876129
9150.000000 -77.815109
9200.000000 -78.108582
9250.000000 -77.932358
9300.000000 -77.666946
9350.000000 -78.656372
9400.000000 -78.088356
9450.000000 -78.896973
9500.000000 -77.885475
9550.000000 -78.922699
9600.000000 -78.118179
9650.000000 -78.299347
9700.000000 -80.537987
9750.000000 -79.624672
9800.000000 -79.724251
9850.000000 -78.784477
9900.000000 -80.880234
9950.000000 -80.654388
10000.000000 -81.155907
10050.000000 -81.557167
10100.000000 -81.600082
10150.000000 -82.058113
10200.000000 -82.214043
10250.000000 -83.074448
10300.000000 -82.969345
10350.000000 -82.122177
10400.000000 -84.023232
10450.000000 -84.338493
10500.000000 -83.502106
10550.000000 -83.605865
10600.000000 -83.786385
10650.000000 -83.749573
10700.000000 -84.186943
10750.000000 -83.156029
10800.000000 -84.958542
10850.000000 -86.001549
10900.000000 -84.935112
10950.000000 -84.620399
11000.000000 -83.549843
11050.000000 -85.225304
11100.000000 -85.810585
11150.000000 -84.093018
11200.000000 -83.918556
11250.000000 -85.325043
11300.000000 -86.569885
11350.000000 -85.391357
11400.000000 -84.638458
11450.000000 -83.348755
11500.000000 -84.135582
11550.000000 -83.954010
11600.000000 -84.539551
11650.000000 -84.301445
11700.000000 -84.923424
11750.000000 -84.722511
11800.000000 -85.513016
11850.000000 -85.912079
11900.000000 -86.137497
11950.000000 -84.970268
12000.000000 -85.254372
12050.000000 -84.816628
12100.000000 -84.461670
12150.000000 -82.312073
12200.000000 -82.486786
12250.000000 -85.220467
12300.000000 -86.900841
12350.000000 -85.227722
12400.000000 -85.227722
12450.000000 -84.046432
12500.000000 -86.132126
12550.000000 -85.875511
12600.000000 -84.535080
12650.000000 -85.841682
12700.000000 -84.355988
12750.000000 -84.247246
12800.000000 -84.965576
12850.000000 -85.545578
12900.000000 -84.371315
12950.000000 -85.628792
13000.000000 -85.789909
13050.000000 -86.620857
13100.000000 -85.177055
13150.000000 -85.761589
13200.000000 -85.029190
13250.000000 -84.033768
13300.000000 -86.035995
13350.000000 -84.636200
13400.000000 -87.208366
13450.000000 -86.145561
13500.000000 -85.071861
13550.000000 -85.998901
13600.000000 -87.603180
13650.000000 -87.144775
13700.000000 -89.140495
13750.000000 -87.423759
13800.000000 -88.026802
13850.000000 -88.110695
13900.000000 -89.247444
13950.000000 -90.365662
14000.000000 -89.876961
14050.000000 -89.098831
14100.000000 -91.746223
14150.000000 -89.418221
14200.000000 -88.532135
14250.000000 -88.154640
14300.000000 -91.321220
14350.000000 -90.569107
14400.000000 -89.652611
14450.000000 -88.882423
14500.000000 -92.506195
14550.000000 -90.356918
14600.000000 -91.823433
14650.000000 -90.600487
14700.000000 -90.846458
14750.000000 -90.995575
14800.000000 -89.197624
14850.000000 -91.171249
14900.000000 -90.270020
14950.000000 -91.906555
15000.000000 -89.266678
15050.000000 -89.359619
15100.000000 -89.680847
15150.000000 -90.361290
15200.000000 -90.727158
15250.000000 -89.098831
15300.000000 -88.430077
15350.000000 -89.540588
15400.000000 -87.171974
15450.000000 -88.294708
15500.000000 -87.187119
15550.000000 -88.564034
15600.000000 -86.983368
15650.000000 -87.433105
15700.000000 -89.418221
15750.000000 -87.568260
15800.000000 -87.549278
15850.000000 -89.897644
15900.000000 -88.493271
15950.000000 -88.820023
16000.000000 -89.031097
16050.000000 -93.228981
16100.000000 -92.647156
16150.000000 -94.899353
16200.000000 -95.766342
16250.000000 -95.376343
16300.000000 -92.176933
16350.000000 -90.722603
16400.000000 -93.697250
16450.000000 -92.101868
16500.000000 -88.256905
16550.000000 -93.180489
16600.000000 -92.144684
16650.000000 -90.048058
16700.000000 -89.155693
16750.000000 -91.598877
16800.000000 -94.111099
16850.000000 -89.049858
16900.000000 -90.031212
16950.000000 -91.735985
17000.000000 -88.700089
17050.000000 -93.633339
17100.000000 -89.042343
17150.000000 -88.930466
17200.000000 -89.588432
17250.000000 -88.761650
17300.000000 -89.167107
17350.000000 -87.527184
17400.000000 -89.293686
17450.000000 -93.761642
17500.000000 -89.548538
17550.000000 -87.828712
17600.000000 -88.941582
17650.000000 -89.429985
17700.000000 -89.178543
17750.000000 -91.161659
17800.000000 -87.930496
17850.000000 -89.359619
17900.000000 -92.400566
17950.000000 -88.305046
18000.000000 -89.997627
18050.000000 -88.056908
18100.000000 -89.664703
18150.000000 -87.343124
18200.000000 -87.822189
18250.000000 -90.154060
18300.000000 -92.258087
18350.000000 -91.937927
18400.000000 -89.897644
18450.000000 -91.123421
18500.000000 -87.789635
18550.000000 -89.076195
18600.000000 -90.731720
18650.000000 -90.613968
18700.000000 -89.943329
18750.000000 -86.971527
18800.000000 -90.014404
18850.000000 -88.886108
18900.000000 -88.660484
18950.000000 -92.340004
19000.000000 -90.874222
19050.000000 -93.363739
19100.000000 -93.302246
19150.000000 -89.469322
19200.000000 -91.296852
19250.000000 -92.043343
19300.000000 -89.136696
19350.000000 -91.296852
19400.000000 -93.626968
19450.000000 -91.190453
19500.000000 -93.852592
19550.000000 -90.573578
19600.000000 -92.422699
19650.000000 -91.478790
19700.000000 -91.533623
19750.000000 -92.378494
19800.000000 -90.809578
19850.000000 -90.763695
19900.000000 -90.107262
19950.000000 -88.937874
20000.000000 -91.409500
20050.000000 -90.086067
20100.000000 -88.360397
20150.000000 -91.042709
20200.000000 -87.835243
20250.000000 -89.232086
20300.000000 -91.518631
20350.000000 -89.819305
20400.000000 -88.613914
20450.000000 -89.367416
20500.000000 -90.631981
20550.000000 -86.025383
20600.000000 -87.831978
20650.000000 -88.685669
20700.000000 -88.256905
20750.000000 -86.150940
20800.000000 -88.475670
20850.000000 -86.041313
20900.000000 -85.878113
20950.000000 -87.102638
21000.000000 -86.544510
21050.000000 -88.564034
21100.000000 -87.705551
21150.000000 -87.699120
21200.000000 -87.721657
21250.000000 -66.335876
21300.000000 -60.132885
21350.000000 -56.410141
21400.000000 -54.713104
21450.000000 -54.514988
21500.000000 -55.362785
21550.000000 -57.462395
21600.000000 -57.907112
21650.000000 -57.168552
21700.000000 -55.948437
21750.000000 -54.487267
21800.000000 -53.976154
21850.000000 -53.961330
21900.000000 -53.939598
21950.000000 -53.972645
22000.000000 -53.968937
22050.000000 -55.526970
22100.000000 -57.616333
22150.000000 -61.554779
22200.000000 -65.847649
22250.000000 -61.627853
22300.000000 -58.163116
22350.000000 -55.770386
22400.000000 -53.978340
22450.000000 -53.969799
22500.000000 -53.958950
22550.000000 -53.978870
22600.000000 -53.979401
22650.000000 -53.940521
22700.000000 -53.969467
22750.000000 -53.941051
22800.000000 -53.951019
22850.000000 -53.940128
22900.000000 -53.976620
22950.000000 -54.134182
23000.000000 -55.675774
23050.000000 -57.532429
23100.000000 -59.524593
23150.000000 -61.367233
23200.000000 -60.082027
23250.000000 -58.361897
23300.000000 -56.347164
23350.000000 -54.983196
23400.000000 -53.977280
23450.000000 -53.978870
23500.000000 -53.952274
23550.000000 -53.957165
23600.000000 -53.977348
23650.000000 -53.975559
23700.000000 -53.975559
23750.000000 -54.020718
23800.000000 -53.966160
23850.000000 -54.008476
23900.000000 -54.632858
23950.000000 -55.776573
24000.000000 -56.940815
24050.000000 -58.626675
24100.000000 -59.434093
24150.000000 -59.001369
24200.000000 -57.818100
24250.000000 -56.168419
24300.000000 -55.008377
24350.000000 -54.687325
24400.000000 -54.574680
24450.000000 -54.363857
24500.000000 -54.593792
24550.000000 -54.736279
24600.000000 -54.612518
24650.000000 -54.294590
24700.000000 -54.226280
24750.000000 -55.035351
24800.000000 -54.261665
24850.000000 -55.032131
24900.000000 -55.888870
24950.000000 -56.932526
25000.000000 -57.723866
25050.000000 -58.229557
25100.000000 -58.029522
25150.000000 -57.235008
25200.000000 -56.234661
25250.000000 -55.461018
25300.000000 -54.735195
25350.000000 -53.977348
25400.000000 -53.977413
25450.000000 -53.971916
25500.000000 -53.996052
25550.000000 -53.971054
25600.000000 -53.970722
25650.000000 -53.974895
25700.000000 -54.142281
25750.000000 -54.521477
25800.000000 -55.365582
25850.000000 -56.115715
25900.000000 -56.646259
25950.000000 -57.327568
26000.000000 -57.541611
26050.000000 -57.326588
26100.000000 -56.615772
26150.000000 -56.032051
26200.000000 -55.268261
26250.000000 -54.814209
26300.000000 -54.443741
26350.000000 -54.146469
26400.000000 -53.978405
26450.000000 -53.976551
26500.000000 -53.977280
26550.000000 -53.975624
26600.000000 -54.258656
26650.000000 -54.675182
26700.000000 -55.030338
26750.000000 -55.757362
26800.000000 -56.229080
26850.000000 -56.506054
26900.000000 -56.821880
26950.000000 -56.861221
27000.000000 -56.664383
27050.000000 -56.244030
27100.000000 -55.570080
27150.000000 -55.369934
27200.000000 -55.002186
27250.000000 -54.466141
27300.000000 -54.439548
27350.000000 -54.385494
27400.000000 -54.292938
27450.000000 -54.372242
27500.000000 -54.415962
27550.000000 -54.751984
27600.000000 -55.166851
27650.000000 -55.608845
27700.000000 -55.991188
27750.000000 -56.162109
27800.000000 -56.491970
27850.000000 -56.481003
27900.000000 -56.438419
27950.000000 -56.167225
28000.000000 -55.995197
28050.000000 -55.652603
28100.000000 -55.178558
28150.000000 -55.107189
28200.000000 -54.776936
28250.000000 -54.542664
28300.000000 -54.538631
28350.000000 -54.468033
28400.000000 -54.542236
28450.000000 -54.602474
28500.000000 -55.027424
28550.000000 -55.352531
28600.000000 -55.578041
28650.000000 -56.038601
28700.000000 -56.256512
28750.000000 -56.429714
28800.000000 -56.266422
28850.000000 -56.237068
28900.000000 -55.994530
28950.000000 -55.662331
29000.000000 -55.450649
29050.000000 -55.363483
29100.000000 -55.112095
29150.000000 -54.993767
29200.000000 -54.910824
29250.000000 -54.858463
29300.000000 -54.846516
29350.000000 -54.771275
29400.000000 -54.901020
29450.000000 -55.112095
29500.000000 -55.380753
29550.000000 -55.495510
29600.000000 -55.649952
29650.000000 -56.118088
29700.000000 -56.110123
29750.000000 -56.164413
29800.000000 -56.094131
29850.000000 -56.038097
29900.000000 -55.868504
29950.000000 -55.543617
30000.000000 -55.417431
30050.000000 -55.170803
30100.000000 -55.105679
30150.000000 -55.137802
30200.000000 -55.145073
30250.000000 -55.151592
30300.000000 -55.308636
30350.000000 -55.532753
30400.000000 -55.589520
30450.000000 -55.756302
30500.000000 -55.758011
30550.000000 -56.031296
30600.000000 -55.908047
30650.000000 -56.065861
30700.000000 -56.149765
30750.000000 -55.954674
30800.000000 -55.789135
30850.000000 -55.744766
30900.000000 -55.603649
30950.000000 -55.575890
31000.000000 -55.442566
31050.000000 -55.476200
31100.000000 -55.340740
31150.000000 -55.220657
31200.000000 -55.410084
31250.000000 -55.621567
31300.000000 -55.627731
31350.000000 -55.788399
31400.000000 -55.892094
31450.000000 -56.155296
31500.000000 -56.076313
31550.000000 -56.056259
31600.000000 -56.222214
31650.000000 -55.945446
31700.000000 -56.060467
31750.000000 -55.791748
31800.000000 -55.565861
31850.000000 -55.504982
31900.000000 -55.551395
31950.000000 -55.422436
32000.000000 -55.302456
32050.000000 -55.473049
32100.000000 -55.559818
32150.000000 -55.499142
32200.000000 -55.697956
32250.000000 -55.956505
32300.000000 -55.893578
32350.000000 -56.121227
32400.000000 -56.204128
32450.000000 -56.173195
32500.000000 -56.071255
32550.000000 -55.959167
32600.000000 -55.997040
32650.000000 -55.863972
32700.000000 -55.923782
32750.000000 -55.679642
32800.000000 -55.713398
32850.000000 -55.459209
32900.000000 -55.554890
32950.000000 -55.521431
33000.000000 -55.562759
33050.000000 -55.552349
33100.000000 -55.731621
33150.000000 -55.838982
33200.000000 -56.014191
33250.000000 -56.140835
33300.000000 -56.110630
33350.000000 -56.043644
33400.000000 -55.995533
33450.000000 -55.861835
33500.000000 -55.758743
33550.000000 -55.544491
33600.000000 -55.647381
33650.000000 -55.677063
33700.000000 -55.455048
33750.000000 -55.459766
33800.000000 -55.426899
33850.000000 -55.409065
33900.000000 -55.613483
33950.000000 -55.775517
34000.000000 -55.791912
34050.000000 -55.941044
34100.000000 -55.937637
34150.000000 -55.892754
34200.000000 -55.892586
34250.000000 -55.895397
34300.000000 -55.922787
34350.000000 -55.659435
34400.000000 -55.607964
34450.000000 -55.824139
34500.000000 -55.573105
34550.000000 -55.501511
34600.000000 -55.593349
34650.000000 -55.843334
34700.000000 -55.753132
34750.000000 -55.759556
34800.000000 -55.997707
34850.000000 -55.879711
34900.000000 -55.908211
34950.000000 -56.084839
35000.000000 -56.023579
35050.000000 -56.249538
35100.000000 -55.995449
35150.000000 -55.985924
35200.000000 -56.022655
35250.000000 -55.891598
35300.000000 -55.923866
35350.000000 -55.864880
35400.000000 -55.831924
35450.000000 -55.778286
35500.000000 -55.839310
35550.000000 -55.822254
35600.000000 -56.035072
35650.000000 -55.898869
35700.000000 -55.943787
35750.000000 -56.256771
35800.000000 -56.226849
35850.000000 -56.282391
35900.000000 -56.229595
35950.000000 -56.185230
36000.000000 -56.185570
36050.000000 -56.008080
36100.000000 -56.186256
36150.000000 -56.073616
36200.000000 -55.849659
36250.000000 -55.853115
36300.000000 -55.913261
36350.000000 -55.940292
36400.000000 -55.837257
36450.000000 -56.048351
36500.000000 -55.976665
36550.000000 -56.142620
36600.000000 -56.237671
36650.000000 -56.184547
36700.000000 -56.282822
36750.000000 -56.180019
36800.000000 -56.065773
36850.000000 -56.144749
36900.000000 -56.075386
36950.000000 -55.951595
37000.000000 -55.861012
37050.000000 -55.824303
37100.000000 -55.787010
37150.000000 -55.932243
37200.000000 -55.946857
37250.000000 -56.022575
37300.000000 -55.919472
37350.000000 -56.120293
37400.000000 -56.144833
37450.000000 -56.280315
37500.000000 -56.342300
37550.000000 -56.244976
37600.000000 -56.377068
37650.000000 -56.173450
37700.000000 -56.099457
37750.000000 -56.108685
37800.000000 -56.006573
37850.000000 -55.963829
37900.000000 -55.913509
37950.000000 -55.929008
38000.000000 -55.927597
38050.000000 -55.803513
38100.000000 -55.917484
38150.000000 -55.930004
38200.000000 -55.956253
38250.000000 -55.979584
38300.000000 -56.116646
38350.000000 -56.286797
38400.000000 -56.377502
38450.000000 -56.470757
38500.000000 -56.381523
38550.000000 -56.357002
38600.000000 -56.349602
38650.000000 -56.150021
38700.000000 -56.136589
38750.000000 -56.079014
38800.000000 -56.101742
38850.000000 -56.064930
38900.000000 -55.979248
38950.000000 -55.944447
39000.000000 -55.916904
39050.000000 -56.146702
39100.000000 -56.222729
39150.000000 -56.375496
39200.000000 -56.361275
39250.000000 -56.308346
39300.000000 -56.380039
39350.000000 -56.313976
39400.000000 -56.230282
39450.000000 -56.238873
39500.000000 -56.180363
39550.000000 -55.958252
39600.000000 -55.991608
39650.000000 -56.001888
39700.000000 -55.791744
39750.000000 -55.995701
39800.000000 -55.958004
39850.000000 -55.943699
39900.000000 -55.971329
39950.000000 -55.953758
40000.000000 -55.992275
