0.000000 -55.596302
50.000000 -55.305389
100.000000 -55.166927
150.000000 -55.051228
200.000000 -54.408024
250.000000 -54.076359
300.000000 -53.972977
350.000000 -53.962322
400.000000 -57.429390
450.000000 -58.787819
500.000000 -57.970459
550.000000 -56.102760
600.000000 -54.693653
650.000000 -55.630375
700.000000 -53.968739
750.000000 -53.952473
800.000000 -53.971916
850.000000 -56.775585
900.000000 -58.497623
950.000000 -58.315376
1000.000000 -56.809208
1050.000000 -55.261269
1100.000000 -53.966820
1150.000000 -53.912399
1200.000000 -53.975758
1250.000000 -55.628452
1300.000000 -58.676720
1350.000000 -57.703899
1400.000000 -60.345821
1450.000000 -59.804214
1500.000000 -56.929916
1550.000000 -56.330555
1600.000000 -54.487965
1650.000000 -53.973705
1700.000000 -53.979202
1750.000000 -55.623005
1800.000000 -57.056297
1850.000000 -59.088047
1900.000000 -60.265648
1950.000000 -60.535305
2000.000000 -59.995232
2050.000000 -58.234962
2100.000000 -56.852547
2150.000000 -55.435593
2200.000000 -54.727390
2250.000000 -54.701286
2300.000000 -54.532413
2350.000000 -54.459553
2400.000000 -54.149441
2450.000000 -54.096622
2500.000000 -53.974236
2550.000000 -53.970722
2600.000000 -54.833050
2650.000000 -54.516750
2700.000000 -54.439476
2750.000000 -55.505932
2800.000000 -56.675491
2850.000000 -57.399864
2900.000000 -58.716415
2950.000000 -60.026016
3000.000000 -58.879250
3050.000000 -60.979088
3100.000000 -60.318558
3150.000000 -58.795895
3200.000000 -58.881813
3250.000000 -58.089092
3300.000000 -57.682358
3350.000000 -56.562344
3400.000000 -55.148182
3450.000000 -54.382996
3500.000000 -53.977810
3550.000000 -56.268063
3600.000000 -54.694660
3650.000000 -53.966026
3700.000000 -53.972778
3750.000000 -53.961922
3800.000000 -53.997513
3850.000000 -54.489933
3900.000000 -53.973106
3950.000000 -54.600979
4000.000000 -55.976498
4050.000000 -57.535820
4100.000000 -59.362122
4150.000000 -61.852127
4200.000000 -65.172478
4250.000000 -66.147430
4300.000000 -66.855774
4350.000000 -62.866970
4400.000000 -60.376911
4450.000000 -57.952335
4500.000000 -56.234406
4550.000000 -54.881294
4600.000000 -54.399673
4650.000000 -54.678917
4700.000000 -54.178276
4750.000000 -54.255371
4800.000000 -54.250378
4850.000000 -54.787914
4900.000000 -55.147045
4950.000000 -54.509068
5000.000000 -54.381191
5050.000000 -54.975464
5100.000000 -56.470314
5150.000000 -58.925034
5200.000000 -61.404236
5250.000000 -63.719414
5300.000000 -63.524742
5350.000000 -62.657673
5400.000000 -59.501408
5450.000000 -58.085369
5500.000000 -57.059605
5550.000000 -55.352222
5600.000000 -54.459415
5650.000000 -54.703732
5700.000000 -55.271645
5750.000000 -54.468452
5800.000000 -54.098099
5850.000000 -53.961525
5900.000000 -54.701790
5950.000000 -54.633213
6000.000000 -54.696823
6050.000000 -54.581142
6100.000000 -56.151127
6150.000000 -57.988945
6200.000000 -59.792171
6250.000000 -60.142715
6300.000000 -63.550835
6350.000000 -67.674065
6400.000000 -64.477402
6450.000000 -61.002979
6500.000000 -58.651833
6550.000000 -57.225182
6600.000000 -55.605007
6650.000000 -54.527401
6700.000000 -54.067520
6750.000000 -53.972645
6800.000000 -53.970856
6850.000000 -53.956108
6900.000000 -53.962124
6950.000000 -54.284424
7000.000000 -53.984970
7050.000000 -53.974831
7100.000000 -54.198032
7150.000000 -55.534576
7200.000000 -56.898792
7250.000000 -58.018543
7300.000000 -58.874008
7350.000000 -61.075279
7400.000000 -60.397003
7450.000000 -59.941750
7500.000000 -58.932884
7550.000000 -60.021366
7600.000000 -57.103455
7650.000000 -56.668266
7700.000000 -55.648026
7750.000000 -54.590805
7800.000000 -53.971519
7850.000000 -53.944019
7900.000000 -53.955776
7950.000000 -53.957363
8000.000000 -53.974167
8050.000000 -53.965164
8100.000000 -53.967216
8150.000000 -53.959015
8200.000000 -53.980659
8250.000000 -54.899986
8300.000000 -56.450829
8350.000000 -56.935226
8400.000000 -58.798779
8450.000000 -61.257324
8500.000000 -61.576206
8550.000000 -60.793831
8600.000000 -60.690186
8650.000000 -59.003498
8700.000000 -57.903881
8750.000000 -56.029617
8800.000000 -55.764847
8850.000000 -54.673462
8900.000000 -53.966026
8950.000000 -54.273380
9000.000000 -53.958355
9050.000000 -53.938015
9100.000000 -53.969730
9150.000000 -53.962124
9200.000000 -53.972050
9250.000000 -53.971455
9300.000000 -54.230167
9350.000000 -55.592552
9400.000000 -56.391750
9450.000000 -57.091309
9500.000000 -60.033199
9550.000000 -61.840805
9600.000000 -61.594025
9650.000000 -59.180779
9700.000000 -60.912266
9750.000000 -59.588947
9800.000000 -57.605457
9850.000000 -56.429977
9900.000000 -55.075630
9950.000000 -54.079109
10000.000000 -53.976288
10050.000000 -53.961525
10100.000000 -53.956703
10150.000000 -53.940720
10200.000000 -53.960403
10250.000000 -53.932411
10300.000000 -53.967682
10350.000000 -53.974037
10400.000000 -54.921673
10450.000000 -56.021061
10500.000000 -57.201237
10550.000000 -57.992313
10600.000000 -59.695274
10650.000000 -59.297340
10700.000000 -62.059284
10750.000000 -60.482887
10800.000000 -59.953739
10850.000000 -58.753788
10900.000000 -56.357002
10950.000000 -55.537113
11000.000000 -54.547966
11050.000000 -53.972977
11100.000000 -53.960732
11150.000000 -53.940655
11200.000000 -53.946461
11250.000000 -53.932808
11300.000000 -53.931488
11350.000000 -55.214695
11400.000000 -53.956703
11450.000000 -54.239788
11500.000000 -54.968037
11550.000000 -56.153423
11600.000000 -57.919933
11650.000000 -58.012001
11700.000000 -60.173893
11750.000000 -59.581364
11800.000000 -59.643475
11850.000000 -58.282471
11900.000000 -58.123302
11950.000000 -56.956764
12000.000000 -56.287487
12050.000000 -54.889164
12100.000000 -53.961525
12150.000000 -53.929577
12200.000000 -53.938213
12250.000000 -53.940655
12300.000000 -53.977943
12350.000000 -56.644547
12400.000000 -58.351807
12450.000000 -56.572163
12500.000000 -55.211258
12550.000000 -53.951416
12600.000000 -53.905956
12650.000000 -53.965099
12700.000000 -53.927998
12750.000000 -53.971783
12800.000000 -54.113159
12850.000000 -56.067375
12900.000000 -56.310165
12950.000000 -54.781441
13000.000000 -53.973042
13050.000000 -53.972580
13100.000000 -53.951084
13150.000000 -53.957493
13200.000000 -53.963047
13250.000000 -55.751915
13300.000000 -54.349323
13350.000000 -56.676937
13400.000000 -54.478977
13450.000000 -53.977547
13500.000000 -54.193478
13550.000000 -54.321293
13600.000000 -54.542377
13650.000000 -54.625858
13700.000000 -54.814720
13750.000000 -54.899693
13800.000000 -55.180309
13850.000000 -55.464870
13900.000000 -55.627892
13950.000000 -55.651718
14000.000000 -55.956589
14050.000000 -56.179848
14100.000000 -56.269699
14150.000000 -56.457523
14200.000000 -56.702744
14250.000000 -56.785740
14300.000000 -56.982292
14350.000000 -57.229996
14400.000000 -57.352055
14450.000000 -57.607571
14500.000000 -57.657829
14550.000000 -57.880383
14600.000000 -58.077721
14650.000000 -58.241131
14700.000000 -58.489155
14750.000000 -58.671486
14800.000000 -58.850407
14850.000000 -58.992161
14900.000000 -59.199734
14950.000000 -59.324642
15000.000000 -59.620102
15050.000000 -59.581997
15100.000000 -59.937801
15150.000000 -60.163490
15200.000000 -59.972874
15250.000000 -60.473362
15300.000000 -60.582375
15350.000000 -60.791801
15400.000000 -60.808804
15450.000000 -60.975502
15500.000000 -61.443897
15550.000000 -61.504044
15600.000000 -61.560646
15650.000000 -61.856876
15700.000000 -61.999516
15750.000000 -62.308952
15800.000000 -62.448734
15850.000000 -62.648140
15900.000000 -62.843769
15950.000000 -62.900402
16000.000000 -63.120068
16050.000000 -63.284866
16100.000000 -63.340759
16150.000000 -63.625557
16200.000000 -63.744263
16250.000000 -64.007446
16300.000000 -64.123001
16350.000000 -64.462547
16400.000000 -64.480515
16450.000000 -64.596504
16500.000000 -64.861031
16550.000000 -65.186920
16600.000000 -65.278427
16650.000000 -65.463890
16700.000000 -65.392578
16750.000000 -65.720741
16800.000000 -65.865082
16850.000000 -66.030678
16900.000000 -66.397369
16950.000000 -66.461830
17000.000000 -66.636200
17050.000000 -66.987213
17100.000000 -67.019859
17150.000000 -67.092728
17200.000000 -67.131203
17250.000000 -67.197121
17300.000000 -67.715523
17350.000000 -68.026123
17400.000000 -67.767227
17450.000000 -68.217209
17500.000000 -68.508430
17550.000000 -68.511253
17600.000000 -68.630348
17650.000000 -69.052094
17700.000000 -69.399414
17750.000000 -69.333176
17800.000000 -69.442543
17850.000000 -69.875710
17900.000000 -69.858368
17950.000000 -69.864555
18000.000000 -70.125931
18050.000000 -70.303352
18100.000000 -70.310303
18150.000000 -70.448654
18200.000000 -70.694389
18250.000000 -70.879311
18300.000000 -71.176987
18350.000000 -71.777519
18400.000000 -71.586266
18450.000000 -71.542610
18500.000000 -72.318062
18550.000000 -72.231476
18600.000000 -72.250999
18650.000000 -72.641449
18700.000000 -72.773102
18750.000000 -72.753517
18800.000000 -72.981483
18850.000000 -73.167175
18900.000000 -73.733223
18950.000000 -73.740959
19000.000000 -73.603439
19050.000000 -73.512527
19100.000000 -73.968277
19150.000000 -74.261742
19200.000000 -74.847176
19250.000000 -74.772797
19300.000000 -74.796066
19350.000000 -75.018753
19400.000000 -75.067444
19450.000000 -75.612206
19500.000000 -75.699013
19550.000000 -75.333618
19600.000000 -75.626610
19650.000000 -76.026596
19700.000000 -76.571808
19750.000000 -76.026596
19800.000000 -76.635460
19850.000000 -76.486488
19900.000000 -76.566452
19950.000000 -77.089798
20000.000000 -76.815453
20050.000000 -77.176498
20100.000000 -76.891106
20150.000000 -77.193756
20200.000000 -77.186081
20250.000000 -77.797607
20300.000000 -78.002632
20350.000000 -78.072411
20400.000000 -78.760315
20450.000000 -78.783325
20500.000000 -78.621246
20550.000000 -79.438820
20600.000000 -79.375687
20650.000000 -79.248344
20700.000000 -79.610718
20750.000000 -79.871864
20800.000000 -80.678719
20850.000000 -79.827576
20900.000000 -80.483170
20950.000000 -79.657738
21000.000000 -79.959808
21050.000000 -79.973007
21100.000000 -81.423424
21150.000000 -79.973007
21200.000000 -81.791801
21250.000000 -81.489250
21300.000000 -79.656464
21350.000000 -82.385017
21400.000000 -82.792076
21450.000000 -82.395493
21500.000000 -82.275826
21550.000000 -82.404228
21600.000000 -82.265495
21650.000000 -83.110397
21700.000000 -83.116089
21750.000000 -82.848923
21800.000000 -82.919121
21850.000000 -82.453308
21900.000000 -83.046173
21950.000000 -83.827477
22000.000000 -82.803055
22050.000000 -83.076340
22100.000000 -83.409378
22150.000000 -83.251854
22200.000000 -83.583817
22250.000000 -83.660240
22300.000000 -84.097267
22350.000000 -83.698700
22400.000000 -83.555832
22450.000000 -84.212769
22500.000000 -85.753845
22550.000000 -85.959328
22600.000000 -86.695023
22650.000000 -85.766708
22700.000000 -83.117989
22750.000000 -85.376579
22800.000000 -86.202217
22850.000000 -85.922562
22900.000000 -86.014793
22950.000000 -87.184090
23000.000000 -87.235764
23050.000000 -85.888550
23100.000000 -86.330368
23150.000000 -87.060707
23200.000000 -88.318848
23250.000000 -86.327621
23300.000000 -87.495705
23350.000000 -88.232933
23400.000000 -86.322136
23450.000000 -87.747490
23500.000000 -88.329224
23550.000000 -87.278549
23600.000000 -88.349991
23650.000000 -86.366158
23700.000000 -85.715370
23750.000000 -87.773399
23800.000000 -87.429985
23850.000000 -86.865707
23900.000000 -87.580940
23950.000000 -87.492569
24000.000000 -87.153831
24050.000000 -87.874535
24100.000000 -88.649719
24150.000000 -86.821999
24200.000000 -88.878738
24250.000000 -88.867691
24300.000000 -88.083763
24350.000000 -88.567589
24400.000000 -88.192001
24450.000000 -90.444702
24500.000000 -88.653305
24550.000000 -89.297554
24600.000000 -89.316902
24650.000000 -87.966904
24700.000000 -86.586845
24750.000000 -91.735985
24800.000000 -85.247093
24850.000000 -85.659248
24900.000000 -91.180847
24950.000000 -91.185646
25000.000000 -89.068665
25050.000000 -88.325760
25100.000000 -90.179695
25150.000000 -89.831627
25200.000000 -91.071106
25250.000000 -90.270020
25300.000000 -89.328529
25350.000000 -89.620453
25400.000000 -86.620857
25450.000000 -89.255135
25500.000000 -88.897171
25550.000000 -90.278671
25600.000000 -89.664703
25650.000000 -88.646126
25700.000000 -88.700089
25750.000000 -86.550140
25800.000000 -88.553383
25850.000000 -89.320778
25900.000000 -90.391930
25950.000000 -88.886108
26000.000000 -89.819305
26050.000000 -92.345490
26100.000000 -90.462364
26150.000000 -90.231224
26200.000000 -88.353455
26250.000000 -88.277504
26300.000000 -87.492569
26350.000000 -88.168236
26400.000000 -93.444366
26450.000000 -90.427071
26500.000000 -91.000282
26550.000000 -89.864571
26600.000000 -92.727104
26650.000000 -91.979942
26700.000000 -87.947021
26750.000000 -89.410385
26800.000000 -89.489059
26850.000000 -88.923058
26900.000000 -90.356934
26950.000000 -87.135735
27000.000000 -90.094536
27050.000000 -88.205620
27100.000000 -90.252739
27150.000000 -86.415947
27200.000000 -89.843964
27250.000000 -88.287827
27300.000000 -86.396553
27350.000000 -89.485107
27400.000000 -89.489059
27450.000000 -89.113960
27500.000000 -87.663818
27550.000000 -90.239807
27600.000000 -88.532120
27650.000000 -88.739876
27700.000000 -90.309013
27750.000000 -90.569107
27800.000000 -89.798798
27850.000000 -89.672768
27900.000000 -89.061134
27950.000000 -88.507378
28000.000000 -90.627480
28050.000000 -89.782433
28100.000000 -89.705116
28150.000000 -89.340179
28200.000000 -91.147301
28250.000000 -91.414429
28300.000000 -90.718048
28350.000000 -90.795784
28400.000000 -86.735229
28450.000000 -89.524696
28500.000000 -90.654549
28550.000000 -90.183975
28600.000000 -90.600487
28650.000000 -91.004982
28700.000000 -90.124245
28750.000000 -91.695129
28800.000000 -90.361290
28850.000000 -91.267708
28900.000000 -88.332680
28950.000000 -88.578308
29000.000000 -91.927460
29050.000000 -93.114250
29100.000000 -89.839851
29150.000000 -92.635796
29200.000000 -91.896118
29250.000000 -92.450439
29300.000000 -92.825188
29350.000000 -94.117828
29400.000000 -94.342918
29450.000000 -91.700226
29500.000000 -91.922226
29550.000000 -90.073380
29600.000000 -91.233826
29650.000000 -89.985069
29700.000000 -90.595993
29750.000000 -91.267708
29800.000000 -90.244118
29850.000000 -93.388466
29900.000000 -92.406097
29950.000000 -91.439125
30000.000000 -88.465126
30050.000000 -92.971466
30100.000000 -89.239761
30150.000000 -91.896118
30200.000000 -88.923058
30250.000000 -95.314301
30300.000000 -95.831711
30350.000000 -91.453979
30400.000000 -93.768105
30450.000000 -90.795784
30500.000000 -92.334518
30550.000000 -93.748726
30600.000000 -93.168404
30650.000000 -91.047432
30700.000000 -95.032982
30750.000000 -89.481163
30800.000000 -90.124245
30850.000000 -90.934692
30900.000000 -90.348190
30950.000000 -88.787132
31000.000000 -92.220116
31050.000000 -94.219421
31100.000000 -94.205811
31150.000000 -91.152084
31200.000000 -92.647156
31250.000000 -94.559814
31300.000000 -92.318085
31350.000000 -90.048058
31400.000000 -89.798798
31450.000000 -93.036621
31500.000000 -90.690781
31550.000000 -94.124565
31600.000000 -91.679863
31650.000000 -92.472702
31700.000000 -92.658531
31750.000000 -93.351402
31800.000000 -90.560158
31850.000000 -93.001022
31900.000000 -92.367477
31950.000000 -92.767357
32000.000000 -94.545662
32050.000000 -89.843964
32100.000000 -69.168236
32150.000000 -64.148819
32200.000000 -60.388683
32250.000000 -57.976025
32300.000000 -56.615322
32350.000000 -54.690060
32400.000000 -53.977612
32450.000000 -55.123425
32500.000000 -53.945999
32550.000000 -53.950027
32600.000000 -53.954720
32650.000000 -53.946396
32700.000000 -53.978737
32750.000000 -54.593082
32800.000000 -58.488605
32850.000000 -61.311413
32900.000000 -66.447624
32950.000000 -61.885315
33000.000000 -57.282276
33050.000000 -54.767570
33100.000000 -54.594788
33150.000000 -54.613304
33200.000000 -54.815887
33250.000000 -55.775024
33300.000000 -55.321152
33350.000000 -54.901974
33400.000000 -54.504070
33450.000000 -56.419266
33500.000000 -59.606030
33550.000000 -61.987846
33600.000000 -63.157162
33650.000000 -59.614773
33700.000000 -57.428699
33750.000000 -55.205303
33800.000000 -54.384869
33850.000000 -54.960686
33900.000000 -53.966755
33950.000000 -53.962322
34000.000000 -53.960865
34050.000000 -54.075691
34100.000000 -53.967548
34150.000000 -54.378761
34200.000000 -56.742729
34250.000000 -55.823891
34300.000000 -57.071518
34350.000000 -56.364151
34400.000000 -56.650223
34450.000000 -55.497246
34500.000000 -55.256279
34550.000000 -54.754665
34600.000000 -54.368568
34650.000000 -55.350979
34700.000000 -56.241726
34750.000000 -53.975163
34800.000000 -53.978806
34850.000000 -54.149036
34900.000000 -54.270023
34950.000000 -54.308895
35000.000000 -54.185944
35050.000000 -53.974102
35100.000000 -53.975163
35150.000000 -53.972179
35200.000000 -53.956039
35250.000000 -53.969467
35300.000000 -53.979401
35350.000000 -53.979401
35400.000000 -53.979401
35450.000000 -53.966290
35500.000000 -53.915951
35550.000000 -53.964172
35600.000000 -53.973042
35650.000000 -54.305805
35700.000000 -55.107567
35750.000000 -57.405861
35800.000000 -57.183681
35850.000000 -57.443104
35900.000000 -56.991943
35950.000000 -56.879620
36000.000000 -56.128437
36050.000000 -55.593750
36100.000000 -54.164185
36150.000000 -53.976685
36200.000000 -53.963840
36250.000000 -53.946198
36300.000000 -53.940258
36350.000000 -53.985104
36400.000000 -53.959873
36450.000000 -53.977280
36500.000000 -54.206532
36550.000000 -56.049950
36600.000000 -56.352474
36650.000000 -56.790226
36700.000000 -56.129879
36750.000000 -56.196262
36800.000000 -57.550102
36850.000000 -56.095737
36900.000000 -55.275951
36950.000000 -54.532558
37000.000000 -54.514355
37050.000000 -53.977547
37100.000000 -53.938477
37150.000000 -53.937752
37200.000000 -53.923584
37250.000000 -53.968010
37300.000000 -53.979401
37350.000000 -53.952671
37400.000000 -53.914963
37450.000000 -53.916080
37500.000000 -53.969730
37550.000000 -53.944614
37600.000000 -53.971584
37650.000000 -54.506744
37700.000000 -54.915325
37750.000000 -55.467621
37800.000000 -54.755753
37850.000000 -55.170273
37900.000000 -55.834633
37950.000000 -55.383400
38000.000000 -55.791912
38050.000000 -55.430500
38100.000000 -55.063835
38150.000000 -54.234669
38200.000000 -54.056416
38250.000000 -54.056747
38300.000000 -53.959347
38350.000000 -53.928196
38400.000000 -53.909966
38450.000000 -53.922531
38500.000000 -53.971188
38550.000000 -53.922993
38600.000000 -53.934586
38650.000000 -53.967018
38700.000000 -53.974697
38750.000000 -54.664997
38800.000000 -55.332298
38850.000000 -55.509251
38900.000000 -57.791847
38950.000000 -56.148659
39000.000000 -55.813900
39050.000000 -55.467384
39100.000000 -55.225552
39150.000000 -55.101154
39200.000000 -54.622219
39250.000000 -53.975163
39300.000000 -53.966488
39350.000000 -53.933006
39400.000000 -53.914505
39450.000000 -53.926682
39500.000000 -53.960934
39550.000000 -53.909702
39600.000000 -53.917397
39650.000000 -53.940918
39700.000000 -54.096756
39750.000000 -54.375225
39800.000000 -54.741993
39850.000000 -54.914661
39900.000000 -55.572308
39950.000000 -55.490459
40000.000000 -56.643642
