0.000000 -56.703831
50.000000 -56.640133
100.000000 -56.673504
150.000000 -56.673683
200.000000 -56.592644
250.000000 -56.573235
300.000000 -56.515545
350.000000 -56.444401
400.000000 -56.380562
450.000000 -56.266594
500.000000 -56.392975
550.000000 -56.290775
600.000000 -56.406986
650.000000 -56.324043
700.000000 -56.353691
750.000000 -56.412598
800.000000 -56.445107
850.000000 -56.339333
900.000000 -56.565380
950.000000 -56.623585
1000.000000 -56.629425
1050.000000 -56.600525
1100.000000 -56.535622
1150.000000 -56.662579
1200.000000 -56.624844
1250.000000 -56.766903
1300.000000 -56.650311
1350.000000 -56.658337
1400.000000 -56.732262
1450.000000 -56.662037
1500.000000 -56.617928
1550.000000 -56.533398
1600.000000 -56.408829
1650.000000 -56.469521
1700.000000 -56.473583
1750.000000 -56.483742
1800.000000 -56.265644
1850.000000 -56.302628
1900.000000 -56.380123
1950.000000 -56.377766
2000.000000 -56.379425
2050.000000 -56.285500
2100.000000 -56.372875
2150.000000 -56.384579
2200.000000 -56.481976
2250.000000 -56.525307
2300.000000 -56.720531
2350.000000 -56.605366
2400.000000 -56.566628
2450.000000 -56.657253
2500.000000 -56.747925
2550.000000 -56.634823
2600.000000 -56.697937
2650.000000 -56.689606
2700.000000 -56.745647
2750.000000 -56.519627
2800.000000 -56.605453
2850.000000 -56.575199
2900.000000 -56.571182
2950.000000 -56.365894
3000.000000 -56.353779
3050.000000 -56.378376
3100.000000 -56.543629
3150.000000 -56.437889
3200.000000 -56.450565
3250.000000 -56.379864
3300.000000 -56.375145
3350.000000 -56.468903
3400.000000 -56.408039
3450.000000 -56.494980
3500.000000 -56.526108
3550.000000 -56.432262
3600.000000 -56.723259
3650.000000 -56.555832
3700.000000 -56.881191
3750.000000 -56.542385
3800.000000 -56.602047
3850.000000 -56.593895
3900.000000 -56.544876
3950.000000 -56.739544
4000.000000 -56.710091
4050.000000 -56.605633
4100.000000 -56.564041
4150.000000 -56.619991
4200.000000 -56.640675
4250.000000 -56.705555
4300.000000 -56.585575
4350.000000 -56.525753
4400.000000 -56.616039
4450.000000 -56.493652
4500.000000 -56.385979
4550.000000 -56.676308
4600.000000 -56.624664
4650.000000 -56.514565
4700.000000 -56.554588
4750.000000 -56.451710
4800.000000 -56.456028
4850.000000 -56.543007
4900.000000 -56.555477
4950.000000 -56.574665
5000.000000 -56.435955
5050.000000 -56.587006
5100.000000 -56.661766
5150.000000 -56.596581
5200.000000 -56.704556
5250.000000 -56.862976
5300.000000 -56.707096
5350.000000 -56.620262
5400.000000 -56.525131
5450.000000 -56.533310
5500.000000 -56.738724
5550.000000 -56.523621
5600.000000 -56.591927
5650.000000 -56.508266
5700.000000 -56.529663
5750.000000 -56.657795
5800.000000 -56.661945
5850.000000 -56.592018
5900.000000 -56.534641
5950.000000 -56.535709
6000.000000 -56.545502
6050.000000 -56.515900
6100.000000 -56.504456
6150.000000 -56.478352
6200.000000 -56.453648
6250.000000 -56.549595
6300.000000 -56.688065
6350.000000 -56.627270
6400.000000 -56.675312
6450.000000 -56.595600
6500.000000 -56.603214
6550.000000 -56.619453
6600.000000 -56.682999
6650.000000 -56.682819
6700.000000 -56.600792
6750.000000 -56.732533
6800.000000 -56.692955
6850.000000 -56.710819
6900.000000 -56.765896
6950.000000 -56.618736
7000.000000 -56.700294
7050.000000 -56.626549
7100.000000 -56.473495
7150.000000 -56.604198
7200.000000 -56.632668
7250.000000 -56.453560
7300.000000 -56.508091
7350.000000 -56.576191
7400.000000 -56.616039
7450.000000 -56.654549
7500.000000 -56.720531
7550.000000 -56.721806
7600.000000 -56.540512
7650.000000 -56.764709
7700.000000 -56.719532
7750.000000 -56.762791
7800.000000 -56.646168
7850.000000 -56.597301
7900.000000 -56.773666
7950.000000 -56.735901
8000.000000 -56.664742
8050.000000 -56.630238
8100.000000 -56.652744
8150.000000 -56.711815
8200.000000 -56.723713
8250.000000 -56.625565
8300.000000 -56.648239
8350.000000 -56.702923
8400.000000 -56.672421
8450.000000 -56.736084
8500.000000 -56.536423
8550.000000 -56.610027
8600.000000 -56.362667
8650.000000 -56.590672
8700.000000 -56.589329
8750.000000 -56.715900
8800.000000 -56.702652
8850.000000 -56.675583
8900.000000 -56.766079
8950.000000 -56.761242
9000.000000 -56.748562
9050.000000 -56.730804
9100.000000 -56.739815
9150.000000 -56.809208
9200.000000 -56.841667
9250.000000 -56.859100
9300.000000 -56.886005
9350.000000 -56.888691
9400.000000 -56.831909
9450.000000 -56.702652
9500.000000 -56.691051
9550.000000 -56.752846
9600.000000 -56.716988
9650.000000 -56.664474
9700.000000 -56.665466
9750.000000 -56.697758
9800.000000 -56.628529
9850.000000 -56.739544
9900.000000 -56.502953
9950.000000 -56.540249
10000.000000 -56.685078
10050.000000 -56.658066
10100.000000 -56.699024
10150.000000 -56.667995
10200.000000 -56.673775
10250.000000 -56.822983
10300.000000 -56.846184
10350.000000 -56.758228
10400.000000 -56.864639
10450.000000 -56.891563
10500.000000 -56.948551
10550.000000 -56.872959
10600.000000 -56.950794
10650.000000 -56.829422
10700.000000 -56.825836
10750.000000 -56.847565
10800.000000 -56.883690
10850.000000 -56.815815
10900.000000 -56.710361
10950.000000 -56.599987
11000.000000 -56.715717
11050.000000 -56.644455
11100.000000 -56.783268
11150.000000 -56.831356
11200.000000 -56.576275
11250.000000 -56.751934
11300.000000 -56.772202
11350.000000 -56.756405
11400.000000 -56.721622
11450.000000 -56.731987
11500.000000 -56.854668
11550.000000 -56.829975
11600.000000 -56.845078
11650.000000 -56.864639
11700.000000 -56.883785
11750.000000 -56.817562
11800.000000 -56.908260
11850.000000 -56.767723
11900.000000 -56.677937
11950.000000 -56.649319
12000.000000 -56.990067
12050.000000 -57.264072
12100.000000 -57.467037
12150.000000 -57.591789
12200.000000 -57.841118
12250.000000 -57.997887
12300.000000 -58.198700
12350.000000 -58.417503
12400.000000 -58.475021
12450.000000 -58.750320
12500.000000 -58.864349
12550.000000 -59.192364
12600.000000 -59.303329
12650.000000 -59.326725
12700.000000 -59.705135
12750.000000 -59.808235
12800.000000 -60.016449
12850.000000 -60.228966
12900.000000 -60.329700
12950.000000 -60.506317
13000.000000 -60.800224
13050.000000 -60.797173
13100.000000 -60.994801
13150.000000 -61.353748
13200.000000 -61.381985
13250.000000 -61.665817
13300.000000 -61.639523
13350.000000 -61.922775
13400.000000 -62.261879
13450.000000 -62.268761
13500.000000 -62.591873
13550.000000 -62.731052
13600.000000 -62.979046
13650.000000 -63.156780
13700.000000 -62.951077
13750.000000 -63.387615
13800.000000 -63.593826
13850.000000 -63.853661
13900.000000 -63.950447
13950.000000 -64.299484
14000.000000 -64.516106
14050.000000 -64.645912
14100.000000 -64.760941
14150.000000 -64.929726
14200.000000 -65.211029
14250.000000 -65.267967
14300.000000 -65.489037
14350.000000 -65.707687
14400.000000 -65.888283
14450.000000 -65.927002
14500.000000 -66.063652
14550.000000 -66.419266
14600.000000 -66.723999
14650.000000 -66.442329
14700.000000 -66.814720
14750.000000 -67.220520
14800.000000 -67.044281
14850.000000 -67.038918
14900.000000 -67.551796
14950.000000 -67.985481
15000.000000 -68.143112
15050.000000 -68.544861
15100.000000 -68.183479
15150.000000 -68.660110
15200.000000 -68.645042
15250.000000 -68.914528
15300.000000 -68.973541
15350.000000 -69.472466
15400.000000 -69.488655
15450.000000 -69.558479
15500.000000 -69.544945
15550.000000 -70.022369
15600.000000 -69.966660
15650.000000 -70.674911
15700.000000 -70.575806
15750.000000 -70.558357
15800.000000 -71.228012
15850.000000 -70.850143
15900.000000 -71.106247
15950.000000 -71.358368
16000.000000 -71.605408
16050.000000 -72.242859
16100.000000 -72.067749
16150.000000 -72.144661
16200.000000 -72.458763
16250.000000 -72.477135
16300.000000 -72.730530
16350.000000 -72.755241
16400.000000 -72.750061
16450.000000 -72.980301
16500.000000 -73.347069
16550.000000 -73.092659
16600.000000 -73.593285
16650.000000 -73.716492
16700.000000 -74.157623
16750.000000 -74.099648
16800.000000 -74.311165
16850.000000 -74.043388
16900.000000 -74.607391
16950.000000 -74.648087
17000.000000 -74.599556
17050.000000 -75.198364
17100.000000 -74.994141
17150.000000 -75.796486
17200.000000 -75.936478
17250.000000 -75.811203
17300.000000 -76.172089
17350.000000 -75.842354
17400.000000 -76.323524
17450.000000 -76.750481
17500.000000 -77.144005
17550.000000 -76.932899
17600.000000 -77.048187
17650.000000 -77.087898
17700.000000 -77.382889
17750.000000 -77.503349
17800.000000 -78.305916
17850.000000 -78.192131
17900.000000 -77.952225
17950.000000 -78.302612
18000.000000 -77.990005
18050.000000 -78.277580
18100.000000 -78.888809
18150.000000 -78.796013
18200.000000 -79.253204
18250.000000 -79.121643
18300.000000 -79.292213
18350.000000 -79.301994
18400.000000 -78.685944
18450.000000 -78.796013
18500.000000 -79.786095
18550.000000 -80.233192
18600.000000 -80.091408
18650.000000 -80.291931
18700.000000 -80.259094
18750.000000 -81.451576
18800.000000 -79.308105
18850.000000 -80.867043
18900.000000 -82.150993
18950.000000 -80.736229
19000.000000 -82.334587
19050.000000 -82.320724
19100.000000 -82.757416
19150.000000 -82.156090
19200.000000 -81.903290
19250.000000 -81.893394
19300.000000 -82.054756
19350.000000 -83.494179
19400.000000 -82.650665
19450.000000 -82.629112
19500.000000 -82.825043
19550.000000 -82.616562
19600.000000 -84.206284
19650.000000 -84.229973
19700.000000 -83.381950
19750.000000 -84.661095
19800.000000 -83.232605
19850.000000 -84.373512
19900.000000 -84.105766
19950.000000 -84.618134
20000.000000 -82.002861
20050.000000 -85.055244
20100.000000 -83.835716
20150.000000 -85.425941
20200.000000 -84.329765
20250.000000 -84.512772
20300.000000 -85.470612
20350.000000 -85.533035
20400.000000 -85.998901
20450.000000 -85.606018
20500.000000 -85.725616
20550.000000 -85.109970
20600.000000 -87.171974
20650.000000 -86.592499
20700.000000 -87.364761
20750.000000 -86.530441
20800.000000 -86.663574
20850.000000 -86.657867
20900.000000 -87.084671
20950.000000 -88.465126
21000.000000 -86.755394
21050.000000 -86.382721
21100.000000 -88.700089
21150.000000 -89.251289
21200.000000 -87.802643
21250.000000 -87.489426
21300.000000 -87.451843
21350.000000 -89.648582
21400.000000 -87.364761
21450.000000 -89.239761
21500.000000 -88.956444
21550.000000 -88.923058
21600.000000 -91.180847
21650.000000 -86.429832
21700.000000 -88.114067
21750.000000 -90.511124
21800.000000 -89.247444
21850.000000 -90.731720
21900.000000 -89.258980
21950.000000 -89.552521
22000.000000 -90.103020
22050.000000 -90.948700
22100.000000 -89.536606
22150.000000 -89.205269
22200.000000 -92.193100
22250.000000 -90.911385
22300.000000 -89.737587
22350.000000 -90.252739
22400.000000 -88.585381
22450.000000 -91.350548
22500.000000 -85.844284
22550.000000 -89.243607
22600.000000 -90.466789
22650.000000 -90.502235
22700.000000 -91.379974
22750.000000 -91.166451
22800.000000 -91.262856
22850.000000 -90.111504
22900.000000 -88.834648
22950.000000 -91.705322
23000.000000 -90.930023
23050.000000 -88.107323
23100.000000 -90.827995
23150.000000 -93.413269
23200.000000 -91.375061
23250.000000 -91.316338
23300.000000 -89.220581
23350.000000 -94.117828
23400.000000 -92.819382
23450.000000 -90.911385
23500.000000 -90.883499
23550.000000 -91.906555
23600.000000 -91.669693
23650.000000 -91.771881
23700.000000 -89.786522
23750.000000 -91.243492
23800.000000 -91.248329
23850.000000 -89.922539
23900.000000 -89.552521
23950.000000 -90.274338
24000.000000 -90.166870
24050.000000 -89.012367
24100.000000 -89.012367
24150.000000 -91.735985
24200.000000 -92.236366
24250.000000 -91.253166
24300.000000 -92.274406
24350.000000 -88.256905
24400.000000 -93.761642
24450.000000 -90.920700
24500.000000 -90.179695
24550.000000 -91.927460
24600.000000 -93.481834
24650.000000 -90.257057
24700.000000 -90.804977
24750.000000 -90.014404
24800.000000 -89.802895
24850.000000 -90.488930
24900.000000 -91.558662
24950.000000 -89.113960
25000.000000 -90.409485
25050.000000 -93.382278
25100.000000 -92.871727
25150.000000 -93.132263
25200.000000 -91.147301
25250.000000 -91.009689
25300.000000 -90.846458
25350.000000 -94.789543
25400.000000 -93.247231
25450.000000 -90.618469
25500.000000 -90.493362
25550.000000 -90.546761
25600.000000 -93.018799
25650.000000 -91.200073
25700.000000 -91.330986
25750.000000 -94.659576
25800.000000 -91.409500
25850.000000 -93.500626
25900.000000 -92.467125
25950.000000 -91.028542
26000.000000 -91.147301
26050.000000 -91.190453
26100.000000 -92.247223
26150.000000 -94.630959
26200.000000 -93.690842
26250.000000 -89.770180
26300.000000 -93.320633
26350.000000 -92.075218
26400.000000 -91.219345
26450.000000 -92.681328
26500.000000 -90.925362
26550.000000 -91.301720
26600.000000 -90.453529
26650.000000 -94.097656
26700.000000 -87.327713
26750.000000 -89.922539
26800.000000 -92.675621
26850.000000 -90.564629
26900.000000 -93.012871
26950.000000 -90.718048
27000.000000 -92.596321
27050.000000 -95.176308
27100.000000 -90.636490
27150.000000 -90.618469
27200.000000 -93.475578
27250.000000 -91.316338
27300.000000 -94.171867
27350.000000 -91.224167
27400.000000 -89.684883
27450.000000 -89.964203
27500.000000 -89.951660
27550.000000 -94.090942
27600.000000 -91.429237
27650.000000 -91.277412
27700.000000 -92.472702
27750.000000 -90.064926
27800.000000 -95.629044
27850.000000 -94.037407
27900.000000 -92.556679
27950.000000 -92.296219
28000.000000 -93.132263
28050.000000 -93.569885
28100.000000 -91.901337
28150.000000 -91.807938
28200.000000 -92.323555
28250.000000 -94.545662
28300.000000 -91.389801
28350.000000 -92.773125
28400.000000 -90.400703
28450.000000 -93.407059
28500.000000 -93.794014
28550.000000 -92.318085
28600.000000 -93.852592
28650.000000 -92.372986
28700.000000 -95.360794
28750.000000 -93.494362
28800.000000 -91.985207
28850.000000 -89.540588
28900.000000 -91.787315
28950.000000 -93.114250
29000.000000 -94.212608
29050.000000 -94.995659
29100.000000 -93.748726
29150.000000 -92.930260
29200.000000 -95.922409
29250.000000 -95.161110
29300.000000 -93.314491
29350.000000 -96.260422
29400.000000 -92.802010
29450.000000 -91.253227
29500.000000 -88.776199
29550.000000 -93.078331
29600.000000 -91.277412
29650.000000 -91.558662
29700.000000 -91.629158
29750.000000 -92.755836
29800.000000 -90.722603
29850.000000 -93.885307
29900.000000 -93.984200
29950.000000 -92.133957
30000.000000 -92.193100
30050.000000 -92.562302
30100.000000 -91.023827
30150.000000 -94.260391
30200.000000 -91.458939
30250.000000 -91.345650
30300.000000 -92.511787
30350.000000 -94.566902
30400.000000 -92.406097
30450.000000 -94.044083
30500.000000 -92.241791
30550.000000 -92.918518
30600.000000 -91.365250
30650.000000 -93.168404
30700.000000 -93.174446
30750.000000 -92.318085
30800.000000 -93.519463
30850.000000 -90.400703
30900.000000 -89.061134
30950.000000 -89.918381
31000.000000 -96.217445
31050.000000 -94.869934
31100.000000 -92.534203
31150.000000 -90.171143
31200.000000 -92.601799
31250.000000 -91.985207
31300.000000 -90.488930
31350.000000 -93.120255
31400.000000 -93.060432
31450.000000 -90.107262
31500.000000 -94.004112
31550.000000 -94.057442
31600.000000 -92.489426
31650.000000 -93.671631
31700.000000 -93.144295
31750.000000 -93.614250
31800.000000 -91.123421
31850.000000 -95.399727
31900.000000 -69.296783
31950.000000 -63.438267
32000.000000 -60.035194
32050.000000 -57.907635
32100.000000 -56.137947
32150.000000 -54.990788
32200.000000 -53.978539
32250.000000 -55.495430
32300.000000 -54.920124
32350.000000 -54.973980
32400.000000 -54.157486
32450.000000 -54.012600
32500.000000 -53.934322
32550.000000 -53.961990
32600.000000 -53.953331
32650.000000 -55.476593
32700.000000 -54.750607
32750.000000 -54.486210
32800.000000 -55.147877
32850.000000 -56.330814
32900.000000 -58.018436
32950.000000 -59.520828
33000.000000 -61.795380
33050.000000 -64.216606
33100.000000 -64.737358
33150.000000 -63.286415
33200.000000 -61.019806
33250.000000 -59.273170
33300.000000 -57.634079
33350.000000 -56.430855
33400.000000 -55.398525
33450.000000 -54.917465
33500.000000 -57.629536
33550.000000 -56.467579
33600.000000 -55.442883
33650.000000 -54.844391
33700.000000 -54.203674
33750.000000 -53.976021
33800.000000 -53.973770
33850.000000 -53.966423
33900.000000 -53.968143
33950.000000 -53.967216
34000.000000 -53.977146
34050.000000 -56.725895
34100.000000 -55.068340
34150.000000 -55.587845
34200.000000 -54.653889
34250.000000 -55.011135
34300.000000 -55.691013
34350.000000 -56.338028
34400.000000 -57.251122
34450.000000 -57.863270
34500.000000 -58.900593
34550.000000 -59.672909
34600.000000 -59.897755
34650.000000 -59.721676
34700.000000 -59.387157
34750.000000 -58.709213
34800.000000 -58.065514
34850.000000 -57.230476
34900.000000 -56.689514
34950.000000 -56.060467
35000.000000 -55.570080
35050.000000 -55.179245
35100.000000 -54.858311
35150.000000 -54.683445
35200.000000 -54.483047
35250.000000 -54.370647
35300.000000 -54.548462
35350.000000 -54.915398
35400.000000 -54.680786
35450.000000 -54.913998
35500.000000 -54.989300
35550.000000 -55.620686
35600.000000 -55.928177
35650.000000 -56.333508
35700.000000 -56.846645
35750.000000 -57.183586
35800.000000 -57.588573
35850.000000 -58.062435
35900.000000 -58.162903
35950.000000 -58.276165
36000.000000 -58.078358
36050.000000 -57.998837
36100.000000 -57.735500
36150.000000 -57.306252
36200.000000 -56.957325
36250.000000 -56.546566
36300.000000 -56.270561
36350.000000 -55.977665
36400.000000 -55.579716
36450.000000 -55.485573
36500.000000 -55.388466
36550.000000 -55.132351
36600.000000 -55.158344
36650.000000 -55.233585
36700.000000 -55.234734
36750.000000 -55.310177
36800.000000 -55.483051
36850.000000 -55.678997
36900.000000 -55.957005
36950.000000 -56.236465
37000.000000 -56.574577
37050.000000 -56.862793
37100.000000 -56.902229
37150.000000 -57.118374
37200.000000 -57.378475
37250.000000 -57.435703
37300.000000 -57.483383
37350.000000 -57.377102
37400.000000 -57.223160
37450.000000 -56.926571
37500.000000 -56.821239
37550.000000 -56.742458
37600.000000 -56.562790
37650.000000 -56.244549
37700.000000 -56.189163
37750.000000 -56.136841
37800.000000 -55.886642
37850.000000 -55.708626
37900.000000 -55.656460
37950.000000 -55.705875
38000.000000 -55.871716
38050.000000 -55.853855
38100.000000 -55.921295
38150.000000 -56.015533
38200.000000 -56.156235
38250.000000 -56.159641
38300.000000 -56.469345
38350.000000 -56.431648
38400.000000 -56.566269
38450.000000 -56.677753
38500.000000 -56.763432
38550.000000 -56.917923
38600.000000 -56.814533
38650.000000 -57.039600
38700.000000 -57.046764
38750.000000 -56.818665
38800.000000 -56.768822
38850.000000 -56.814346
38900.000000 -56.641125
38950.000000 -56.549866
39000.000000 -56.399452
39050.000000 -56.193863
39100.000000 -56.152145
39150.000000 -56.124447
39200.000000 -56.167564
39250.000000 -56.130135
39300.000000 -56.015865
39350.000000 -56.079773
39400.000000 -56.108261
39450.000000 -56.234318
39500.000000 -56.265041
39550.000000 -56.396477
39600.000000 -56.433846
39650.000000 -56.662487
39700.000000 -56.594971
39750.000000 -56.662670
39800.000000 -56.660683
39850.000000 -56.758228
39900.000000 -56.774303
39950.000000 -56.653286
40000.000000 -56.698666
