0.000000 -55.725380
50.000000 -55.681656
100.000000 -55.567215
150.000000 -55.566338
200.000000 -55.476620
250.000000 -55.332916
300.000000 -55.402897
350.000000 -55.354397
400.000000 -55.313808
450.000000 -55.259888
500.000000 -55.203777
550.000000 -55.187771
600.000000 -55.196838
650.000000 -55.223331
700.000000 -55.088947
750.000000 -55.133560
800.000000 -55.146664
850.000000 -55.218746
900.000000 -55.226929
950.000000 -55.296597
1000.000000 -55.242317
1050.000000 -55.304619
1100.000000 -55.385971
1150.000000 -55.499851
1200.000000 -55.477695
1250.000000 -55.337952
1300.000000 -55.421104
1350.000000 -55.422279
1400.000000 -55.406097
1450.000000 -55.488724
1500.000000 -55.606846
1550.000000 -55.723110
1600.000000 -55.601494
1650.000000 -55.530376
1700.000000 -55.425564
1750.000000 -55.447353
1800.000000 -55.513123
1850.000000 -55.414928
1900.000000 -55.418365
1950.000000 -55.432926
2000.000000 -55.295822
2050.000000 -55.351913
2100.000000 -55.345703
2150.000000 -55.383480
2200.000000 -55.172321
2250.000000 -55.312420
2300.000000 -55.395638
2350.000000 -55.355949
2400.000000 -55.343143
2450.000000 -55.312805
2500.000000 -55.350590
2550.000000 -55.472263
2600.000000 -55.472183
2650.000000 -55.405861
2700.000000 -55.310795
2750.000000 -55.487465
2800.000000 -55.553383
2850.000000 -55.493538
2900.000000 -55.535133
2950.000000 -55.445629
3000.000000 -55.490620
3050.000000 -55.526970
3100.000000 -55.450806
3150.000000 -55.591755
3200.000000 -55.550446
3250.000000 -55.576687
3300.000000 -55.561329
3350.000000 -55.573185
3400.000000 -55.577404
3450.000000 -55.737297
3500.000000 -55.627811
3550.000000 -55.493301
3600.000000 -55.555447
3650.000000 -55.658630
3700.000000 -55.591434
3750.000000 -55.581947
3800.000000 -55.608124
3850.000000 -55.613163
3900.000000 -55.654453
3950.000000 -55.571434
4000.000000 -55.564350
4050.000000 -55.668446
4100.000000 -55.510357
4150.000000 -55.612923
4200.000000 -55.603809
4250.000000 -55.511147
4300.000000 -55.662010
4350.000000 -55.617882
4400.000000 -55.559658
4450.000000 -55.531250
4500.000000 -55.550682
4550.000000 -55.449394
4600.000000 -55.558308
4650.000000 -55.550522
4700.000000 -55.586967
4750.000000 -55.544571
4800.000000 -55.479034
4850.000000 -55.478485
4900.000000 -55.507591
4950.000000 -55.597580
5000.000000 -55.535370
5050.000000 -55.526020
5100.000000 -55.543777
5150.000000 -55.607327
5200.000000 -55.606449
5250.000000 -55.643208
5300.000000 -55.621082
5350.000000 -55.688591
5400.000000 -55.621082
5450.000000 -55.604370
5500.000000 -55.695694
5550.000000 -55.488411
5600.000000 -55.644093
5650.000000 -55.664906
5700.000000 -55.524040
5750.000000 -55.686493
5800.000000 -55.648426
5850.000000 -55.606365
5900.000000 -55.577564
5950.000000 -55.598297
6000.000000 -55.634544
6050.000000 -55.561409
6100.000000 -55.557991
6150.000000 -55.671665
6200.000000 -55.651478
6250.000000 -55.684319
6300.000000 -55.724812
6350.000000 -55.718739
6400.000000 -55.758339
6450.000000 -55.730972
6500.000000 -55.614124
6550.000000 -55.624527
6600.000000 -55.597900
6650.000000 -55.668766
6700.000000 -55.633904
6750.000000 -55.548378
6800.000000 -55.528316
6850.000000 -55.565624
6900.000000 -55.592873
6950.000000 -55.546474
7000.000000 -55.643127
7050.000000 -55.651558
7100.000000 -55.686413
7150.000000 -55.641602
7200.000000 -55.696663
7250.000000 -55.779182
7300.000000 -55.587288
7350.000000 -55.712021
7400.000000 -55.651318
7450.000000 -55.636627
7500.000000 -55.715904
7550.000000 -55.660320
7600.000000 -55.655094
7650.000000 -55.715580
7700.000000 -55.636387
7750.000000 -55.680126
7800.000000 -55.705875
7850.000000 -55.700783
7900.000000 -55.646099
7950.000000 -55.708546
8000.000000 -55.684074
8050.000000 -55.681576
8100.000000 -55.804657
8150.000000 -55.738594
8200.000000 -55.822662
8250.000000 -55.751019
8300.000000 -55.755001
8350.000000 -55.807762
8400.000000 -55.885155
8450.000000 -55.762810
8500.000000 -55.798935
8550.000000 -55.778530
8600.000000 -55.765335
8650.000000 -55.740299
8700.000000 -55.830368
8750.000000 -55.760452
8800.000000 -55.750290
8850.000000 -55.801712
8900.000000 -55.802937
8950.000000 -55.738678
9000.000000 -55.658230
9050.000000 -55.709110
9100.000000 -55.671181
9150.000000 -55.683189
9200.000000 -55.816685
9250.000000 -55.717766
9300.000000 -55.712830
9350.000000 -55.783340
9400.000000 -55.782036
9450.000000 -55.782200
9500.000000 -55.648987
9550.000000 -55.792809
9600.000000 -55.790031
9650.000000 -55.784889
9700.000000 -55.765495
9750.000000 -55.874683
9800.000000 -55.932491
9850.000000 -55.802528
9900.000000 -55.904739
9950.000000 -55.916904
10000.000000 -55.845142
10050.000000 -55.845718
10100.000000 -55.752159
10150.000000 -55.743385
10200.000000 -55.677544
10250.000000 -55.806618
10300.000000 -55.698521
10350.000000 -55.968079
10400.000000 -55.761429
10450.000000 -55.726353
10500.000000 -55.638474
10550.000000 -55.801792
10600.000000 -55.629574
10650.000000 -55.904572
10700.000000 -55.895477
10750.000000 -55.817913
10800.000000 -55.630215
10850.000000 -55.736244
10900.000000 -55.754597
10950.000000 -55.754353
11000.000000 -55.738354
11050.000000 -55.790031
11100.000000 -55.730892
11150.000000 -55.861423
11200.000000 -55.842266
11250.000000 -55.869080
11300.000000 -55.825451
11350.000000 -55.741924
11400.000000 -55.777065
11450.000000 -55.772095
11500.000000 -55.776981
11550.000000 -55.809811
11600.000000 -55.673439
11650.000000 -55.830940
11700.000000 -55.772011
11750.000000 -55.860352
11800.000000 -55.830284
11850.000000 -55.856155
11900.000000 -55.848347
11950.000000 -55.686493
12000.000000 -55.743061
12050.000000 -56.107922
12100.000000 -56.208069
12150.000000 -56.389828
12200.000000 -56.638062
12250.000000 -56.698120
12300.000000 -56.994003
12350.000000 -57.174103
12400.000000 -57.403503
12450.000000 -57.427124
12500.000000 -57.600830
12550.000000 -57.908882
12600.000000 -58.060528
12650.000000 -58.176537
12700.000000 -58.322693
12750.000000 -58.551750
12800.000000 -58.727741
12850.000000 -59.005150
12900.000000 -59.109432
12950.000000 -59.325623
13000.000000 -59.439686
13050.000000 -59.635464
13100.000000 -59.717182
13150.000000 -59.844997
13200.000000 -60.193928
13250.000000 -60.322544
13300.000000 -60.275219
13350.000000 -60.571186
13400.000000 -60.828609
13450.000000 -60.874218
13500.000000 -61.258396
13550.000000 -61.314960
13600.000000 -61.610119
13650.000000 -61.675133
13700.000000 -61.931709
13750.000000 -62.026253
13800.000000 -62.355064
13850.000000 -62.422943
13900.000000 -62.688335
13950.000000 -62.798836
14000.000000 -63.099972
14050.000000 -62.996994
14100.000000 -63.284481
14150.000000 -63.617111
14200.000000 -63.502697
14250.000000 -63.948360
14300.000000 -64.012070
14350.000000 -64.292534
14400.000000 -64.603027
14450.000000 -64.551170
14500.000000 -64.894722
14550.000000 -64.758194
14600.000000 -65.226021
14650.000000 -65.498260
14700.000000 -65.669930
14750.000000 -65.744072
14800.000000 -65.880714
14850.000000 -66.011597
14900.000000 -66.234200
14950.000000 -66.465462
15000.000000 -66.310608
15050.000000 -66.826935
15100.000000 -66.793259
15150.000000 -66.744141
15200.000000 -67.414093
15250.000000 -67.382408
15300.000000 -67.650047
15350.000000 -67.622910
15400.000000 -68.206978
15450.000000 -68.217209
15500.000000 -68.338547
15550.000000 -68.474609
15600.000000 -68.612473
15650.000000 -68.608543
15700.000000 -69.181198
15750.000000 -69.395111
15800.000000 -69.269753
15850.000000 -69.822983
15900.000000 -69.702675
15950.000000 -69.944565
16000.000000 -70.040039
16050.000000 -70.059853
16100.000000 -70.071251
16150.000000 -70.423538
16200.000000 -70.592842
16250.000000 -71.301216
16300.000000 -70.878845
16350.000000 -71.035606
16400.000000 -71.687988
16450.000000 -71.989929
16500.000000 -71.761597
16550.000000 -71.896103
16600.000000 -72.170456
16650.000000 -72.268402
16700.000000 -72.655098
16750.000000 -72.785225
16800.000000 -72.850151
16850.000000 -72.736839
16900.000000 -72.897995
16950.000000 -73.073532
17000.000000 -73.796585
17050.000000 -73.821930
17100.000000 -73.948448
17150.000000 -73.403938
17200.000000 -74.155594
17250.000000 -74.351883
17300.000000 -74.110405
17350.000000 -74.718513
17400.000000 -75.271873
17450.000000 -74.840584
17500.000000 -75.315819
17550.000000 -74.725014
17600.000000 -75.177040
17650.000000 -75.416100
17700.000000 -75.662735
17750.000000 -75.370872
17800.000000 -76.315720
17850.000000 -76.400246
17900.000000 -76.186600
17950.000000 -76.558426
18000.000000 -76.488258
18050.000000 -76.300117
18100.000000 -76.785194
18150.000000 -77.448837
18200.000000 -76.622871
18250.000000 -77.653786
18300.000000 -77.115433
18350.000000 -78.114983
18400.000000 -77.546211
18450.000000 -77.968994
18500.000000 -78.606560
18550.000000 -78.715614
18600.000000 -77.864723
18650.000000 -78.202904
18700.000000 -78.855057
18750.000000 -78.462135
18800.000000 -79.163673
18850.000000 -79.420197
18900.000000 -79.368286
18950.000000 -79.461212
19000.000000 -80.559166
19050.000000 -80.573311
19100.000000 -80.927299
19150.000000 -79.955849
19200.000000 -80.688759
19250.000000 -80.703117
19300.000000 -79.999474
19350.000000 -81.715576
19400.000000 -81.916496
19450.000000 -81.577805
19500.000000 -81.091049
19550.000000 -79.896713
19600.000000 -81.100067
19650.000000 -81.370499
19700.000000 -81.788544
19750.000000 -81.533417
19800.000000 -83.286613
19850.000000 -82.726524
19900.000000 -83.774101
19950.000000 -82.859970
20000.000000 -82.418221
20050.000000 -83.997993
20100.000000 -83.383904
20150.000000 -84.450600
20200.000000 -83.378036
20250.000000 -84.071808
20300.000000 -84.124924
20350.000000 -83.593834
20400.000000 -85.114746
20450.000000 -84.615883
20500.000000 -84.925758
20550.000000 -84.148392
20600.000000 -84.876831
20650.000000 -84.708832
20700.000000 -84.351608
20750.000000 -86.089272
20800.000000 -85.568192
20850.000000 -86.283798
20900.000000 -88.507378
20950.000000 -85.720490
21000.000000 -86.169792
21050.000000 -86.468819
21100.000000 -86.643616
21150.000000 -86.709358
21200.000000 -86.824905
21250.000000 -86.410400
21300.000000 -86.715103
21350.000000 -84.629425
21400.000000 -87.190147
21450.000000 -88.030144
21500.000000 -88.493271
21550.000000 -84.784370
21600.000000 -88.127571
21650.000000 -86.330368
21700.000000 -88.087128
21750.000000 -88.185196
21800.000000 -90.183975
21850.000000 -89.110176
21900.000000 -90.990883
21950.000000 -88.367340
22000.000000 -90.069153
22050.000000 -89.336296
22100.000000 -92.444885
22150.000000 -89.461441
22200.000000 -88.556931
22250.000000 -89.297554
22300.000000 -90.551224
22350.000000 -90.800377
22400.000000 -89.628487
22450.000000 -91.624100
22500.000000 -90.145531
22550.000000 -92.813591
22600.000000 -90.981491
22650.000000 -92.312607
22700.000000 -90.878860
22750.000000 -93.006943
22800.000000 -92.032745
22850.000000 -93.114250
22900.000000 -91.518631
22950.000000 -92.953781
23000.000000 -92.687035
23050.000000 -91.444077
23100.000000 -94.233055
23150.000000 -92.489426
23200.000000 -88.517975
23250.000000 -94.503326
23300.000000 -94.419266
23350.000000 -91.802780
23400.000000 -93.351402
23450.000000 -95.980614
23500.000000 -94.192215
23550.000000 -92.395042
23600.000000 -94.426239
23650.000000 -95.077988
23700.000000 -91.563675
23750.000000 -95.206779
23800.000000 -95.070473
23850.000000 -91.204887
23900.000000 -92.750084
23950.000000 -88.827324
24000.000000 -91.932693
24050.000000 -92.930260
24100.000000 -93.977570
24150.000000 -95.062958
24200.000000 -95.629044
24250.000000 -89.926689
24300.000000 -91.912918
24350.000000 -91.166451
24400.000000 -96.303612
24450.000000 -94.336014
24500.000000 -89.422134
24550.000000 -91.802780
24600.000000 -93.277740
24650.000000 -93.690842
24700.000000 -94.468201
24750.000000 -92.906799
24800.000000 -94.921509
24850.000000 -94.552734
24900.000000 -91.399643
24950.000000 -96.469734
25000.000000 -92.307144
25050.000000 -92.128601
25100.000000 -90.405090
25150.000000 -91.267708
25200.000000 -91.419365
25250.000000 -94.623817
25300.000000 -91.674774
25350.000000 -93.898430
25400.000000 -92.220116
25450.000000 -93.042564
25500.000000 -91.326096
25550.000000 -91.277412
25600.000000 -93.054474
25650.000000 -95.637062
25700.000000 -93.132263
25750.000000 -93.351402
25800.000000 -92.871727
25850.000000 -90.356918
25900.000000 -91.937927
25950.000000 -91.104362
26000.000000 -91.296852
26050.000000 -90.650032
26100.000000 -95.376343
26150.000000 -93.096275
26200.000000 -90.383163
26250.000000 -93.357620
26300.000000 -90.392525
26350.000000 -89.584427
26400.000000 -90.972160
26450.000000 -90.291664
26500.000000 -91.624100
26550.000000 -93.781052
26600.000000 -93.289978
26650.000000 -93.241142
26700.000000 -90.183975
26750.000000 -93.144295
26800.000000 -92.989189
26850.000000 -92.830986
26900.000000 -92.784668
26950.000000 -89.713226
27000.000000 -92.709908
27050.000000 -94.274094
27100.000000 -93.463081
27150.000000 -93.351402
27200.000000 -93.006943
27250.000000 -95.298859
27300.000000 -94.510368
27350.000000 -92.528595
27400.000000 -90.902077
27450.000000 -90.409485
27500.000000 -92.285301
27550.000000 -92.384010
27600.000000 -92.171547
27650.000000 -93.588875
27700.000000 -94.405334
27750.000000 -92.836800
27800.000000 -92.361977
27850.000000 -92.865898
27900.000000 -93.742271
27950.000000 -96.505112
28000.000000 -94.552734
28050.000000 -98.992088
28100.000000 -99.146881
28150.000000 -91.608955
28200.000000 -92.596146
28250.000000 -90.427071
28300.000000 -93.469330
28350.000000 -92.732841
28400.000000 -93.289978
28450.000000 -95.798965
28500.000000 -91.782173
28550.000000 -91.493713
28600.000000 -94.489281
28650.000000 -92.517387
28700.000000 -91.679863
28750.000000 -90.916039
28800.000000 -92.323555
28850.000000 -92.796227
28900.000000 -92.091194
28950.000000 -95.176308
29000.000000 -91.301720
29050.000000 -92.133957
29100.000000 -94.124565
29150.000000 -89.293686
29200.000000 -96.098221
29250.000000 -94.219421
29300.000000 -91.272560
29350.000000 -92.032745
29400.000000 -91.917000
29450.000000 -93.302223
29500.000000 -92.641472
29550.000000 -95.032982
29600.000000 -93.431915
29650.000000 -96.056038
29700.000000 -96.594200
29750.000000 -92.579208
29800.000000 -91.782173
29850.000000 -92.819382
29900.000000 -93.247231
29950.000000 -89.976700
30000.000000 -92.848427
30050.000000 -93.755180
30100.000000 -91.932693
30150.000000 -91.439125
30200.000000 -92.675621
30250.000000 -90.677177
30300.000000 -92.450439
30350.000000 -91.578743
30400.000000 -94.070824
30450.000000 -94.840614
30500.000000 -93.532043
30550.000000 -94.111099
30600.000000 -89.079964
30650.000000 -90.048058
30700.000000 -93.001022
30750.000000 -90.462364
30800.000000 -89.729462
30850.000000 -92.618774
30900.000000 -91.649399
30950.000000 -93.820000
31000.000000 -92.942009
31050.000000 -92.209305
31100.000000 -91.613998
31150.000000 -90.916039
31200.000000 -91.384888
31250.000000 -91.906555
31300.000000 -96.226021
31350.000000 -93.271629
31400.000000 -94.681099
31450.000000 -91.684952
31500.000000 -92.613113
31550.000000 -92.483849
31600.000000 -92.871727
31650.000000 -91.710426
31700.000000 -92.562302
31750.000000 -94.144806
31800.000000 -93.710091
31850.000000 -92.883400
31900.000000 -88.507378
31950.000000 -70.026573
32000.000000 -64.168709
32050.000000 -60.191219
32100.000000 -57.859123
32150.000000 -56.518471
32200.000000 -54.693726
32250.000000 -54.101593
32300.000000 -53.969398
32350.000000 -54.249901
32400.000000 -55.003452
32450.000000 -55.650597
32500.000000 -55.644249
32550.000000 -53.979069
32600.000000 -53.918911
32650.000000 -53.909901
32700.000000 -53.968475
32750.000000 -53.954521
32800.000000 -54.068993
32850.000000 -54.535664
32900.000000 -55.314426
32950.000000 -54.923744
33000.000000 -55.568249
33050.000000 -56.838631
33100.000000 -58.292152
33150.000000 -60.125893
33200.000000 -61.845394
33250.000000 -63.354595
33300.000000 -63.299580
33350.000000 -61.775848
33400.000000 -60.341549
33450.000000 -58.561401
33500.000000 -57.629536
33550.000000 -56.467579
33600.000000 -55.442883
33650.000000 -54.844391
33700.000000 -54.203674
33750.000000 -53.976021
33800.000000 -53.973770
33850.000000 -53.966423
33900.000000 -53.968143
33950.000000 -53.967216
34000.000000 -53.977146
34050.000000 -56.725895
34100.000000 -55.068340
34150.000000 -55.587845
34200.000000 -54.653889
34250.000000 -55.011135
34300.000000 -55.691013
34350.000000 -54.595356
34400.000000 -55.475018
34450.000000 -54.924706
34500.000000 -54.519077
34550.000000 -54.199863
34600.000000 -55.367325
34650.000000 -53.973969
34700.000000 -53.967083
34750.000000 -54.130878
34800.000000 -54.394180
34850.000000 -55.207516
34900.000000 -55.680851
34950.000000 -56.183521
35000.000000 -56.792423
35050.000000 -57.205173
35100.000000 -57.515186
35150.000000 -57.942493
35200.000000 -57.826660
35250.000000 -57.586372
35300.000000 -57.157845
35350.000000 -57.108585
35400.000000 -56.613708
35450.000000 -56.088821
35500.000000 -55.571911
35550.000000 -55.141361
35600.000000 -54.705463
35650.000000 -54.604610
35700.000000 -54.435703
35750.000000 -54.251816
35800.000000 -53.974434
35850.000000 -53.977943
35900.000000 -53.972843
35950.000000 -53.969398
36000.000000 -53.966953
36050.000000 -53.970196
36100.000000 -53.969532
36150.000000 -53.975292
36200.000000 -54.049461
36250.000000 -54.311787
36300.000000 -54.462635
36350.000000 -54.694374
36400.000000 -55.066235
36450.000000 -55.374371
36500.000000 -55.551792
36550.000000 -55.945778
36600.000000 -56.055248
36650.000000 -56.435692
36700.000000 -56.235176
36750.000000 -56.518738
36800.000000 -56.557617
36850.000000 -56.583607
36900.000000 -56.446339
36950.000000 -56.333160
37000.000000 -56.000633
37050.000000 -55.790848
37100.000000 -55.555447
37150.000000 -55.331291
37200.000000 -55.249832
37250.000000 -54.933502
37300.000000 -54.800941
37350.000000 -54.688404
37400.000000 -54.650951
37450.000000 -54.405724
37500.000000 -54.457664
37550.000000 -54.532627
37600.000000 -54.763798
37650.000000 -54.629997
37700.000000 -54.716785
37750.000000 -54.643295
37800.000000 -54.773670
37850.000000 -54.820339
37900.000000 -54.954605
37950.000000 -55.111340
38000.000000 -55.197678
38050.000000 -55.471085
38100.000000 -55.587765
38150.000000 -55.635345
38200.000000 -55.707977
38250.000000 -55.809563
38300.000000 -55.887878
38350.000000 -55.849087
38400.000000 -56.003727
38450.000000 -55.811852
38500.000000 -55.850567
38550.000000 -55.762566
38600.000000 -55.564987
38650.000000 -55.550049
38700.000000 -55.413441
38750.000000 -55.431206
38800.000000 -55.189903
38850.000000 -55.180157
38900.000000 -55.153564
38950.000000 -55.037445
39000.000000 -54.991161
39050.000000 -54.860069
39100.000000 -54.797226
39150.000000 -54.849957
39200.000000 -54.837952
39250.000000 -54.801453
39300.000000 -54.916946
39350.000000 -54.957573
39400.000000 -55.088570
39450.000000 -55.005020
39500.000000 -55.097458
39550.000000 -55.336246
39600.000000 -55.195618
39650.000000 -55.528160
39700.000000 -55.591995
39750.000000 -55.515339
39800.000000 -55.723759
39850.000000 -55.742653
39900.000000 -55.823238
39950.000000 -55.700298
40000.000000 -55.758255
