0.000000 -54.114777
50.000000 -54.180447
100.000000 -53.960865
150.000000 -53.967415
200.000000 -53.976883
250.000000 -53.972645
300.000000 -53.973770
350.000000 -53.972908
400.000000 -53.974434
450.000000 -53.975426
500.000000 -53.973309
550.000000 -53.975822
600.000000 -53.973309
650.000000 -53.976883
700.000000 -54.232487
750.000000 -55.087288
800.000000 -57.544407
850.000000 -56.036499
900.000000 -55.541874
950.000000 -54.558514
1000.000000 -55.675289
1050.000000 -57.387299
1100.000000 -57.030743
1150.000000 -55.488174
1200.000000 -53.975624
1250.000000 -53.965759
1300.000000 -53.969070
1350.000000 -53.969006
1400.000000 -53.962322
1450.000000 -53.965561
1500.000000 -53.965496
1550.000000 -53.966160
1600.000000 -53.968143
1650.000000 -53.971321
1700.000000 -55.573421
1750.000000 -54.502804
1800.000000 -54.659546
1850.000000 -55.933071
1900.000000 -55.502064
1950.000000 -54.686749
2000.000000 -54.707264
2050.000000 -56.901207
2100.000000 -57.029423
2150.000000 -54.017200
2200.000000 -53.976223
2250.000000 -53.978405
2300.000000 -53.973637
2350.000000 -53.970657
2400.000000 -53.976154
2450.000000 -53.976154
2500.000000 -53.977547
2550.000000 -53.978008
2600.000000 -53.973240
2650.000000 -53.966953
2700.000000 -53.972843
2750.000000 -53.968674
2800.000000 -53.975887
2850.000000 -54.053806
2900.000000 -54.838829
2950.000000 -54.972046
3000.000000 -54.800213
3050.000000 -55.596863
3100.000000 -56.427517
3150.000000 -54.168518
3200.000000 -55.099419
3250.000000 -53.975689
3300.000000 -53.970127
3350.000000 -53.974365
3400.000000 -53.970127
3450.000000 -53.968273
3500.000000 -53.970394
3550.000000 -53.967216
3600.000000 -53.970261
3650.000000 -53.971916
3700.000000 -53.971783
3750.000000 -53.971916
3800.000000 -53.971519
3850.000000 -53.969135
3900.000000 -53.974037
3950.000000 -54.889088
4000.000000 -54.736858
4050.000000 -54.770546
4100.000000 -54.838974
4150.000000 -54.410667
4200.000000 -54.363232
4250.000000 -54.376125
4300.000000 -53.978539
4350.000000 -53.975227
4400.000000 -53.974167
4450.000000 -53.975292
4500.000000 -53.973106
4550.000000 -53.972580
4600.000000 -54.042252
4650.000000 -54.053337
4700.000000 -54.044987
4750.000000 -54.058620
4800.000000 -53.974895
4850.000000 -54.020519
4900.000000 -54.048061
4950.000000 -54.015793
5000.000000 -54.103745
5050.000000 -55.343376
5100.000000 -55.629253
5150.000000 -56.377853
5200.000000 -54.538914
5250.000000 -55.853031
5300.000000 -54.550232
5350.000000 -54.070801
5400.000000 -53.976154
5450.000000 -53.991734
5500.000000 -53.977215
5550.000000 -54.072540
5600.000000 -53.975887
5650.000000 -54.037579
5700.000000 -54.086014
5750.000000 -54.115986
5800.000000 -54.044121
5850.000000 -53.977016
5900.000000 -54.049194
5950.000000 -54.068188
6000.000000 -53.977879
6050.000000 -54.088631
6100.000000 -55.319916
6150.000000 -55.090149
6200.000000 -54.801231
6250.000000 -54.721615
6300.000000 -54.494362
6350.000000 -54.229893
6400.000000 -54.191307
6450.000000 -54.058754
6500.000000 -54.105289
6550.000000 -54.142349
6600.000000 -54.141132
6650.000000 -54.201092
6700.000000 -54.056747
6750.000000 -54.255096
6800.000000 -54.154919
6850.000000 -54.143566
6900.000000 -54.192459
6950.000000 -54.195450
7000.000000 -54.278458
7050.000000 -54.193546
7100.000000 -54.154984
7150.000000 -54.286552
7200.000000 -54.390564
7250.000000 -54.485294
7300.000000 -54.415684
7350.000000 -54.267899
7400.000000 -54.411922
7450.000000 -54.225868
7500.000000 -54.145996
7550.000000 -54.172989
7600.000000 -54.261532
7650.000000 -54.265434
7700.000000 -54.240471
7750.000000 -54.256809
7800.000000 -54.215446
7850.000000 -54.268585
7900.000000 -54.255920
7950.000000 -54.248875
8000.000000 -54.241154
8050.000000 -54.295071
8100.000000 -54.225868
8150.000000 -54.253456
8200.000000 -54.309582
8250.000000 -54.273724
8300.000000 -54.739464
8350.000000 -55.017929
8400.000000 -54.309032
8450.000000 -54.241291
8500.000000 -54.184925
8550.000000 -54.223961
8600.000000 -54.222187
8650.000000 -54.224098
8700.000000 -54.273174
8750.000000 -54.131485
8800.000000 -54.195110
8850.000000 -54.318123
8900.000000 -54.417706
8950.000000 -54.431168
9000.000000 -54.381260
9050.000000 -54.366005
9100.000000 -54.372795
9150.000000 -54.427189
9200.000000 -54.390217
9250.000000 -54.463196
9300.000000 -54.414707
9350.000000 -54.386326
9400.000000 -54.422863
9450.000000 -54.467052
9500.000000 -54.458855
9550.000000 -54.430470
9600.000000 -54.442272
9650.000000 -54.464176
9700.000000 -54.470909
9750.000000 -54.389801
9800.000000 -54.491829
9850.000000 -54.385288
9900.000000 -54.466209
9950.000000 -54.490917
10000.000000 -54.514706
10050.000000 -54.367737
10100.000000 -54.379940
10150.000000 -54.486351
10200.000000 -54.484665
10250.000000 -54.518936
10300.000000 -54.489159
10350.000000 -54.422585
10400.000000 -54.510128
10450.000000 -54.504845
10500.000000 -54.667145
10550.000000 -54.732449
10600.000000 -54.522041
10650.000000 -54.467403
10700.000000 -54.444859
10750.000000 -54.364342
10800.000000 -54.497456
10850.000000 -54.539055
10900.000000 -54.511536
10950.000000 -54.513084
11000.000000 -54.409901
11050.000000 -54.648663
11100.000000 -54.487755
11150.000000 -54.554691
11200.000000 -54.647514
11250.000000 -54.672886
11300.000000 -54.739319
11350.000000 -54.630642
11400.000000 -54.598133
11450.000000 -54.533829
11500.000000 -54.671810
11550.000000 -54.690994
11600.000000 -54.651737
11650.000000 -54.656754
11700.000000 -54.609310
11750.000000 -54.599197
11800.000000 -54.622288
11850.000000 -54.686031
11900.000000 -54.609524
11950.000000 -54.610523
12000.000000 -54.437244
12050.000000 -54.587036
12100.000000 -54.773594
12150.000000 -54.926701
12200.000000 -55.220581
12250.000000 -55.460861
12300.000000 -55.599018
12350.000000 -55.741600
12400.000000 -56.054153
12450.000000 -56.194977
12500.000000 -56.323521
12550.000000 -56.561008
12600.000000 -56.670433
12650.000000 -56.930664
12700.000000 -57.105164
12750.000000 -57.309166
12800.000000 -57.542709
12850.000000 -57.614117
12900.000000 -57.783424
12950.000000 -57.922855
13000.000000 -58.091751
13050.000000 -58.295639
13100.000000 -58.455475
13150.000000 -58.627594
13200.000000 -58.808823
13250.000000 -58.998062
13300.000000 -59.234371
13350.000000 -59.440556
13400.000000 -59.433598
13450.000000 -59.783379
13500.000000 -59.836670
13550.000000 -60.148647
13600.000000 -60.362251
13650.000000 -60.598972
13700.000000 -60.671265
13750.000000 -60.901230
13800.000000 -61.007889
13850.000000 -61.195507
13900.000000 -61.389603
13950.000000 -61.549076
14000.000000 -61.757816
14050.000000 -61.822968
14100.000000 -62.048370
14150.000000 -62.328857
14200.000000 -62.613689
14250.000000 -62.692116
14300.000000 -62.797375
14350.000000 -62.937496
14400.000000 -63.082001
14450.000000 -63.358692
14500.000000 -63.294350
14550.000000 -63.552433
14600.000000 -63.869370
14650.000000 -64.162506
14700.000000 -64.171707
14750.000000 -64.232338
14800.000000 -64.597176
14850.000000 -64.760941
14900.000000 -64.742844
14950.000000 -64.922012
15000.000000 -65.236908
15050.000000 -65.349777
15100.000000 -65.214172
15150.000000 -65.690063
15200.000000 -65.878365
15250.000000 -66.141785
15300.000000 -66.117088
15350.000000 -66.524811
15400.000000 -66.633354
15450.000000 -66.610344
15500.000000 -66.971817
15550.000000 -67.206535
15600.000000 -67.248871
15650.000000 -67.815659
15700.000000 -67.881088
15750.000000 -67.824783
15800.000000 -68.126541
15850.000000 -68.237373
15900.000000 -68.300903
15950.000000 -68.832802
16000.000000 -68.611763
16050.000000 -68.247986
16100.000000 -69.384560
16150.000000 -69.364281
16200.000000 -69.579613
16250.000000 -69.384560
16300.000000 -70.009354
16350.000000 -70.034142
16400.000000 -70.399368
16450.000000 -70.527573
16500.000000 -70.965065
16550.000000 -71.063034
16600.000000 -71.010612
16650.000000 -71.247826
16700.000000 -71.741592
16750.000000 -71.500664
16800.000000 -71.953117
16850.000000 -71.922211
16900.000000 -71.842567
16950.000000 -72.370766
17000.000000 -72.436539
17050.000000 -72.671608
17100.000000 -72.944931
17150.000000 -73.038979
17200.000000 -73.022339
17250.000000 -73.512527
17300.000000 -73.714569
17350.000000 -73.655632
17400.000000 -73.886597
17450.000000 -74.293976
17500.000000 -74.303596
17550.000000 -74.036713
17600.000000 -74.720680
17650.000000 -74.625221
17700.000000 -75.248840
17750.000000 -75.160324
17800.000000 -74.900063
17850.000000 -75.247307
17900.000000 -75.965584
17950.000000 -75.379433
18000.000000 -75.775269
18050.000000 -76.473236
18100.000000 -76.217415
18150.000000 -76.768730
18200.000000 -76.493568
18250.000000 -77.086952
18300.000000 -76.657074
18350.000000 -77.424171
18400.000000 -77.970047
18450.000000 -77.737137
18500.000000 -77.738159
18550.000000 -78.318985
18600.000000 -78.524536
18650.000000 -78.400177
18700.000000 -79.119247
18750.000000 -79.251991
18800.000000 -77.917747
18850.000000 -79.046501
18900.000000 -79.512436
18950.000000 -78.871330
19000.000000 -78.535728
19050.000000 -79.468689
19100.000000 -80.169441
19150.000000 -79.974335
19200.000000 -80.455193
19250.000000 -80.455193
19300.000000 -80.143799
19350.000000 -80.340034
19400.000000 -79.139641
19450.000000 -78.747688
19500.000000 -80.855339
19550.000000 -79.531250
19600.000000 -81.230415
19650.000000 -80.681587
19700.000000 -81.764153
19750.000000 -81.942978
19800.000000 -81.853928
19850.000000 -82.079979
19900.000000 -82.638084
19950.000000 -82.764702
20000.000000 -82.029602
20050.000000 -82.887650
20100.000000 -82.502670
20150.000000 -83.221077
20200.000000 -82.986153
20250.000000 -82.612976
20300.000000 -83.974922
20350.000000 -84.093018
20400.000000 -83.662254
20450.000000 -83.063126
20500.000000 -83.129379
20550.000000 -83.858421
20600.000000 -84.727081
20650.000000 -84.699715
20700.000000 -84.377899
20750.000000 -84.503860
20800.000000 -85.782166
20850.000000 -85.201149
20900.000000 -83.282745
20950.000000 -84.090897
21000.000000 -86.589668
21050.000000 -85.112358
21100.000000 -83.674385
21150.000000 -86.051949
21200.000000 -85.679619
21250.000000 -85.470612
21300.000000 -85.857285
21350.000000 -86.281067
21400.000000 -87.401978
21450.000000 -86.180588
21500.000000 -87.657417
21550.000000 -87.033859
21600.000000 -87.386452
21650.000000 -86.161705
21700.000000 -85.993614
21750.000000 -87.414413
21800.000000 -87.260185
21850.000000 -87.358574
21900.000000 -88.026802
21950.000000 -87.405083
22000.000000 -88.219269
22050.000000 -88.783485
22100.000000 -86.883263
22150.000000 -87.963585
22200.000000 -88.919426
22250.000000 -88.521507
22300.000000 -88.447586
22350.000000 -88.158028
22400.000000 -86.049286
22450.000000 -89.584427
22500.000000 -88.260338
22550.000000 -87.848320
22600.000000 -90.158325
22650.000000 -88.178391
22700.000000 -88.154640
22750.000000 -88.714539
22800.000000 -89.027344
22850.000000 -89.560486
22900.000000 -88.124191
22950.000000 -89.095055
23000.000000 -89.868698
23050.000000 -92.059265
23100.000000 -88.982498
23150.000000 -89.205269
23200.000000 -89.930847
23250.000000 -89.313026
23300.000000 -89.155693
23350.000000 -91.180847
23400.000000 -87.612724
23450.000000 -88.144478
23500.000000 -91.741104
23550.000000 -91.746223
23600.000000 -93.156342
23650.000000 -89.576431
23700.000000 -88.517975
23750.000000 -89.980888
23800.000000 -89.144287
23850.000000 -88.147865
23900.000000 -88.525047
23950.000000 -87.010063
24000.000000 -88.882423
24050.000000 -89.247444
24100.000000 -90.239807
24150.000000 -88.930466
24200.000000 -92.551048
24250.000000 -90.158325
24300.000000 -90.686241
24350.000000 -89.737587
24400.000000 -91.823433
24450.000000 -88.343063
24500.000000 -90.704399
24550.000000 -92.698624
24600.000000 -90.378784
24650.000000 -91.964165
24700.000000 -91.849319
24750.000000 -90.001823
24800.000000 -90.818787
24850.000000 -92.478271
24900.000000 -91.838959
24950.000000 -92.647156
25000.000000 -90.722603
25050.000000 -91.578743
25100.000000 -93.192581
25150.000000 -91.132965
25200.000000 -90.878860
25250.000000 -91.644333
25300.000000 -91.350548
25350.000000 -89.806999
25400.000000 -91.864891
25450.000000 -92.936134
25500.000000 -91.906555
25550.000000 -89.905930
25600.000000 -92.053955
25650.000000 -90.488930
25700.000000 -93.210762
25750.000000 -93.904999
25800.000000 -90.818787
25850.000000 -93.494362
25900.000000 -94.936264
25950.000000 -92.865898
26000.000000 -90.754547
26050.000000 -92.378494
26100.000000 -88.087128
26150.000000 -90.158325
26200.000000 -90.440292
26250.000000 -91.419365
26300.000000 -91.890907
26350.000000 -88.003464
26400.000000 -93.048515
26450.000000 -91.113884
26500.000000 -90.396309
26550.000000 -91.037979
26600.000000 -90.695320
26650.000000 -92.551048
26700.000000 -94.104378
26750.000000 -91.224167
26800.000000 -93.006943
26850.000000 -90.374405
26900.000000 -90.488930
26950.000000 -93.419479
27000.000000 -88.952721
27050.000000 -91.906555
27100.000000 -89.972527
27150.000000 -90.107262
27200.000000 -90.141273
27250.000000 -92.274406
27300.000000 -89.600418
27350.000000 -89.889366
27400.000000 -89.889366
27450.000000 -93.513176
27500.000000 -90.322052
27550.000000 -94.869934
27600.000000 -92.912659
27650.000000 -91.906555
27700.000000 -92.813591
27750.000000 -88.284386
27800.000000 -89.835732
27850.000000 -90.948700
27900.000000 -90.274338
27950.000000 -91.180847
28000.000000 -93.198639
28050.000000 -91.573715
28100.000000 -91.548637
28150.000000 -91.838959
28200.000000 -89.774261
28250.000000 -89.556503
28300.000000 -89.061134
28350.000000 -92.059265
28400.000000 -92.807793
28450.000000 -90.934692
28500.000000 -91.917000
28550.000000 -90.609474
28600.000000 -90.218292
28650.000000 -91.370155
28700.000000 -91.171249
28750.000000 -89.664703
28800.000000 -90.631981
28850.000000 -91.906555
28900.000000 -91.463898
28950.000000 -91.449028
29000.000000 -94.212608
29050.000000 -91.132965
29100.000000 -90.800377
29150.000000 -90.736275
29200.000000 -92.091194
29250.000000 -90.542297
29300.000000 -90.962738
29350.000000 -90.560158
29400.000000 -92.085869
29450.000000 -89.664703
29500.000000 -91.209702
29550.000000 -91.156868
29600.000000 -91.019112
29650.000000 -96.513977
29700.000000 -90.537834
29750.000000 -96.312279
29800.000000 -94.695480
29850.000000 -92.930260
29900.000000 -89.684883
29950.000000 -95.637062
30000.000000 -93.030678
30050.000000 -92.155418
30100.000000 -95.905846
30150.000000 -94.017418
30200.000000 -95.010567
30250.000000 -92.340004
30300.000000 -94.928871
30350.000000 -89.305290
30400.000000 -97.283516
30450.000000 -90.911385
30500.000000 -94.158325
30550.000000 -93.425697
30600.000000 -93.735825
30650.000000 -94.111099
30700.000000 -93.787529
30750.000000 -97.361374
30800.000000 -92.900940
30850.000000 -92.900940
30900.000000 -95.486000
30950.000000 -94.253548
31000.000000 -91.870087
31050.000000 -91.166451
31100.000000 -94.336014
31150.000000 -93.774574
31200.000000 -89.371307
31250.000000 -93.425697
31300.000000 -91.964165
31350.000000 -92.556679
31400.000000 -93.425697
31450.000000 -92.704185
31500.000000 -95.260376
31550.000000 -92.203918
31600.000000 -91.147301
31650.000000 -93.813492
31700.000000 -92.139320
31750.000000 -93.984200
31800.000000 -92.001022
31850.000000 -93.277740
31900.000000 -94.965912
31950.000000 -92.732841
32000.000000 -93.620613
32050.000000 -71.219810
32100.000000 -64.633934
32150.000000 -60.936146
32200.000000 -58.207863
32250.000000 -56.423389
32300.000000 -54.806118
32350.000000 -53.976948
32400.000000 -53.974895
32450.000000 -53.973904
32500.000000 -53.935841
32550.000000 -53.961658
32600.000000 -54.506321
32650.000000 -56.789036
32700.000000 -58.493946
32750.000000 -59.721546
32800.000000 -58.608360
32850.000000 -55.889202
32900.000000 -54.273861
32950.000000 -54.150116
33000.000000 -53.971455
33050.000000 -54.139717
33100.000000 -54.182617
33150.000000 -54.229485
33200.000000 -55.851307
33250.000000 -58.456360
33300.000000 -59.779770
33350.000000 -58.945667
33400.000000 -58.524197
33450.000000 -56.090412
33500.000000 -54.428516
33550.000000 -53.971252
33600.000000 -53.969730
33650.000000 -53.937553
33700.000000 -53.979401
33750.000000 -53.975887
33800.000000 -53.972050
33850.000000 -53.981720
33900.000000 -54.936756
33950.000000 -55.380131
34000.000000 -56.054321
34050.000000 -56.761242
34100.000000 -57.232792
34150.000000 -57.379551
34200.000000 -57.430080
34250.000000 -57.097191
34300.000000 -56.942585
34350.000000 -56.132687
34400.000000 -55.680286
34450.000000 -55.062256
34500.000000 -54.575249
34550.000000 -54.120499
34600.000000 -55.065411
34650.000000 -54.695023
34700.000000 -55.099117
34750.000000 -55.342136
34800.000000 -55.111263
34850.000000 -54.773308
34900.000000 -54.909275
34950.000000 -54.259956
35000.000000 -53.974564
35050.000000 -53.920818
35100.000000 -53.915688
35150.000000 -53.931553
35200.000000 -53.958553
35250.000000 -53.970524
35300.000000 -53.975163
35350.000000 -54.528530
35400.000000 -54.752346
35450.000000 -56.554409
35500.000000 -55.473522
35550.000000 -55.883606
35600.000000 -55.077133
35650.000000 -55.416958
35700.000000 -54.890709
35750.000000 -54.343376
35800.000000 -53.952473
35850.000000 -53.951153
35900.000000 -53.953133
35950.000000 -53.966423
36000.000000 -53.978607
36050.000000 -54.083935
36100.000000 -54.250450
36150.000000 -54.426701
36200.000000 -54.564468
36250.000000 -54.579651
36300.000000 -54.658043
36350.000000 -54.525356
36400.000000 -54.543793
36450.000000 -54.469296
36500.000000 -54.162766
36550.000000 -54.083065
36600.000000 -54.296925
36650.000000 -57.383476
36700.000000 -54.444859
36750.000000 -54.278797
36800.000000 -54.350914
36850.000000 -54.575603
36900.000000 -54.462074
36950.000000 -54.467121
37000.000000 -54.379040
37050.000000 -53.963776
37100.000000 -53.999969
37150.000000 -53.975227
37200.000000 -53.979401
37250.000000 -53.979401
37300.000000 -53.943096
37350.000000 -53.938808
37400.000000 -55.144466
37450.000000 -53.969799
37500.000000 -54.187843
37550.000000 -54.418121
37600.000000 -54.731655
37650.000000 -54.829250
37700.000000 -56.027687
37750.000000 -56.887394
37800.000000 -56.023411
37850.000000 -55.588005
37900.000000 -55.744366
37950.000000 -54.623573
38000.000000 -53.959347
38050.000000 -53.966091
38100.000000 -53.969334
38150.000000 -53.971054
38200.000000 -53.973106
38250.000000 -53.998638
38300.000000 -54.126091
38350.000000 -53.982513
38400.000000 -53.978275
38450.000000 -53.999901
38500.000000 -54.002892
38550.000000 -53.970791
38600.000000 -54.062969
38650.000000 -54.159176
38700.000000 -56.853561
38750.000000 -59.070999
38800.000000 -56.708729
38850.000000 -57.274624
38900.000000 -55.690125
38950.000000 -54.473572
39000.000000 -55.747772
39050.000000 -55.009720
39100.000000 -55.944778
39150.000000 -53.970791
39200.000000 -53.970329
39250.000000 -53.968803
39300.000000 -53.962982
39350.000000 -53.967018
39400.000000 -53.968540
39450.000000 -53.967018
39500.000000 -53.960403
39550.000000 -53.970062
39600.000000 -56.156658
39650.000000 -54.599911
39700.000000 -54.301464
39750.000000 -55.586647
39800.000000 -55.269493
39850.000000 -55.083149
39900.000000 -56.209011
39950.000000 -57.375633
40000.000000 -56.160751
