0.000000 -55.596302
50.000000 -55.305389
100.000000 -55.166927
150.000000 -55.051228
200.000000 -54.408024
250.000000 -54.076359
300.000000 -53.972977
350.000000 -53.962322
400.000000 -53.920753
450.000000 -53.952934
500.000000 -53.951878
550.000000 -53.979336
600.000000 -53.944481
650.000000 -53.915882
700.000000 -53.942303
750.000000 -53.960140
800.000000 -53.973770
850.000000 -55.056343
900.000000 -55.382778
950.000000 -55.148483
1000.000000 -55.495667
1050.000000 -56.005486
1100.000000 -56.409355
1150.000000 -55.582344
1200.000000 -55.853359
1250.000000 -55.127888
1300.000000 -54.561066
1350.000000 -54.093262
1400.000000 -53.975822
1450.000000 -53.954388
1500.000000 -53.921673
1550.000000 -53.920292
1600.000000 -53.946793
1650.000000 -53.902145
1700.000000 -53.921478
1750.000000 -53.933205
1800.000000 -53.958817
1850.000000 -54.366974
1900.000000 -54.799774
1950.000000 -55.341904
2000.000000 -55.748257
2050.000000 -55.415005
2100.000000 -55.278336
2150.000000 -55.967159
2200.000000 -56.644547
2250.000000 -55.524040
2300.000000 -54.796719
2350.000000 -53.980526
2400.000000 -53.965031
2450.000000 -53.968739
2500.000000 -53.952869
2550.000000 -53.914635
2600.000000 -53.955975
2650.000000 -53.968605
2700.000000 -53.951481
2750.000000 -53.961262
2800.000000 -53.965630
2850.000000 -53.945736
2900.000000 -53.962322
2950.000000 -53.970856
3000.000000 -55.041187
3050.000000 -54.934387
3100.000000 -55.457874
3150.000000 -56.503006
3200.000000 -54.829395
3250.000000 -55.691418
3300.000000 -55.502773
3350.000000 -54.700203
3400.000000 -55.244923
3450.000000 -54.452904
3500.000000 -53.971981
3550.000000 -53.959541
3600.000000 -53.937817
3650.000000 -53.925163
3700.000000 -53.938545
3750.000000 -53.940853
3800.000000 -53.955311
3850.000000 -53.928196
3900.000000 -53.948112
3950.000000 -54.061375
4000.000000 -53.967945
4050.000000 -54.449337
4100.000000 -55.127434
4150.000000 -55.174984
4200.000000 -55.526180
4250.000000 -55.506802
4300.000000 -55.306240
4350.000000 -55.830448
4400.000000 -55.492985
4450.000000 -54.567799
4500.000000 -54.383411
4550.000000 -54.006813
4600.000000 -53.972446
4650.000000 -53.940788
4700.000000 -53.954918
4750.000000 -53.967548
4800.000000 -53.979336
4850.000000 -53.965630
4900.000000 -53.929447
4950.000000 -53.936695
5000.000000 -53.961792
5050.000000 -53.976353
5100.000000 -54.028709
5150.000000 -54.533688
5200.000000 -54.880043
5250.000000 -55.037071
5300.000000 -55.558151
5350.000000 -55.354630
5400.000000 -55.482895
5450.000000 -55.832829
5500.000000 -55.090679
5550.000000 -54.502522
5600.000000 -54.463547
5650.000000 -53.975956
5700.000000 -53.967945
5750.000000 -53.949104
5800.000000 -53.964172
5850.000000 -53.961063
5900.000000 -53.979401
5950.000000 -53.951614
6000.000000 -53.973637
6050.000000 -53.979267
6100.000000 -53.973438
6150.000000 -54.233646
6200.000000 -54.618366
6250.000000 -55.492668
6300.000000 -55.407192
6350.000000 -55.052277
6400.000000 -55.132576
6450.000000 -55.359596
6500.000000 -55.460468
6550.000000 -54.937790
6600.000000 -54.835682
6650.000000 -54.349045
6700.000000 -53.974831
6750.000000 -53.959808
6800.000000 -53.939335
6850.000000 -53.943821
6900.000000 -53.974960
6950.000000 -53.965958
7000.000000 -53.957230
7050.000000 -53.959808
7100.000000 -53.949894
7150.000000 -53.946331
7200.000000 -53.974960
7250.000000 -54.777519
7300.000000 -54.861172
7350.000000 -54.920567
7400.000000 -55.086311
7450.000000 -55.031010
7500.000000 -55.139618
7550.000000 -55.612282
7600.000000 -55.390804
7650.000000 -54.844975
7700.000000 -54.285042
7750.000000 -54.197147
7800.000000 -53.965031
7850.000000 -53.932743
7900.000000 -53.928658
7950.000000 -53.926086
8000.000000 -53.966755
8050.000000 -53.973507
8100.000000 -53.953133
8150.000000 -53.932346
8200.000000 -53.960072
8250.000000 -53.978474
8300.000000 -54.216263
8350.000000 -54.638432
8400.000000 -55.537590
8450.000000 -54.877617
8500.000000 -54.796936
8550.000000 -54.919163
8600.000000 -55.593750
8650.000000 -55.402664
8700.000000 -54.984833
8750.000000 -54.768223
8800.000000 -54.371067
8850.000000 -53.981255
8900.000000 -54.088432
8950.000000 -54.286346
9000.000000 -53.927338
9050.000000 -53.947121
9100.000000 -53.979401
9150.000000 -53.968208
9200.000000 -53.977413
9250.000000 -54.279003
9300.000000 -53.973637
9350.000000 -53.968407
9400.000000 -53.973705
9450.000000 -54.430119
9500.000000 -54.686607
9550.000000 -55.612602
9600.000000 -55.415554
9650.000000 -55.568089
9700.000000 -55.359131
9750.000000 -54.982677
9800.000000 -55.241169
9850.000000 -55.344387
9900.000000 -53.978539
9950.000000 -53.963646
10000.000000 -53.932545
10050.000000 -53.973042
10100.000000 -53.954189
10150.000000 -53.979401
10200.000000 -53.979401
10250.000000 -53.970856
10300.000000 -54.510971
10350.000000 -53.942104
10400.000000 -53.960339
10450.000000 -54.051468
10500.000000 -54.325428
10550.000000 -54.965660
10600.000000 -55.330128
10650.000000 -55.521832
10700.000000 -55.421967
10750.000000 -56.419266
10800.000000 -55.139996
10850.000000 -54.829906
10900.000000 -54.839340
10950.000000 -54.334122
11000.000000 -53.972843
11050.000000 -53.958286
11100.000000 -53.941513
11150.000000 -53.911083
11200.000000 -53.959541
11250.000000 -53.979401
11300.000000 -53.969666
11350.000000 -53.953594
11400.000000 -53.957756
11450.000000 -53.952671
11500.000000 -53.971455
11550.000000 -54.048260
11600.000000 -54.376125
11650.000000 -55.128036
11700.000000 -55.147346
11750.000000 -55.988266
11800.000000 -55.753700
11850.000000 -55.431515
11900.000000 -55.469666
11950.000000 -54.283192
12000.000000 -54.331570
12050.000000 -53.968010
12100.000000 -53.945473
12150.000000 -53.960140
12200.000000 -53.965759
12250.000000 -53.971783
12300.000000 -54.862637
12350.000000 -54.983124
12400.000000 -53.975094
12450.000000 -53.956436
12500.000000 -53.972115
12550.000000 -53.972645
12600.000000 -53.977547
12650.000000 -54.149105
12700.000000 -54.595928
12750.000000 -54.375916
12800.000000 -54.487823
12850.000000 -54.822895
12900.000000 -54.964622
12950.000000 -55.117382
13000.000000 -55.389557
13050.000000 -55.554337
13100.000000 -55.607086
13150.000000 -55.874023
13200.000000 -55.931744
13250.000000 -56.153339
13300.000000 -56.423481
13350.000000 -56.621071
13400.000000 -56.807465
13450.000000 -57.019547
13500.000000 -57.117519
13550.000000 -57.263203
13600.000000 -57.373672
13650.000000 -57.761784
13700.000000 -57.906902
13750.000000 -58.126934
13800.000000 -58.347534
13850.000000 -58.466133
13900.000000 -58.650017
13950.000000 -58.872032
14000.000000 -58.953773
14050.000000 -59.181862
14100.000000 -59.279392
14150.000000 -59.406570
14200.000000 -59.695148
14250.000000 -59.784283
14300.000000 -60.168758
14350.000000 -60.445000
14400.000000 -60.470287
14450.000000 -60.549133
14500.000000 -60.857967
14550.000000 -61.132164
14600.000000 -61.147881
14650.000000 -61.187298
14700.000000 -61.651054
14750.000000 -61.713470
14800.000000 -61.887951
14850.000000 -61.936016
14900.000000 -62.107296
14950.000000 -62.340824
15000.000000 -62.584015
15050.000000 -62.817329
15100.000000 -62.998302
15150.000000 -63.211281
15200.000000 -63.189629
15250.000000 -63.636627
15300.000000 -63.885113
15350.000000 -63.955669
15400.000000 -63.926044
15450.000000 -64.425186
15500.000000 -64.573586
15550.000000 -64.777237
15600.000000 -64.739189
15650.000000 -65.046700
15700.000000 -65.180656
15750.000000 -65.480812
15800.000000 -65.329193
15850.000000 -65.595657
15900.000000 -65.764900
15950.000000 -65.837006
16000.000000 -66.236107
16050.000000 -66.327065
16100.000000 -66.658997
16150.000000 -66.841194
16200.000000 -66.731766
16250.000000 -67.273026
16300.000000 -67.231789
16350.000000 -67.368774
16400.000000 -67.576492
16450.000000 -67.729393
16500.000000 -67.675987
16550.000000 -68.286438
16600.000000 -68.152596
16650.000000 -68.452835
16700.000000 -68.555504
16750.000000 -68.597839
16800.000000 -69.293289
16850.000000 -69.030327
16900.000000 -69.202583
16950.000000 -69.833252
17000.000000 -69.047218
17050.000000 -69.932083
17100.000000 -70.175827
17150.000000 -70.272598
17200.000000 -70.104271
17250.000000 -70.533806
17300.000000 -70.543175
17350.000000 -71.055931
17400.000000 -71.302193
17450.000000 -71.102440
17500.000000 -71.360329
17550.000000 -71.931625
17600.000000 -71.879433
17650.000000 -71.892448
17700.000000 -72.186073
17750.000000 -72.567917
17800.000000 -72.656235
17850.000000 -72.632935
17900.000000 -72.484383
17950.000000 -72.668190
18000.000000 -72.980888
18050.000000 -73.164764
18100.000000 -73.361252
18150.000000 -73.914177
18200.000000 -73.971588
18250.000000 -74.129265
18300.000000 -74.535736
18350.000000 -74.427612
18400.000000 -74.893433
18450.000000 -75.133789
18500.000000 -75.130768
18550.000000 -75.397354
18600.000000 -75.899200
18650.000000 -75.489120
18700.000000 -75.489120
18750.000000 -75.916573
18800.000000 -75.989769
18850.000000 -75.938972
18900.000000 -76.192589
18950.000000 -76.105812
19000.000000 -77.181290
19050.000000 -76.561096
19100.000000 -77.429100
19150.000000 -77.266975
19200.000000 -77.235107
19250.000000 -77.338875
19300.000000 -77.965851
19350.000000 -78.591896
19400.000000 -78.147041
19450.000000 -78.366074
19500.000000 -78.437744
19550.000000 -77.893791
19600.000000 -78.446609
19650.000000 -78.987328
19700.000000 -78.889977
19750.000000 -79.513687
19800.000000 -78.877151
19850.000000 -79.688370
19900.000000 -79.804214
19950.000000 -79.836678
20000.000000 -80.083374
20050.000000 -80.018051
20100.000000 -80.055313
20150.000000 -80.660110
20200.000000 -80.494385
20250.000000 -80.338661
20300.000000 -80.338661
20350.000000 -80.495789
20400.000000 -80.495789
20450.000000 -80.635834
20500.000000 -81.313271
20550.000000 -80.212791
20600.000000 -81.225830
20650.000000 -81.625610
20700.000000 -82.437500
20750.000000 -80.850952
20800.000000 -81.829353
20850.000000 -82.379791
20900.000000 -81.909889
20950.000000 -82.627319
21000.000000 -82.932114
21050.000000 -82.414719
21100.000000 -82.790253
21150.000000 -83.192314
21200.000000 -82.460342
21250.000000 -82.404228
21300.000000 -83.430992
21350.000000 -83.968643
21400.000000 -84.262390
21450.000000 -84.466103
21500.000000 -85.052872
21550.000000 -83.516006
21600.000000 -83.516006
21650.000000 -84.939789
21700.000000 -84.016914
21750.000000 -83.729187
21800.000000 -85.553108
21850.000000 -85.807999
21900.000000 -85.807999
21950.000000 -85.922562
22000.000000 -85.618660
22050.000000 -86.552956
22100.000000 -87.520874
22150.000000 -85.611076
22200.000000 -86.807472
22250.000000 -87.776642
22300.000000 -85.369194
22350.000000 -85.374115
22400.000000 -87.561928
22450.000000 -86.637917
22500.000000 -87.628662
22550.000000 -87.757195
22600.000000 -87.603180
22650.000000 -87.383347
22700.000000 -85.990974
22750.000000 -88.926758
22800.000000 -86.959709
22850.000000 -91.953659
22900.000000 -85.290855
22950.000000 -89.155693
23000.000000 -87.663818
23050.000000 -88.137711
23100.000000 -87.619095
23150.000000 -87.676636
23200.000000 -89.572449
23250.000000 -86.971527
23300.000000 -88.794426
23350.000000 -90.591507
23400.000000 -87.129707
23450.000000 -87.162895
23500.000000 -88.941582
23550.000000 -89.774261
23600.000000 -88.229515
23650.000000 -86.778503
23700.000000 -89.243607
23750.000000 -88.834648
23800.000000 -89.023598
23850.000000 -89.282104
23900.000000 -88.030144
23950.000000 -86.169792
24000.000000 -88.060265
24050.000000 -89.001152
24100.000000 -88.367340
24150.000000 -85.595917
24200.000000 -88.447586
24250.000000 -91.603912
24300.000000 -89.406471
24350.000000 -89.469322
24400.000000 -90.291664
24450.000000 -87.651016
24500.000000 -89.588417
24550.000000 -90.039627
24600.000000 -88.370811
24650.000000 -87.401978
24700.000000 -88.419594
24750.000000 -89.313026
24800.000000 -89.778351
24850.000000 -88.137711
24900.000000 -89.897644
24950.000000 -90.322052
25000.000000 -91.518631
25050.000000 -91.262856
25100.000000 -89.001152
25150.000000 -89.336296
25200.000000 -91.700226
25250.000000 -89.548538
25300.000000 -89.745743
25350.000000 -88.585381
25400.000000 -90.939362
25450.000000 -89.174728
25500.000000 -88.642540
25550.000000 -88.198807
25600.000000 -89.592415
25650.000000 -87.454964
25700.000000 -89.046097
25750.000000 -88.834648
25800.000000 -89.144287
25850.000000 -92.744331
25900.000000 -91.014397
25950.000000 -88.433578
26000.000000 -90.115746
26050.000000 -88.750763
26100.000000 -92.356476
26150.000000 -90.431480
26200.000000 -89.997627
26250.000000 -90.196823
26300.000000 -91.523628
26350.000000 -90.039627
26400.000000 -91.350548
26450.000000 -91.409500
26500.000000 -93.924728
26550.000000 -92.006302
26600.000000 -90.175415
26650.000000 -91.854507
26700.000000 -91.104362
26750.000000 -91.389801
26800.000000 -89.532639
26850.000000 -93.563568
26900.000000 -88.613914
26950.000000 -92.139320
27000.000000 -92.889244
27050.000000 -91.375061
27100.000000 -91.429276
27150.000000 -88.729004
27200.000000 -90.471207
27250.000000 -92.329033
27300.000000 -90.962738
27350.000000 -91.639275
27400.000000 -89.729462
27450.000000 -92.214706
27500.000000 -91.674774
27550.000000 -91.548637
27600.000000 -92.489426
27650.000000 -92.241791
27700.000000 -90.851082
27750.000000 -93.898453
27800.000000 -91.659546
27850.000000 -93.425697
27900.000000 -93.513176
27950.000000 -89.741653
28000.000000 -91.009689
28050.000000 -91.833778
28100.000000 -91.870087
28150.000000 -91.730865
28200.000000 -89.209099
28250.000000 -91.664619
28300.000000 -91.414429
28350.000000 -92.590492
28400.000000 -93.607903
28450.000000 -95.669205
28500.000000 -95.025505
28550.000000 -90.855705
28600.000000 -93.060432
28650.000000 -91.849319
28700.000000 -93.607903
28750.000000 -93.450600
28800.000000 -92.209305
28850.000000 -94.124565
28900.000000 -93.394661
28950.000000 -95.275749
29000.000000 -93.488091
29050.000000 -92.334518
29100.000000 -94.363678
29150.000000 -90.708946
29200.000000 -93.633339
29250.000000 -91.493713
29300.000000 -91.200073
29350.000000 -94.652412
29400.000000 -92.361977
29450.000000 -93.588875
29500.000000 -91.922226
29550.000000 -90.073380
29600.000000 -91.233826
29650.000000 -89.985069
29700.000000 -90.595993
29750.000000 -91.267708
29800.000000 -90.244118
29850.000000 -93.388466
29900.000000 -92.406097
29950.000000 -91.439125
30000.000000 -88.465126
30050.000000 -92.971466
30100.000000 -89.239761
30150.000000 -91.896118
30200.000000 -88.923058
30250.000000 -95.314301
30300.000000 -95.831711
30350.000000 -91.453979
30400.000000 -93.768105
30450.000000 -90.795784
30500.000000 -92.334518
30550.000000 -93.748726
30600.000000 -93.168404
30650.000000 -91.047432
30700.000000 -95.032982
30750.000000 -89.481163
30800.000000 -90.124245
30850.000000 -90.934692
30900.000000 -90.348190
30950.000000 -88.787132
31000.000000 -92.220116
31050.000000 -94.219421
31100.000000 -94.205811
31150.000000 -91.152084
31200.000000 -92.647156
31250.000000 -94.559814
31300.000000 -92.318085
31350.000000 -90.048058
31400.000000 -89.798798
31450.000000 -93.036621
31500.000000 -90.690781
31550.000000 -94.124565
31600.000000 -91.679863
31650.000000 -92.472702
31700.000000 -92.658531
31750.000000 -93.351402
31800.000000 -90.560158
31850.000000 -93.001022
31900.000000 -92.367477
31950.000000 -92.767357
32000.000000 -94.545662
32050.000000 -89.843964
32100.000000 -69.168236
32150.000000 -64.148819
32200.000000 -60.388683
32250.000000 -57.976025
32300.000000 -56.615322
32350.000000 -54.690060
32400.000000 -53.977612
32450.000000 -55.123425
32500.000000 -53.945999
32550.000000 -53.950027
32600.000000 -53.954720
32650.000000 -53.946396
32700.000000 -53.978737
32750.000000 -54.593082
32800.000000 -58.488605
32850.000000 -61.311413
32900.000000 -66.447624
32950.000000 -61.885315
33000.000000 -57.282276
33050.000000 -54.767570
33100.000000 -54.594788
33150.000000 -54.613304
33200.000000 -54.815887
33250.000000 -55.775024
33300.000000 -55.321152
33350.000000 -54.901974
33400.000000 -54.504070
33450.000000 -56.419266
33500.000000 -59.606030
33550.000000 -61.987846
33600.000000 -63.157162
33650.000000 -59.614773
33700.000000 -57.428699
33750.000000 -55.205303
33800.000000 -54.384869
33850.000000 -54.960686
33900.000000 -53.966755
33950.000000 -53.962322
34000.000000 -53.960865
34050.000000 -54.075691
34100.000000 -53.967548
34150.000000 -54.378761
34200.000000 -56.742729
34250.000000 -55.823891
34300.000000 -57.071518
34350.000000 -56.364151
34400.000000 -56.650223
34450.000000 -55.497246
34500.000000 -55.256279
34550.000000 -54.754665
34600.000000 -54.368568
34650.000000 -55.350979
34700.000000 -56.241726
34750.000000 -53.975163
34800.000000 -53.978806
34850.000000 -54.149036
34900.000000 -54.270023
34950.000000 -54.308895
35000.000000 -54.185944
35050.000000 -53.974102
35100.000000 -53.975163
35150.000000 -53.972179
35200.000000 -53.956039
35250.000000 -53.969467
35300.000000 -53.979401
35350.000000 -53.979401
35400.000000 -53.979401
35450.000000 -53.966290
35500.000000 -53.915951
35550.000000 -53.964172
35600.000000 -53.973042
35650.000000 -54.305805
35700.000000 -55.107567
35750.000000 -57.405861
35800.000000 -57.183681
35850.000000 -57.443104
35900.000000 -56.991943
35950.000000 -56.879620
36000.000000 -56.128437
36050.000000 -55.593750
36100.000000 -54.164185
36150.000000 -53.976685
36200.000000 -53.963840
36250.000000 -53.946198
36300.000000 -53.940258
36350.000000 -53.985104
36400.000000 -53.959873
36450.000000 -53.977280
36500.000000 -54.206532
36550.000000 -56.049950
36600.000000 -56.352474
36650.000000 -56.790226
36700.000000 -56.129879
36750.000000 -56.196262
36800.000000 -57.550102
36850.000000 -56.095737
36900.000000 -55.275951
36950.000000 -54.532558
37000.000000 -54.514355
37050.000000 -53.977547
37100.000000 -53.938477
37150.000000 -53.937752
37200.000000 -53.923584
37250.000000 -53.968010
37300.000000 -53.979401
37350.000000 -53.952671
37400.000000 -53.914963
37450.000000 -53.916080
37500.000000 -53.969730
37550.000000 -53.944614
37600.000000 -53.971584
37650.000000 -54.506744
37700.000000 -54.915325
37750.000000 -55.467621
37800.000000 -54.755753
37850.000000 -55.170273
37900.000000 -55.834633
37950.000000 -55.383400
38000.000000 -55.791912
38050.000000 -55.430500
38100.000000 -55.063835
38150.000000 -54.234669
38200.000000 -54.056416
38250.000000 -54.056747
38300.000000 -53.959347
38350.000000 -53.928196
38400.000000 -53.909966
38450.000000 -53.922531
38500.000000 -53.971188
38550.000000 -53.922993
38600.000000 -53.934586
38650.000000 -53.967018
38700.000000 -53.974697
38750.000000 -54.664997
38800.000000 -55.332298
38850.000000 -55.509251
38900.000000 -57.791847
38950.000000 -56.148659
39000.000000 -55.813900
39050.000000 -55.467384
39100.000000 -55.225552
39150.000000 -55.101154
39200.000000 -54.622219
39250.000000 -53.975163
39300.000000 -53.966488
39350.000000 -53.933006
39400.000000 -53.914505
39450.000000 -53.926682
39500.000000 -53.960934
39550.000000 -53.909702
39600.000000 -53.917397
39650.000000 -53.940918
39700.000000 -54.096756
39750.000000 -54.375225
39800.000000 -54.741993
39850.000000 -54.914661
39900.000000 -55.572308
39950.000000 -55.490459
40000.000000 -56.643642
