0.000000 -56.682365
50.000000 -58.738049
100.000000 -55.777878
150.000000 -54.990936
200.000000 -55.172703
250.000000 -54.903080
300.000000 -59.736195
350.000000 -55.803757
400.000000 -54.903671
450.000000 -61.681889
500.000000 -55.916325
550.000000 -55.279030
600.000000 -57.326199
650.000000 -58.522968
700.000000 -54.881805
750.000000 -56.365807
800.000000 -56.798931
850.000000 -54.973606
900.000000 -59.879833
950.000000 -55.381298
1000.000000 -54.424400
1050.000000 -55.123585
1100.000000 -56.179081
1150.000000 -55.128944
1200.000000 -55.124863
1250.000000 -56.559757
1300.000000 -58.188362
1350.000000 -56.051464
1400.000000 -58.616268
1450.000000 -55.788155
1500.000000 -54.972790
1550.000000 -55.201031
1600.000000 -59.417221
1650.000000 -55.417194
1700.000000 -53.964966
1750.000000 -56.189598
1800.000000 -60.386051
1850.000000 -57.828724
1900.000000 -54.150997
1950.000000 -54.156948
2000.000000 -56.326210
2050.000000 -59.119125
2100.000000 -56.943333
2150.000000 -55.786442
2200.000000 -57.163578
2250.000000 -58.822006
2300.000000 -55.663857
2350.000000 -60.882725
2400.000000 -57.091595
2450.000000 -58.746189
2500.000000 -57.805222
2550.000000 -57.439255
2600.000000 -62.020397
2650.000000 -58.371780
2700.000000 -57.506828
2750.000000 -59.394569
2800.000000 -57.817993
2850.000000 -58.353561
2900.000000 -56.068302
2950.000000 -59.052319
3000.000000 -59.365322
3050.000000 -55.646820
3100.000000 -55.053028
3150.000000 -56.760418
3200.000000 -56.426289
3250.000000 -53.960339
3300.000000 -54.314331
3350.000000 -58.547714
3400.000000 -55.959751
3450.000000 -55.472576
3500.000000 -55.718899
3550.000000 -57.759735
3600.000000 -57.237900
3650.000000 -58.183094
3700.000000 -57.813873
3750.000000 -60.355637
3800.000000 -58.916607
3850.000000 -56.386852
3900.000000 -57.965950
3950.000000 -55.714855
4000.000000 -55.979000
4050.000000 -56.587273
4100.000000 -61.544167
4150.000000 -55.750290
4200.000000 -56.252209
4250.000000 -54.822235
4300.000000 -59.490276
4350.000000 -57.686520
4400.000000 -54.845268
4450.000000 -53.972050
4500.000000 -57.607975
4550.000000 -62.242641
4600.000000 -55.674007
4650.000000 -53.987488
4700.000000 -55.925190
4750.000000 -58.882977
4800.000000 -57.760761
4850.000000 -55.200344
4900.000000 -55.687382
4950.000000 -57.354301
5000.000000 -55.366547
5050.000000 -55.014271
5100.000000 -56.120548
5150.000000 -54.887398
5200.000000 -58.186642
5250.000000 -58.238651
5300.000000 -56.164665
5350.000000 -58.248169
5400.000000 -56.170719
5450.000000 -55.863232
5500.000000 -58.842052
5550.000000 -54.612232
5600.000000 -55.953674
5650.000000 -55.571590
5700.000000 -60.708141
5750.000000 -56.107162
5800.000000 -54.299194
5850.000000 -55.287113
5900.000000 -62.769436
5950.000000 -57.042049
6000.000000 -54.623501
6050.000000 -56.378902
6100.000000 -58.714928
6150.000000 -56.126907
6200.000000 -55.101757
6250.000000 -54.402733
6300.000000 -58.005890
6350.000000 -57.641953
6400.000000 -57.787018
6450.000000 -56.582264
6500.000000 -56.535889
6550.000000 -57.495495
6600.000000 -60.463993
6650.000000 -57.110771
6700.000000 -56.296654
6750.000000 -58.214542
6800.000000 -57.888695
6850.000000 -57.265293
6900.000000 -54.646801
6950.000000 -55.615402
7000.000000 -58.521851
7050.000000 -56.999443
7100.000000 -55.170044
7150.000000 -54.958981
7200.000000 -55.032654
7250.000000 -60.560860
7300.000000 -55.770790
7350.000000 -54.141945
7400.000000 -54.395710
7450.000000 -58.096329
7500.000000 -59.717827
7550.000000 -55.639435
7600.000000 -54.861023
7650.000000 -55.639839
7700.000000 -57.930996
7750.000000 -56.336464
7800.000000 -53.967083
7850.000000 -54.278866
7900.000000 -56.720196
7950.000000 -58.335049
8000.000000 -58.078674
8050.000000 -57.555000
8100.000000 -57.138565
8150.000000 -56.578777
8200.000000 -60.514469
8250.000000 -54.950752
8300.000000 -55.281399
8350.000000 -54.200954
8400.000000 -54.940388
8450.000000 -57.385239
8500.000000 -55.180462
8550.000000 -53.964901
8600.000000 -57.945633
8650.000000 -57.473175
8700.000000 -54.036312
8750.000000 -55.538383
8800.000000 -57.800179
8850.000000 -57.136086
8900.000000 -56.369995
8950.000000 -55.705471
9000.000000 -54.109123
9050.000000 -55.942703
9100.000000 -56.916061
9150.000000 -56.644184
9200.000000 -55.617641
9250.000000 -56.857624
9300.000000 -57.534122
9350.000000 -57.077003
9400.000000 -55.290813
9450.000000 -53.951019
9500.000000 -55.521114
9550.000000 -56.171745
9600.000000 -55.276028
9650.000000 -53.942833
9700.000000 -55.754921
9750.000000 -57.900135
9800.000000 -56.938580
9850.000000 -54.497738
9900.000000 -53.968273
9950.000000 -56.787205
10000.000000 -57.121326
10050.000000 -55.971245
10100.000000 -55.676579
10150.000000 -56.553516
10200.000000 -54.778099
10250.000000 -55.416882
10300.000000 -55.834881
10350.000000 -55.195999
10400.000000 -56.523533
10450.000000 -55.826759
10500.000000 -54.510689
10550.000000 -56.137016
10600.000000 -55.717281
10650.000000 -55.535133
10700.000000 -55.192188
10750.000000 -53.966820
10800.000000 -55.250683
10850.000000 -55.044109
10900.000000 -57.300419
10950.000000 -55.249447
11000.000000 -55.475883
11050.000000 -55.329586
11100.000000 -55.196152
11150.000000 -54.682079
11200.000000 -55.222187
11250.000000 -54.913334
11300.000000 -55.236191
11350.000000 -55.754921
11400.000000 -55.981419
11450.000000 -55.705307
11500.000000 -55.538464
11550.000000 -55.953175
11600.000000 -53.935047
11650.000000 -54.338749
11700.000000 -55.034752
11750.000000 -55.008972
11800.000000 -56.436924
11850.000000 -54.229073
11900.000000 -53.967880
11950.000000 -53.979004
12000.000000 -54.207550
12050.000000 -53.974564
12100.000000 -55.255665
12150.000000 -55.424236
12200.000000 -54.057484
12250.000000 -55.440216
12300.000000 -53.961063
12350.000000 -53.965694
12400.000000 -53.962650
12450.000000 -54.386051
12500.000000 -53.971718
12550.000000 -53.948708
12600.000000 -54.835392
12650.000000 -55.014507
12700.000000 -53.959675
12750.000000 -53.959610
12800.000000 -56.071606
12850.000000 -54.933205
12900.000000 -55.897713
12950.000000 -54.279621
13000.000000 -55.824547
13050.000000 -55.005615
13100.000000 -57.206768
13150.000000 -54.981709
13200.000000 -54.677265
13250.000000 -55.083076
13300.000000 -55.831276
13350.000000 -53.970524
13400.000000 -54.273727
13450.000000 -57.221233
13500.000000 -55.439667
13550.000000 -53.960865
13600.000000 -53.968475
13650.000000 -59.671124
13700.000000 -54.700062
13750.000000 -53.967350
13800.000000 -53.974102
13850.000000 -56.822067
13900.000000 -53.975094
13950.000000 -53.933399
14000.000000 -54.890873
14050.000000 -56.329945
14100.000000 -53.922928
14150.000000 -53.944550
14200.000000 -55.583061
14250.000000 -54.076763
14300.000000 -53.923321
14350.000000 -53.932213
14400.000000 -55.811623
14450.000000 -53.973175
14500.000000 -53.935181
14550.000000 -53.976421
14600.000000 -55.874763
14650.000000 -53.928852
14700.000000 -53.931686
14750.000000 -54.736931
14800.000000 -54.775410
14850.000000 -53.972511
14900.000000 -53.972446
14950.000000 -56.592194
15000.000000 -55.190968
15050.000000 -53.960007
15100.000000 -53.973507
15150.000000 -57.043938
15200.000000 -54.001827
15250.000000 -54.057682
15300.000000 -54.297268
15350.000000 -54.731945
15400.000000 -54.431236
15450.000000 -54.565033
15500.000000 -54.578232
15550.000000 -55.080517
15600.000000 -55.247990
15650.000000 -55.367680
15700.000000 -55.544491
15750.000000 -55.512493
15800.000000 -55.704903
15850.000000 -55.927597
15900.000000 -56.391140
15950.000000 -56.596943
16000.000000 -56.759689
16050.000000 -56.899445
16100.000000 -57.175060
16150.000000 -57.269009
16200.000000 -57.392307
16250.000000 -57.361927
16300.000000 -57.694950
16350.000000 -58.058197
16400.000000 -58.046440
16450.000000 -58.330017
16500.000000 -58.578041
16550.000000 -58.782173
16600.000000 -58.816570
16650.000000 -59.195263
16700.000000 -59.511051
16750.000000 -59.981861
16800.000000 -59.994965
16850.000000 -60.236591
16900.000000 -60.732189
16950.000000 -60.898144
17000.000000 -60.894764
17050.000000 -61.271889
17100.000000 -61.286480
17150.000000 -61.394737
17200.000000 -61.731892
17250.000000 -61.850967
17300.000000 -62.199852
17350.000000 -62.910404
17400.000000 -62.848000
17450.000000 -62.815132
17500.000000 -62.918190
17550.000000 -63.097511
17600.000000 -63.480110
17650.000000 -63.809364
17700.000000 -64.022385
17750.000000 -64.398537
17800.000000 -64.518562
17850.000000 -65.059265
17900.000000 -64.859634
17950.000000 -65.099937
18000.000000 -65.239334
18050.000000 -65.496765
18100.000000 -65.827667
18150.000000 -65.819374
18200.000000 -65.935402
18250.000000 -65.911026
18300.000000 -66.084717
18350.000000 -66.498161
18400.000000 -66.454025
18450.000000 -66.673561
18500.000000 -67.213524
18550.000000 -67.518341
18600.000000 -67.202278
18650.000000 -67.584106
18700.000000 -67.308929
18750.000000 -67.038918
18800.000000 -67.760422
18850.000000 -68.228821
18900.000000 -68.305038
18950.000000 -68.458801
19000.000000 -68.040161
19050.000000 -68.540962
19100.000000 -68.645760
19150.000000 -68.934525
19200.000000 -69.392372
19250.000000 -69.961655
19300.000000 -69.812309
19350.000000 -70.257469
19400.000000 -69.689720
19450.000000 -70.559700
19500.000000 -70.629715
19550.000000 -70.457932
19600.000000 -70.966003
19650.000000 -70.948685
19700.000000 -70.994621
19750.000000 -70.522675
19800.000000 -71.618523
19850.000000 -71.373573
19900.000000 -71.210167
19950.000000 -72.395576
20000.000000 -72.153252
20050.000000 -72.000473
20100.000000 -72.380684
20150.000000 -73.105835
20200.000000 -73.107033
20250.000000 -73.450577
20300.000000 -73.111832
20350.000000 -73.869568
20400.000000 -74.407394
20450.000000 -74.640221
20500.000000 -75.663544
20550.000000 -75.555611
20600.000000 -74.908173
20650.000000 -75.808746
20700.000000 -75.628212
20750.000000 -74.368500
20800.000000 -74.179298
20850.000000 -74.369888
20900.000000 -74.380981
20950.000000 -74.042053
21000.000000 -74.419937
21050.000000 -74.422729
21100.000000 -73.888573
21150.000000 -73.843430
21200.000000 -74.572556
21250.000000 -74.726456
21300.000000 -74.405319
21350.000000 -74.313919
21400.000000 -75.849747
21450.000000 -76.478531
21500.000000 -75.788322
21550.000000 -75.786690
21600.000000 -76.567345
21650.000000 -75.596230
21700.000000 -75.311958
21750.000000 -76.115128
21800.000000 -76.723167
21850.000000 -78.022659
21900.000000 -77.004890
21950.000000 -76.626465
22000.000000 -77.145912
22050.000000 -77.108780
22100.000000 -75.768753
22150.000000 -76.186600
22200.000000 -77.020866
22250.000000 -77.052902
22300.000000 -77.610390
22350.000000 -78.136345
22400.000000 -77.613411
22450.000000 -78.849251
22500.000000 -80.226387
22550.000000 -79.384323
22600.000000 -80.654388
22650.000000 -80.049980
22700.000000 -80.628708
22750.000000 -81.428108
22800.000000 -79.098915
22850.000000 -80.200577
22900.000000 -82.566551
22950.000000 -86.368912
23000.000000 -87.072670
23050.000000 -87.367859
23100.000000 -88.370811
23150.000000 -84.329765
23200.000000 -84.116402
23250.000000 -85.015015
23300.000000 -87.737793
23350.000000 -87.753960
23400.000000 -89.568459
23450.000000 -88.911949
23500.000000 -91.558662
23550.000000 -86.584015
23600.000000 -87.760460
23650.000000 -93.144295
23700.000000 -91.761612
23750.000000 -90.048058
23800.000000 -88.493271
23850.000000 -89.344063
23900.000000 -86.575531
23950.000000 -87.309242
24000.000000 -86.995224
24050.000000 -88.440582
24100.000000 -84.564171
24150.000000 -85.119522
24200.000000 -87.461220
24250.000000 -85.181870
24300.000000 -84.731651
24350.000000 -85.230141
24400.000000 -85.288414
24450.000000 -83.242226
24500.000000 -83.476448
24550.000000 -82.407722
24600.000000 -83.136986
24650.000000 -82.212334
24700.000000 -81.871994
24750.000000 -81.333336
24800.000000 -80.425919
24850.000000 -80.369026
24900.000000 -80.756454
24950.000000 -79.905884
25000.000000 -80.012741
25050.000000 -81.813004
25100.000000 -81.733353
25150.000000 -81.630409
25200.000000 -83.583817
25250.000000 -81.754417
25300.000000 -81.660843
25350.000000 -82.815872
25400.000000 -81.926422
25450.000000 -81.110603
25500.000000 -82.012878
25550.000000 -81.104584
25600.000000 -80.849487
25650.000000 -80.813026
25700.000000 -83.038643
25750.000000 -81.040100
25800.000000 -81.040100
25850.000000 -87.048767
25900.000000 -88.642540
25950.000000 -86.443733
26000.000000 -88.127571
26050.000000 -83.874969
26100.000000 -83.152214
26150.000000 -79.875786
26200.000000 -82.272385
26250.000000 -81.941322
26300.000000 -81.341064
26350.000000 -83.267288
26400.000000 -82.948853
26450.000000 -82.463860
26500.000000 -83.157928
26550.000000 -81.906586
26600.000000 -80.900795
26650.000000 -80.249542
26700.000000 -79.788681
26750.000000 -79.657738
26800.000000 -78.609947
26850.000000 -80.552101
26900.000000 -79.953217
26950.000000 -79.427643
27000.000000 -80.911095
27050.000000 -82.391998
27100.000000 -81.593712
27150.000000 -82.217461
27200.000000 -81.620819
27250.000000 -82.783150
27300.000000 -82.110344
27350.000000 -81.627213
27400.000000 -83.413307
27450.000000 -82.825043
27500.000000 -81.643211
27550.000000 -81.603271
27600.000000 -81.406265
27650.000000 -82.327652
27700.000000 -83.104713
27750.000000 -83.751617
27800.000000 -83.922722
27850.000000 -84.588867
27900.000000 -83.587822
27950.000000 -85.150635
28000.000000 -84.914078
28050.000000 -86.552956
28100.000000 -84.582123
28150.000000 -83.784340
28200.000000 -84.118530
28250.000000 -85.518013
28300.000000 -83.004868
28350.000000 -85.215630
28400.000000 -83.694649
28450.000000 -82.973076
28500.000000 -81.956253
28550.000000 -81.668869
28600.000000 -82.721085
28650.000000 -83.634018
28700.000000 -85.043388
28750.000000 -84.307976
28800.000000 -84.823540
28850.000000 -83.082008
28900.000000 -82.287888
28950.000000 -81.609650
29000.000000 -81.495544
29050.000000 -81.718803
29100.000000 -82.222595
29150.000000 -83.290482
29200.000000 -82.538101
29250.000000 -82.693932
29300.000000 -83.704788
29350.000000 -83.539879
29400.000000 -84.334129
29450.000000 -83.682487
29500.000000 -85.119522
29550.000000 -84.129189
29600.000000 -85.555618
29650.000000 -86.086594
29700.000000 -85.715370
29750.000000 -83.654182
29800.000000 -85.710251
29850.000000 -87.144775
29900.000000 -87.454964
29950.000000 -85.114746
30000.000000 -87.217491
30050.000000 -88.710922
30100.000000 -55.494011
30150.000000 -56.236897
30200.000000 -54.685097
30250.000000 -57.099659
30300.000000 -57.400261
30350.000000 -58.561066
30400.000000 -58.629162
30450.000000 -55.349117
30500.000000 -56.702923
30550.000000 -57.033192
30600.000000 -56.689877
30650.000000 -55.891514
30700.000000 -57.415600
30750.000000 -53.974960
30800.000000 -57.172283
30850.000000 -55.964912
30900.000000 -55.917412
30950.000000 -54.549454
31000.000000 -54.784492
31050.000000 -53.973835
31100.000000 -56.521488
31150.000000 -54.769676
31200.000000 -54.695309
31250.000000 -55.460701
31300.000000 -55.440060
31350.000000 -60.176868
31400.000000 -58.354767
31450.000000 -58.501080
31500.000000 -55.416725
31550.000000 -55.409691
31600.000000 -57.187706
31650.000000 -55.772102
31700.000000 -55.563637
31750.000000 -56.195316
31800.000000 -55.454338
31850.000000 -55.553940
31900.000000 -55.419621
31950.000000 -54.794827
32000.000000 -56.172424
32050.000000 -55.288116
32100.000000 -55.210114
32150.000000 -57.526943
32200.000000 -56.023830
32250.000000 -59.474670
32300.000000 -57.346977
32350.000000 -57.192791
32400.000000 -56.021397
32450.000000 -55.928093
32500.000000 -57.614216
32550.000000 -54.392998
32600.000000 -53.972248
32650.000000 -53.973705
32700.000000 -56.865288
32750.000000 -55.319065
32800.000000 -55.059254
32850.000000 -57.067638
32900.000000 -56.007076
32950.000000 -56.007156
33000.000000 -59.313488
33050.000000 -58.763874
33100.000000 -56.489582
33150.000000 -58.215733
33200.000000 -55.991940
33250.000000 -55.852211
33300.000000 -56.645355
33350.000000 -57.870007
33400.000000 -54.833927
33450.000000 -56.891594
33500.000000 -53.971188
33550.000000 -55.743629
33600.000000 -56.150700
33650.000000 -58.325207
33700.000000 -57.190777
33750.000000 -59.999470
33800.000000 -61.247681
33850.000000 -55.647621
33900.000000 -56.169357
33950.000000 -58.319416
34000.000000 -58.409332
34050.000000 -57.863579
34100.000000 -59.282928
34150.000000 -55.670135
34200.000000 -57.468025
34250.000000 -57.382103
34300.000000 -58.204517
34350.000000 -54.262215
34400.000000 -56.925640
34450.000000 -54.880852
34500.000000 -57.321915
34550.000000 -57.105736
34600.000000 -59.945698
34650.000000 -57.865650
34700.000000 -63.292027
34750.000000 -58.692780
34800.000000 -57.773060
34850.000000 -58.404255
34900.000000 -58.211525
34950.000000 -58.518719
35000.000000 -56.628437
35050.000000 -58.504539
35100.000000 -58.223076
35150.000000 -56.137691
35200.000000 -56.363731
35250.000000 -53.958221
35300.000000 -53.967018
35350.000000 -56.496128
35400.000000 -56.872772
35450.000000 -54.247917
35500.000000 -54.006748
35550.000000 -55.073372
35600.000000 -55.853607
35650.000000 -56.871395
35700.000000 -57.732742
35750.000000 -58.752274
35800.000000 -59.161865
35850.000000 -53.989212
35900.000000 -57.958614
35950.000000 -58.198589
36000.000000 -56.171574
36050.000000 -55.113995
36100.000000 -54.346626
36150.000000 -56.678207
36200.000000 -58.564102
36250.000000 -56.075722
36300.000000 -54.398769
36350.000000 -53.952473
36400.000000 -54.415058
36450.000000 -57.085056
36500.000000 -54.734615
36550.000000 -53.961063
36600.000000 -58.217590
36650.000000 -54.784203
36700.000000 -58.616497
36750.000000 -59.526474
36800.000000 -56.121651
36850.000000 -57.073692
36900.000000 -57.700645
36950.000000 -53.970329
37000.000000 -58.199776
37050.000000 -54.802834
37100.000000 -54.355202
37150.000000 -57.073975
37200.000000 -56.681641
37250.000000 -57.363983
37300.000000 -57.466934
37350.000000 -56.474022
37400.000000 -56.161427
37450.000000 -57.707870
37500.000000 -57.498379
37550.000000 -55.025925
37600.000000 -55.727970
37650.000000 -58.964363
37700.000000 -54.852814
37750.000000 -58.799488
37800.000000 -56.110802
37850.000000 -55.844566
37900.000000 -56.594791
37950.000000 -56.340202
38000.000000 -57.282566
38050.000000 -60.653526
38100.000000 -58.344025
38150.000000 -55.096401
38200.000000 -56.468197
38250.000000 -55.660641
38300.000000 -58.093559
38350.000000 -57.415207
38400.000000 -57.670696
38450.000000 -62.379608
38500.000000 -59.675720
38550.000000 -54.392441
38600.000000 -61.573982
38650.000000 -58.548397
38700.000000 -58.420265
38750.000000 -57.861610
38800.000000 -56.486309
38850.000000 -56.868801
38900.000000 -58.356853
38950.000000 -54.931797
39000.000000 -54.327358
39050.000000 -55.121384
39100.000000 -57.855293
39150.000000 -62.861256
39200.000000 -62.741585
39250.000000 -56.259872
39300.000000 -55.296288
39350.000000 -56.437012
39400.000000 -57.003670
39450.000000 -54.863960
39500.000000 -54.657181
39550.000000 -57.353031
39600.000000 -57.034134
39650.000000 -56.611465
39700.000000 -56.492058
39750.000000 -57.360069
39800.000000 -56.922943
39850.000000 -56.143898
39900.000000 -54.297337
39950.000000 -53.913448
40000.000000 -54.097427
