0.000000 -54.969299
50.000000 -54.798321
100.000000 -55.141285
150.000000 -56.856514
200.000000 -55.763302
250.000000 -56.934200
300.000000 -58.404919
350.000000 -55.229988
400.000000 -54.350636
450.000000 -54.184723
500.000000 -55.065186
550.000000 -59.198162
600.000000 -60.971054
650.000000 -58.131969
700.000000 -54.312336
750.000000 -54.250172
800.000000 -54.266735
850.000000 -57.743164
900.000000 -59.560047
950.000000 -55.977001
1000.000000 -55.250217
1050.000000 -54.371548
1100.000000 -54.102734
1150.000000 -55.518978
1200.000000 -56.574577
1250.000000 -56.841576
1300.000000 -57.763630
1350.000000 -57.715611
1400.000000 -55.753700
1450.000000 -53.976948
1500.000000 -53.963181
1550.000000 -53.949169
1600.000000 -55.421185
1650.000000 -57.025097
1700.000000 -56.732807
1750.000000 -54.658257
1800.000000 -55.665226
1850.000000 -53.989281
1900.000000 -56.936440
1950.000000 -59.267567
2000.000000 -61.304016
2050.000000 -57.678196
2100.000000 -55.209503
2150.000000 -54.271049
2200.000000 -54.298370
2250.000000 -57.072933
2300.000000 -58.622601
2350.000000 -57.140091
2400.000000 -53.947121
2450.000000 -58.657734
2500.000000 -54.718803
2550.000000 -55.920219
2600.000000 -56.156063
2650.000000 -60.334522
2700.000000 -58.823856
2750.000000 -56.366768
2800.000000 -54.847321
2850.000000 -54.271736
2900.000000 -53.933399
2950.000000 -53.972908
3000.000000 -55.261269
3050.000000 -59.335442
3100.000000 -59.824062
3150.000000 -56.412510
3200.000000 -54.734329
3250.000000 -54.178276
3300.000000 -55.752728
3350.000000 -58.013798
3400.000000 -58.833241
3450.000000 -56.586288
3500.000000 -54.392303
3550.000000 -53.954189
3600.000000 -55.468803
3650.000000 -56.696579
3700.000000 -59.983051
3750.000000 -57.491325
3800.000000 -56.071083
3850.000000 -56.009838
3900.000000 -53.967216
3950.000000 -53.969398
4000.000000 -56.889339
4050.000000 -56.413212
4100.000000 -57.340141
4150.000000 -57.494205
4200.000000 -56.183865
4250.000000 -54.813770
4300.000000 -56.411983
4350.000000 -54.671165
4400.000000 -55.552906
4450.000000 -56.556370
4500.000000 -59.740952
4550.000000 -56.881573
4600.000000 -53.978539
4650.000000 -54.653027
4700.000000 -55.581947
4750.000000 -57.384258
4800.000000 -57.410778
4850.000000 -56.862701
4900.000000 -55.471870
4950.000000 -54.284424
5000.000000 -53.979004
5050.000000 -57.578541
5100.000000 -57.839981
5150.000000 -58.523640
5200.000000 -55.377796
5250.000000 -55.121235
5300.000000 -53.951084
5350.000000 -55.203091
5400.000000 -57.404583
5450.000000 -55.958168
5500.000000 -56.609222
5550.000000 -56.533131
5600.000000 -56.891563
5650.000000 -54.793003
5700.000000 -53.948971
5750.000000 -56.476852
5800.000000 -55.082848
5850.000000 -57.905342
5900.000000 -56.542740
5950.000000 -55.894489
6000.000000 -55.092335
6050.000000 -54.256603
6100.000000 -55.356956
6150.000000 -57.148582
6200.000000 -58.929955
6250.000000 -57.604855
6300.000000 -55.165569
6350.000000 -54.059422
6400.000000 -55.335316
6450.000000 -55.552670
6500.000000 -56.618916
6550.000000 -56.144238
6600.000000 -55.257309
6650.000000 -54.092190
6700.000000 -54.363510
6750.000000 -53.946331
6800.000000 -55.630535
6850.000000 -57.602139
6900.000000 -58.931946
6950.000000 -58.655121
7000.000000 -55.938309
7050.000000 -54.829468
7100.000000 -54.349392
7150.000000 -53.939007
7200.000000 -55.155537
7250.000000 -56.220928
7300.000000 -58.305229
7350.000000 -56.597301
7400.000000 -53.973373
7450.000000 -53.963047
7500.000000 -54.398071
7550.000000 -56.679562
7600.000000 -58.682411
7650.000000 -59.575939
7700.000000 -55.418446
7750.000000 -54.575035
7800.000000 -53.944942
7850.000000 -55.359131
7900.000000 -58.458359
7950.000000 -57.305763
8000.000000 -54.606037
8050.000000 -54.197285
8100.000000 -53.968208
8150.000000 -55.657104
8200.000000 -56.124535
8250.000000 -57.387791
8300.000000 -57.688446
8350.000000 -58.496731
8400.000000 -55.894817
8450.000000 -55.144012
8500.000000 -56.557617
8550.000000 -54.091049
8600.000000 -55.851223
8650.000000 -57.491722
8700.000000 -61.451099
8750.000000 -55.871552
8800.000000 -54.508789
8850.000000 -53.956039
8900.000000 -53.948906
8950.000000 -57.706345
9000.000000 -60.124142
9050.000000 -56.826019
9100.000000 -56.764709
9150.000000 -53.950821
9200.000000 -53.973042
9250.000000 -55.335239
9300.000000 -55.532436
9350.000000 -56.659420
9400.000000 -55.282646
9450.000000 -53.928852
9500.000000 -53.979797
9550.000000 -53.970657
9600.000000 -54.933430
9650.000000 -56.104027
9700.000000 -59.279266
9750.000000 -58.328487
9800.000000 -56.950886
9850.000000 -56.202847
9900.000000 -53.924046
9950.000000 -55.791664
10000.000000 -56.169525
10050.000000 -55.831432
10100.000000 -55.722462
10150.000000 -58.054806
10200.000000 -56.036415
10250.000000 -58.591667
10300.000000 -54.782097
10350.000000 -55.413052
10400.000000 -55.006435
10450.000000 -54.471607
10500.000000 -54.656181
10550.000000 -55.151974
10600.000000 -55.211487
10650.000000 -55.192875
10700.000000 -55.369781
10750.000000 -54.893799
10800.000000 -54.978588
10850.000000 -55.147423
10900.000000 -54.392929
10950.000000 -54.412968
11000.000000 -53.955181
11050.000000 -54.203537
11100.000000 -54.013397
11150.000000 -55.148407
11200.000000 -55.965328
11250.000000 -53.962189
11300.000000 -54.267487
11350.000000 -54.123867
11400.000000 -54.385715
11450.000000 -53.949963
11500.000000 -53.957294
11550.000000 -54.782032
11600.000000 -54.257355
11650.000000 -54.507240
11700.000000 -53.942501
11750.000000 -55.331757
11800.000000 -54.803493
11850.000000 -53.963840
11900.000000 -55.284805
11950.000000 -55.123425
12000.000000 -54.908169
12050.000000 -55.479977
12100.000000 -57.297218
12150.000000 -54.961132
12200.000000 -55.064808
12250.000000 -57.219021
12300.000000 -54.078705
12350.000000 -54.006016
12400.000000 -55.910366
12450.000000 -53.948574
12500.000000 -55.489910
12550.000000 -54.200207
12600.000000 -53.969334
12650.000000 -54.550800
12700.000000 -54.469154
12750.000000 -53.965363
12800.000000 -55.862175
12850.000000 -53.978207
12900.000000 -53.944019
12950.000000 -57.617741
13000.000000 -53.947254
13050.000000 -53.961132
13100.000000 -54.451382
13150.000000 -53.966953
13200.000000 -53.974102
13250.000000 -54.130810
13300.000000 -53.926483
13350.000000 -53.969597
13400.000000 -53.968803
13450.000000 -53.944283
13500.000000 -54.688332
13550.000000 -53.926350
13600.000000 -53.935905
13650.000000 -54.340546
13700.000000 -53.961197
13750.000000 -53.971123
13800.000000 -55.024208
13850.000000 -53.962650
13900.000000 -53.976818
13950.000000 -54.838024
14000.000000 -53.969334
14050.000000 -54.340130
14100.000000 -53.996780
14150.000000 -53.971519
14200.000000 -54.153633
14250.000000 -53.972446
14300.000000 -53.973042
14350.000000 -54.332256
14400.000000 -54.353264
14450.000000 -54.124947
14500.000000 -54.630928
14550.000000 -54.688622
14600.000000 -54.801815
14650.000000 -55.175671
14700.000000 -55.069542
14750.000000 -55.669975
14800.000000 -55.882519
14850.000000 -55.957668
14900.000000 -56.189846
14950.000000 -56.582085
15000.000000 -56.655720
15050.000000 -56.933178
15100.000000 -57.138470
15150.000000 -57.182529
15200.000000 -57.271622
15250.000000 -57.338581
15300.000000 -57.311111
15350.000000 -57.638218
15400.000000 -58.153896
15450.000000 -57.996311
15500.000000 -58.101440
15550.000000 -58.326519
15600.000000 -58.721901
15650.000000 -58.570168
15700.000000 -58.846573
15750.000000 -59.213524
15800.000000 -59.329182
15850.000000 -59.518948
15900.000000 -59.750347
15950.000000 -60.115005
16000.000000 -60.105339
16050.000000 -60.571186
16100.000000 -60.864697
16150.000000 -61.074078
16200.000000 -61.242786
16250.000000 -61.514767
16300.000000 -61.494122
16350.000000 -61.950603
16400.000000 -62.043003
16450.000000 -62.018723
16500.000000 -62.307915
16550.000000 -62.396355
16600.000000 -62.692661
16650.000000 -62.926537
16700.000000 -63.388008
16750.000000 -63.689365
16800.000000 -63.815327
16850.000000 -64.053818
16900.000000 -64.135574
16950.000000 -64.331718
17000.000000 -64.371529
17050.000000 -64.933228
17100.000000 -65.035568
17150.000000 -64.760712
17200.000000 -65.369675
17250.000000 -65.561897
17300.000000 -65.902916
17350.000000 -65.989380
17400.000000 -66.362289
17450.000000 -66.606941
17500.000000 -66.637054
17550.000000 -66.711357
17600.000000 -66.428986
17650.000000 -66.476906
17700.000000 -66.754517
17750.000000 -66.566200
17800.000000 -66.775314
17850.000000 -67.102631
17900.000000 -67.097527
17950.000000 -67.334175
18000.000000 -67.730034
18050.000000 -67.845039
18100.000000 -68.315041
18150.000000 -67.996788
18200.000000 -68.337852
18250.000000 -68.980247
18300.000000 -69.404892
18350.000000 -69.955818
18400.000000 -69.860016
18450.000000 -69.397850
18500.000000 -69.786102
18550.000000 -69.653801
18600.000000 -69.457489
18650.000000 -69.429581
18700.000000 -69.782829
18750.000000 -69.542160
18800.000000 -69.914635
18850.000000 -70.097488
18900.000000 -70.306396
18950.000000 -70.374825
19000.000000 -70.659508
19050.000000 -71.550621
19100.000000 -71.270599
19150.000000 -71.121017
19200.000000 -71.706841
19250.000000 -71.764671
19300.000000 -72.181221
19350.000000 -72.642021
19400.000000 -72.341629
19450.000000 -72.371864
19500.000000 -72.556656
19550.000000 -72.863541
19600.000000 -72.271667
19650.000000 -72.676743
19700.000000 -72.064560
19750.000000 -72.362511
19800.000000 -72.194160
19850.000000 -73.116631
19900.000000 -72.644859
19950.000000 -72.992714
20000.000000 -72.858879
20050.000000 -73.833649
20100.000000 -74.022049
20150.000000 -74.591759
20200.000000 -74.633072
20250.000000 -75.327423
20300.000000 -74.485016
20350.000000 -74.494148
20400.000000 -74.673180
20450.000000 -74.339439
20500.000000 -75.641045
20550.000000 -75.979752
20600.000000 -77.632568
20650.000000 -77.447845
20700.000000 -77.236069
20750.000000 -78.859703
20800.000000 -78.203979
20850.000000 -78.630302
20900.000000 -78.676834
20950.000000 -78.495506
21000.000000 -78.021606
21050.000000 -78.087288
21100.000000 -79.395439
21150.000000 -80.027351
21200.000000 -80.867043
21250.000000 -81.555580
21300.000000 -82.365852
21350.000000 -83.148407
21400.000000 -82.173096
21450.000000 -81.999519
21500.000000 -84.258057
21550.000000 -82.520370
21600.000000 -85.697479
21650.000000 -83.910240
21700.000000 -83.484276
21750.000000 -84.807388
21800.000000 -83.755699
21850.000000 -85.095657
21900.000000 -83.148407
21950.000000 -83.672363
22000.000000 -84.439545
22050.000000 -84.353798
22100.000000 -82.960022
22150.000000 -83.920639
22200.000000 -82.638084
22250.000000 -84.586617
22300.000000 -82.607613
22350.000000 -82.786598
22400.000000 -82.764702
22450.000000 -82.976814
22500.000000 -80.881706
22550.000000 -83.051819
22600.000000 -84.033768
22650.000000 -84.853615
22700.000000 -83.360451
22750.000000 -81.697830
22800.000000 -84.672440
22850.000000 -85.940926
22900.000000 -88.318848
22950.000000 -91.404572
23000.000000 -91.267708
23050.000000 -87.349304
23100.000000 -86.824905
23150.000000 -88.117439
23200.000000 -88.700089
23250.000000 -85.833900
23300.000000 -85.361816
23350.000000 -83.478340
23400.000000 -85.117134
23450.000000 -83.224915
23500.000000 -85.959328
23550.000000 -86.311165
23600.000000 -89.004890
23650.000000 -88.154640
23700.000000 -90.855705
23750.000000 -88.823662
23800.000000 -88.260338
23850.000000 -86.175186
23900.000000 -84.807388
23950.000000 -87.361671
24000.000000 -84.539551
24050.000000 -84.579880
24100.000000 -84.860573
24150.000000 -86.697891
24200.000000 -85.901619
24250.000000 -82.997375
24300.000000 -82.426979
24350.000000 -82.742867
24400.000000 -83.286613
24450.000000 -80.631554
24500.000000 -82.485008
24550.000000 -84.779770
24600.000000 -85.896385
24650.000000 -86.950851
24700.000000 -85.899002
24750.000000 -85.888550
24800.000000 -86.615181
24850.000000 -85.074234
24900.000000 -86.020081
24950.000000 -86.275604
25000.000000 -87.084648
25050.000000 -84.097267
25100.000000 -85.254372
25150.000000 -82.686707
25200.000000 -83.652168
25250.000000 -81.929726
25300.000000 -83.770004
25350.000000 -84.483856
25400.000000 -84.557449
25450.000000 -83.571808
25500.000000 -81.718803
25550.000000 -83.918556
25600.000000 -85.473099
25650.000000 -86.207634
25700.000000 -85.254372
25750.000000 -87.144775
25800.000000 -89.042343
25850.000000 -86.278336
25900.000000 -86.717972
25950.000000 -85.826118
26000.000000 -86.116028
26050.000000 -87.953644
26100.000000 -84.497185
26150.000000 -85.165039
26200.000000 -84.110023
26250.000000 -82.433990
26300.000000 -83.228760
26350.000000 -85.490540
26400.000000 -85.172249
26450.000000 -81.392250
26500.000000 -82.602242
26550.000000 -83.159836
26600.000000 -80.802849
26650.000000 -79.208328
26700.000000 -79.005035
26750.000000 -79.721680
26800.000000 -79.613258
26850.000000 -79.021599
26900.000000 -78.930893
26950.000000 -79.984909
27000.000000 -79.333847
27050.000000 -79.611992
27100.000000 -79.929512
27150.000000 -80.348312
27200.000000 -79.712700
27250.000000 -80.608780
27300.000000 -80.623009
27350.000000 -81.624016
27400.000000 -82.289619
27450.000000 -81.630409
27500.000000 -82.639877
27550.000000 -83.213394
27600.000000 -83.492195
27650.000000 -81.196884
27700.000000 -83.981209
27750.000000 -85.364281
27800.000000 -84.782066
27850.000000 -83.877037
27900.000000 -80.842186
27950.000000 -80.495789
28000.000000 -80.015396
28050.000000 -79.002678
28100.000000 -78.064987
28150.000000 -77.840919
28200.000000 -80.114204
28250.000000 -79.042938
28300.000000 -78.261292
28350.000000 -79.563957
28400.000000 -78.459915
28450.000000 -80.374565
28500.000000 -80.842194
28550.000000 -80.449608
28600.000000 -80.683022
28650.000000 -79.679420
28700.000000 -78.219078
28750.000000 -78.672287
28800.000000 -77.958511
28850.000000 -78.193207
28900.000000 -77.551208
28950.000000 -78.615593
29000.000000 -78.817963
29050.000000 -79.491158
29100.000000 -79.795151
29150.000000 -80.052650
29200.000000 -78.957886
29250.000000 -79.746117
29300.000000 -79.683258
29350.000000 -80.279602
29400.000000 -79.821083
29450.000000 -79.936096
29500.000000 -79.144440
29550.000000 -80.615891
29600.000000 -80.810120
29650.000000 -80.260460
29700.000000 -78.749985
29750.000000 -79.121643
29800.000000 -78.372665
29850.000000 -77.477539
29900.000000 -78.536850
29950.000000 -56.506496
30000.000000 -55.060604
30050.000000 -54.223961
30100.000000 -56.093964
30150.000000 -57.731014
30200.000000 -54.733315
30250.000000 -55.468643
30300.000000 -55.630936
30350.000000 -55.975163
30400.000000 -56.036083
30450.000000 -54.538845
30500.000000 -53.958023
30550.000000 -55.952927
30600.000000 -53.963116
30650.000000 -54.101326
30700.000000 -55.647060
30750.000000 -57.132179
30800.000000 -56.556992
30850.000000 -56.605274
30900.000000 -54.444511
30950.000000 -55.493065
31000.000000 -56.987259
31050.000000 -55.488331
31100.000000 -58.794968
31150.000000 -56.913738
31200.000000 -55.895645
31250.000000 -57.674545
31300.000000 -56.798290
31350.000000 -54.344757
31400.000000 -53.959541
31450.000000 -53.946529
31500.000000 -56.502598
31550.000000 -56.575111
31600.000000 -56.434986
31650.000000 -56.875732
31700.000000 -58.820503
31750.000000 -56.046162
31800.000000 -55.372581
31850.000000 -55.774864
31900.000000 -54.215786
31950.000000 -56.752483
32000.000000 -54.379456
32050.000000 -57.044125
32100.000000 -53.960602
32150.000000 -54.156136
32200.000000 -57.025951
32250.000000 -54.820850
32300.000000 -55.606209
32350.000000 -54.914364
32400.000000 -57.780445
32450.000000 -58.844254
32500.000000 -58.840889
32550.000000 -58.538074
32600.000000 -56.884895
32650.000000 -55.855171
32700.000000 -57.437675
32750.000000 -59.999737
32800.000000 -56.651394
32850.000000 -56.369995
32900.000000 -56.855129
32950.000000 -57.115429
33000.000000 -55.743385
33050.000000 -56.370956
33100.000000 -55.793217
33150.000000 -56.103775
33200.000000 -53.974300
33250.000000 -54.004887
33300.000000 -53.956703
33350.000000 -53.976948
33400.000000 -56.024670
33450.000000 -57.000477
33500.000000 -55.032806
33550.000000 -57.177071
33600.000000 -54.546974
33650.000000 -56.723351
33700.000000 -53.966225
33750.000000 -55.241783
33800.000000 -55.232975
33850.000000 -54.933353
33900.000000 -53.929447
33950.000000 -54.802982
34000.000000 -55.147423
34050.000000 -60.301388
34100.000000 -60.415337
34150.000000 -55.668205
34200.000000 -54.735268
34250.000000 -57.349415
34300.000000 -54.586681
34350.000000 -56.057098
34400.000000 -56.587631
34450.000000 -55.576370
34500.000000 -56.547993
34550.000000 -56.065941
34600.000000 -55.368771
34650.000000 -55.145149
34700.000000 -57.342976
34750.000000 -57.010334
34800.000000 -55.847443
34850.000000 -58.979897
34900.000000 -55.984676
34950.000000 -54.237465
35000.000000 -57.676880
35050.000000 -54.769894
35100.000000 -54.088966
35150.000000 -58.099735
35200.000000 -61.097054
35250.000000 -56.591927
35300.000000 -59.092461
35350.000000 -57.038090
35400.000000 -56.012180
35450.000000 -58.351917
35500.000000 -55.863487
35550.000000 -54.605965
35600.000000 -57.732742
35650.000000 -57.910755
35700.000000 -54.264065
35750.000000 -56.322830
35800.000000 -54.648159
35850.000000 -53.940788
35900.000000 -53.967415
35950.000000 -55.791256
36000.000000 -58.119884
36050.000000 -55.517551
36100.000000 -58.320183
36150.000000 -59.909946
36200.000000 -57.760555
36250.000000 -55.578041
36300.000000 -54.473431
36350.000000 -56.385979
36400.000000 -58.529678
36450.000000 -54.212109
36500.000000 -54.213062
36550.000000 -54.568226
36600.000000 -54.495487
36650.000000 -55.090694
36700.000000 -56.335247
36750.000000 -58.465908
36800.000000 -58.776306
36850.000000 -55.349583
36900.000000 -54.636429
36950.000000 -56.303410
37000.000000 -55.878475
37050.000000 -57.041389
37100.000000 -56.349079
37150.000000 -59.237770
37200.000000 -55.571354
37250.000000 -54.900059
37300.000000 -58.142330
37350.000000 -55.268570
37400.000000 -54.820850
37450.000000 -55.645855
37500.000000 -58.885540
37550.000000 -58.374641
37600.000000 -56.205841
37650.000000 -54.217010
37700.000000 -54.041382
37750.000000 -57.096622
37800.000000 -59.203362
37850.000000 -57.341213
37900.000000 -54.724430
37950.000000 -53.951019
38000.000000 -54.376057
38050.000000 -54.183228
38100.000000 -55.989685
38150.000000 -59.042591
38200.000000 -56.439560
38250.000000 -53.957294
38300.000000 -53.957691
38350.000000 -54.746048
38400.000000 -57.080505
38450.000000 -55.654934
38500.000000 -58.657394
38550.000000 -57.611195
38600.000000 -56.436218
38650.000000 -55.393143
38700.000000 -55.009048
38750.000000 -59.215702
38800.000000 -54.337368
38850.000000 -55.802204
38900.000000 -58.167835
38950.000000 -60.466228
39000.000000 -54.726311
39050.000000 -54.301189
39100.000000 -55.101681
39150.000000 -58.379257
39200.000000 -61.906914
39250.000000 -57.675865
39300.000000 -55.996620
39350.000000 -54.456333
39400.000000 -54.828594
39450.000000 -54.198776
39500.000000 -56.962742
39550.000000 -57.929638
39600.000000 -56.285587
39650.000000 -54.863152
39700.000000 -53.920029
39750.000000 -54.060425
39800.000000 -55.666599
39850.000000 -55.701481
39900.000000 -55.388935
39950.000000 -59.283661
40000.000000 -55.732594
