0.000000 -56.682365
50.000000 -58.738049
100.000000 -55.777878
150.000000 -54.990936
200.000000 -55.172703
250.000000 -54.903080
300.000000 -59.736195
350.000000 -55.803757
400.000000 -54.142956
450.000000 -60.693775
500.000000 -57.704510
550.000000 -61.104904
600.000000 -55.745659
650.000000 -57.132942
700.000000 -57.205750
750.000000 -54.012798
800.000000 -55.355179
850.000000 -59.109550
900.000000 -56.050117
950.000000 -54.603115
1000.000000 -56.343594
1050.000000 -62.021069
1100.000000 -55.081120
1150.000000 -55.093388
1200.000000 -57.568317
1250.000000 -55.149544
1300.000000 -55.017708
1350.000000 -55.778042
1400.000000 -57.963539
1450.000000 -54.763725
1500.000000 -53.954254
1550.000000 -58.865513
1600.000000 -54.853329
1650.000000 -56.380737
1700.000000 -53.966290
1750.000000 -55.912270
1800.000000 -55.129856
1850.000000 -56.428749
1900.000000 -54.437801
1950.000000 -58.965885
2000.000000 -56.156235
2050.000000 -56.839920
2100.000000 -56.050228
2150.000000 -55.266262
2200.000000 -57.600128
2250.000000 -57.818718
2300.000000 -55.705875
2350.000000 -55.127659
2400.000000 -60.878475
2450.000000 -54.833855
2500.000000 -54.887249
2550.000000 -57.659451
2600.000000 -56.642384
2650.000000 -57.063572
2700.000000 -57.084488
2750.000000 -58.022976
2800.000000 -54.029377
2850.000000 -55.331211
2900.000000 -55.426506
2950.000000 -56.836880
3000.000000 -56.989128
3050.000000 -53.962521
3100.000000 -54.329704
3150.000000 -58.490829
3200.000000 -56.766811
3250.000000 -57.477932
3300.000000 -53.928459
3350.000000 -54.158436
3400.000000 -56.217068
3450.000000 -57.239059
3500.000000 -54.959576
3550.000000 -56.734989
3600.000000 -57.307419
3650.000000 -54.518936
3700.000000 -55.150303
3750.000000 -60.724117
3800.000000 -54.683445
3850.000000 -54.693943
3900.000000 -60.611759
3950.000000 -54.383827
4000.000000 -54.942307
4050.000000 -58.327721
4100.000000 -59.090553
4150.000000 -56.666641
4200.000000 -56.113258
4250.000000 -56.009418
4300.000000 -56.654819
4350.000000 -57.932041
4400.000000 -55.017483
4450.000000 -56.210381
4500.000000 -56.065521
4550.000000 -57.355179
4600.000000 -56.861595
4650.000000 -56.769371
4700.000000 -56.821697
4750.000000 -57.194035
4800.000000 -59.633938
4850.000000 -55.006062
4900.000000 -56.159809
4950.000000 -56.278072
5000.000000 -54.793808
5050.000000 -54.597775
5100.000000 -61.504360
5150.000000 -55.568249
5200.000000 -55.035198
5250.000000 -58.129604
5300.000000 -55.690853
5350.000000 -56.067375
5400.000000 -53.956371
5450.000000 -58.086563
5500.000000 -55.046280
5550.000000 -58.382229
5600.000000 -59.262936
5650.000000 -57.455059
5700.000000 -57.920872
5750.000000 -58.967766
5800.000000 -59.642586
5850.000000 -59.960331
5900.000000 -60.056110
5950.000000 -55.745659
6000.000000 -60.448067
6050.000000 -58.388062
6100.000000 -61.053104
6150.000000 -56.130730
6200.000000 -57.266884
6250.000000 -58.072304
6300.000000 -58.056076
6350.000000 -54.732811
6400.000000 -54.719810
6450.000000 -61.588612
6500.000000 -55.960667
6550.000000 -54.836048
6600.000000 -58.481365
6650.000000 -58.088989
6700.000000 -55.573582
6750.000000 -56.172512
6800.000000 -61.726402
6850.000000 -55.570477
6900.000000 -55.583302
6950.000000 -59.983051
7000.000000 -57.957146
7050.000000 -55.818241
7100.000000 -54.017387
7150.000000 -58.412205
7200.000000 -59.455605
7250.000000 -56.764893
7300.000000 -58.071136
7350.000000 -58.839153
7400.000000 -55.265495
7450.000000 -58.402493
7500.000000 -55.806210
7550.000000 -55.728539
7600.000000 -58.910290
7650.000000 -58.831039
7700.000000 -53.956833
7750.000000 -55.452927
7800.000000 -62.115784
7850.000000 -54.726959
7900.000000 -54.488808
7950.000000 -57.531834
8000.000000 -59.192127
8050.000000 -55.134998
8100.000000 -55.335396
8150.000000 -57.909714
8200.000000 -56.467934
8250.000000 -56.673595
8300.000000 -56.176010
8350.000000 -57.442215
8400.000000 -57.408810
8450.000000 -55.809235
8500.000000 -56.895737
8550.000000 -56.094894
8600.000000 -60.258953
8650.000000 -56.309471
8700.000000 -59.598560
8750.000000 -57.690990
8800.000000 -55.845634
8850.000000 -55.929504
8900.000000 -55.084129
8950.000000 -56.828701
9000.000000 -58.014114
9050.000000 -54.631214
9100.000000 -55.300064
9150.000000 -59.279755
9200.000000 -56.208157
9250.000000 -54.522675
9300.000000 -56.572891
9350.000000 -56.518208
9400.000000 -55.016136
9450.000000 -55.960999
9500.000000 -58.942856
9550.000000 -55.781792
9600.000000 -54.739681
9650.000000 -56.185570
9700.000000 -55.469666
9750.000000 -58.377167
9800.000000 -54.370853
9850.000000 -55.760044
9900.000000 -57.193748
9950.000000 -58.857262
10000.000000 -58.546143
10050.000000 -59.515308
10100.000000 -59.432480
10150.000000 -58.496624
10200.000000 -56.317535
10250.000000 -56.239216
10300.000000 -58.641281
10350.000000 -56.723804
10400.000000 -53.973969
10450.000000 -56.554764
10500.000000 -56.749657
10550.000000 -57.610287
10600.000000 -53.948246
10650.000000 -55.392830
10700.000000 -56.345081
10750.000000 -57.275108
10800.000000 -58.908772
10850.000000 -57.214016
10900.000000 -55.522854
10950.000000 -56.268406
11000.000000 -57.445869
11050.000000 -57.164059
11100.000000 -56.129711
11150.000000 -54.812096
11200.000000 -54.383343
11250.000000 -55.679241
11300.000000 -55.495827
11350.000000 -55.124332
11400.000000 -55.183582
11450.000000 -53.962055
11500.000000 -54.819321
11550.000000 -54.243000
11600.000000 -54.711445
11650.000000 -55.717525
11700.000000 -54.425724
11750.000000 -55.818649
11800.000000 -54.952309
11850.000000 -56.431740
11900.000000 -53.939007
11950.000000 -55.613163
12000.000000 -54.849152
12050.000000 -53.969666
12100.000000 -53.951878
12150.000000 -53.967350
12200.000000 -55.793953
12250.000000 -55.060154
12300.000000 -55.031311
12350.000000 -53.963909
12400.000000 -53.955776
12450.000000 -54.220078
12500.000000 -53.947453
12550.000000 -55.629414
12600.000000 -54.419170
12650.000000 -53.964504
12700.000000 -53.976353
12750.000000 -54.719234
12800.000000 -57.180233
12850.000000 -54.570423
12900.000000 -53.955578
12950.000000 -53.946857
13000.000000 -54.499146
13050.000000 -54.470558
13100.000000 -53.973240
13150.000000 -54.421680
13200.000000 -53.978607
13250.000000 -57.808422
13300.000000 -53.971252
13350.000000 -54.648232
13400.000000 -54.947342
13450.000000 -55.584820
13500.000000 -55.949352
13550.000000 -55.199352
13600.000000 -56.883606
13650.000000 -54.767715
13700.000000 -54.726669
13750.000000 -55.155842
13800.000000 -61.890423
13850.000000 -55.675774
13900.000000 -54.004219
13950.000000 -54.432365
14000.000000 -57.626720
14050.000000 -56.910606
14100.000000 -53.945473
14150.000000 -53.947056
14200.000000 -54.703156
14250.000000 -58.354767
14300.000000 -53.976353
14350.000000 -53.952869
14400.000000 -53.939137
14450.000000 -57.325329
14500.000000 -55.570881
14550.000000 -53.971054
14600.000000 -53.921608
14650.000000 -54.495213
14700.000000 -56.421459
14750.000000 -53.972050
14800.000000 -53.913254
14850.000000 -53.967281
14900.000000 -55.300373
14950.000000 -53.978607
15000.000000 -53.958355
15050.000000 -53.937359
15100.000000 -54.400368
15150.000000 -54.305729
15200.000000 -53.963711
15250.000000 -53.957756
15300.000000 -54.137016
15350.000000 -54.096352
15400.000000 -54.797592
15450.000000 -53.954918
15500.000000 -53.976021
15550.000000 -56.479591
15600.000000 -55.360142
15650.000000 -53.970329
15700.000000 -53.972248
15750.000000 -53.975624
15800.000000 -54.381123
15850.000000 -54.465439
15900.000000 -54.725227
15950.000000 -54.749664
16000.000000 -55.268261
16050.000000 -54.986469
16100.000000 -55.278492
16150.000000 -55.551872
16200.000000 -55.627972
16250.000000 -56.063499
16300.000000 -56.173023
16350.000000 -56.282131
16400.000000 -56.394726
16450.000000 -56.673958
16500.000000 -56.959660
16550.000000 -56.863163
16600.000000 -57.299740
16650.000000 -57.237900
16700.000000 -57.343166
16750.000000 -57.512199
16800.000000 -57.696072
16850.000000 -58.137623
16900.000000 -58.188793
16950.000000 -58.272579
17000.000000 -58.594936
17050.000000 -58.769512
17100.000000 -58.934055
17150.000000 -59.243965
17200.000000 -59.359535
17250.000000 -59.617817
17300.000000 -59.804993
17350.000000 -60.081226
17400.000000 -60.133018
17450.000000 -60.102524
17500.000000 -60.561707
17550.000000 -60.358658
17600.000000 -60.329426
17650.000000 -60.505894
17700.000000 -60.887714
17750.000000 -61.049366
17800.000000 -61.473213
17850.000000 -61.511929
17900.000000 -61.741444
17950.000000 -61.984844
18000.000000 -62.366543
18050.000000 -62.638077
18100.000000 -62.565121
18150.000000 -62.683266
18200.000000 -62.860149
18250.000000 -62.921341
18300.000000 -63.501308
18350.000000 -63.796841
18400.000000 -63.857170
18450.000000 -63.598839
18500.000000 -63.904411
18550.000000 -64.147537
18600.000000 -64.142197
18650.000000 -64.473633
18700.000000 -64.673569
18750.000000 -64.746048
18800.000000 -64.524132
18850.000000 -64.808762
18900.000000 -65.250725
18950.000000 -65.229645
19000.000000 -65.436584
19050.000000 -65.604492
19100.000000 -65.923599
19150.000000 -66.302116
19200.000000 -66.297737
19250.000000 -66.630226
19300.000000 -67.346207
19350.000000 -67.165611
19400.000000 -67.429352
19450.000000 -67.364441
19500.000000 -67.725517
19550.000000 -67.818588
19600.000000 -67.916626
19650.000000 -68.089462
19700.000000 -68.611046
19750.000000 -68.024788
19800.000000 -68.593559
19850.000000 -69.111671
19900.000000 -69.466156
19950.000000 -70.245827
20000.000000 -70.402878
20050.000000 -70.525345
20100.000000 -70.600471
20150.000000 -70.794395
20200.000000 -71.168831
20250.000000 -71.702759
20300.000000 -71.912277
20350.000000 -72.346024
20400.000000 -72.004700
20450.000000 -71.904968
20500.000000 -72.383438
20550.000000 -72.421570
20600.000000 -72.756393
20650.000000 -72.209282
20700.000000 -72.874626
20750.000000 -72.927299
20800.000000 -72.282013
20850.000000 -72.965546
20900.000000 -73.072342
20950.000000 -73.460564
21000.000000 -74.055412
21050.000000 -74.331848
21100.000000 -74.335991
21150.000000 -75.393471
21200.000000 -75.976418
21250.000000 -76.117668
21300.000000 -76.140640
21350.000000 -75.528633
21400.000000 -76.128693
21450.000000 -76.407249
21500.000000 -77.619453
21550.000000 -77.482498
21600.000000 -76.767822
21650.000000 -77.225471
21700.000000 -77.925049
21750.000000 -77.079376
21800.000000 -79.124039
21850.000000 -78.223396
21900.000000 -78.338661
21950.000000 -78.609947
22000.000000 -78.482147
22050.000000 -79.347359
22100.000000 -79.912445
22150.000000 -80.485977
22200.000000 -79.711418
22250.000000 -79.308105
22300.000000 -78.886475
22350.000000 -79.582886
22400.000000 -80.716057
22450.000000 -81.140778
22500.000000 -81.062546
22550.000000 -80.701675
22600.000000 -81.019211
22650.000000 -79.773178
22700.000000 -78.976723
22750.000000 -79.720398
22800.000000 -79.360893
22850.000000 -79.827576
22900.000000 -80.083374
22950.000000 -80.095421
23000.000000 -79.349815
23050.000000 -78.737366
23100.000000 -78.496628
23150.000000 -78.438850
23200.000000 -78.007896
23250.000000 -78.973190
23300.000000 -78.966125
23350.000000 -79.427643
23400.000000 -79.384323
23450.000000 -78.794853
23500.000000 -78.551414
23550.000000 -78.728203
23600.000000 -78.090477
23650.000000 -78.736221
23700.000000 -78.611076
23750.000000 -78.545807
23800.000000 -79.662834
23850.000000 -79.849693
23900.000000 -79.436333
23950.000000 -78.941452
24000.000000 -78.800629
24050.000000 -79.481163
24100.000000 -79.605652
24150.000000 -80.095421
24200.000000 -79.386787
24250.000000 -79.631020
24300.000000 -79.611992
24350.000000 -80.329025
24400.000000 -80.086044
24450.000000 -78.553658
24500.000000 -78.483261
24550.000000 -80.099442
24600.000000 -79.095329
24650.000000 -79.652641
24700.000000 -79.652641
24750.000000 -79.199860
24800.000000 -81.871994
24850.000000 -80.516861
24900.000000 -81.817917
24950.000000 -80.523903
25000.000000 -79.867950
25050.000000 -79.840576
25100.000000 -79.978294
25150.000000 -79.474922
25200.000000 -79.708855
25250.000000 -81.171059
25300.000000 -82.522141
25350.000000 -81.683342
25400.000000 -82.788422
25450.000000 -81.386032
25500.000000 -81.969543
25550.000000 -81.429672
25600.000000 -82.786598
25650.000000 -82.507973
25700.000000 -82.575462
25750.000000 -83.430992
25800.000000 -84.575386
25850.000000 -88.956444
25900.000000 -88.703697
25950.000000 -86.992256
26000.000000 -87.433105
26050.000000 -88.363869
26100.000000 -87.454964
26150.000000 -90.962738
26200.000000 -90.520020
26250.000000 -92.428238
26300.000000 -90.330757
26350.000000 -88.127571
26400.000000 -88.124191
26450.000000 -86.652161
26500.000000 -87.542953
26550.000000 -88.274071
26600.000000 -89.959999
26650.000000 -88.997421
26700.000000 -90.972107
26750.000000 -88.915649
26800.000000 -89.429985
26850.000000 -88.110695
26900.000000 -91.200073
26950.000000 -88.174995
27000.000000 -87.426872
27050.000000 -88.374290
27100.000000 -90.809578
27150.000000 -89.592415
27200.000000 -88.134331
27250.000000 -88.838310
27300.000000 -86.460449
27350.000000 -87.609543
27400.000000 -86.065254
27450.000000 -85.329933
27500.000000 -84.182648
27550.000000 -85.041023
27600.000000 -85.740997
27650.000000 -85.664337
27700.000000 -84.958534
27750.000000 -87.451843
27800.000000 -87.105644
27850.000000 -87.042892
27900.000000 -85.909462
27950.000000 -86.851128
28000.000000 -90.291664
28050.000000 -89.016113
28100.000000 -92.123253
28150.000000 -88.743500
28200.000000 -87.370956
28250.000000 -88.937874
28300.000000 -90.981491
28350.000000 -91.833778
28400.000000 -87.766914
28450.000000 -85.831306
28500.000000 -86.886185
28550.000000 -84.050659
28600.000000 -83.825417
28650.000000 -81.992851
28700.000000 -81.608055
28750.000000 -82.748322
28800.000000 -83.017982
28850.000000 -83.205727
28900.000000 -83.922722
28950.000000 -84.063347
29000.000000 -81.004326
29050.000000 -82.251747
29100.000000 -81.061043
29150.000000 -81.092552
29200.000000 -81.245697
29250.000000 -82.238014
29300.000000 -83.286613
29350.000000 -83.161743
29400.000000 -83.547852
29450.000000 -81.302483
29500.000000 -81.775528
29550.000000 -79.526230
29600.000000 -81.635208
29650.000000 -81.210587
29700.000000 -81.725266
29750.000000 -81.577805
29800.000000 -84.497185
29850.000000 -85.298172
29900.000000 -84.928093
29950.000000 -86.150940
30000.000000 -85.480568
30050.000000 -83.387817
30100.000000 -83.889473
30150.000000 -53.968937
30200.000000 -53.966488
30250.000000 -57.113239
30300.000000 -57.142666
30350.000000 -55.684399
30400.000000 -56.419617
30450.000000 -57.874882
30500.000000 -59.806675
30550.000000 -58.653305
30600.000000 -56.645535
30650.000000 -56.801590
30700.000000 -55.315201
30750.000000 -55.585136
30800.000000 -54.466141
30850.000000 -57.540512
30900.000000 -56.671154
30950.000000 -58.520287
31000.000000 -54.472733
31050.000000 -53.962322
31100.000000 -53.973373
31150.000000 -53.950756
31200.000000 -54.438431
31250.000000 -56.238445
31300.000000 -56.064259
31350.000000 -58.920116
31400.000000 -55.280643
31450.000000 -57.255081
31500.000000 -56.642925
31550.000000 -57.487354
31600.000000 -61.953552
31650.000000 -60.374557
31700.000000 -60.422569
31750.000000 -59.304066
31800.000000 -57.679718
31850.000000 -55.021515
31900.000000 -54.199322
31950.000000 -56.256084
32000.000000 -54.854866
32050.000000 -56.121819
32100.000000 -55.210114
32150.000000 -57.526943
32200.000000 -56.023830
32250.000000 -59.474670
32300.000000 -57.346977
32350.000000 -57.192791
32400.000000 -56.021397
32450.000000 -55.928093
32500.000000 -57.614216
32550.000000 -54.392998
32600.000000 -53.972248
32650.000000 -53.973705
32700.000000 -56.865288
32750.000000 -55.319065
32800.000000 -55.059254
32850.000000 -57.067638
32900.000000 -56.007076
32950.000000 -56.007156
33000.000000 -59.313488
33050.000000 -58.763874
33100.000000 -56.489582
33150.000000 -58.215733
33200.000000 -55.991940
33250.000000 -55.852211
33300.000000 -56.645355
33350.000000 -57.870007
33400.000000 -54.833927
33450.000000 -56.891594
33500.000000 -53.971188
33550.000000 -55.743629
33600.000000 -56.150700
33650.000000 -58.325207
33700.000000 -57.190777
33750.000000 -59.999470
33800.000000 -61.247681
33850.000000 -55.647621
33900.000000 -56.169357
33950.000000 -58.319416
34000.000000 -58.409332
34050.000000 -57.863579
34100.000000 -59.282928
34150.000000 -55.670135
34200.000000 -57.468025
34250.000000 -57.382103
34300.000000 -58.204517
34350.000000 -54.262215
34400.000000 -56.925640
34450.000000 -54.880852
34500.000000 -57.321915
34550.000000 -57.105736
34600.000000 -59.945698
34650.000000 -57.865650
34700.000000 -63.292027
34750.000000 -58.692780
34800.000000 -57.773060
34850.000000 -58.404255
34900.000000 -58.211525
34950.000000 -58.518719
35000.000000 -56.628437
35050.000000 -58.504539
35100.000000 -58.223076
35150.000000 -56.137691
35200.000000 -56.363731
35250.000000 -53.958221
35300.000000 -53.967018
35350.000000 -56.496128
35400.000000 -56.872772
35450.000000 -54.247917
35500.000000 -54.006748
35550.000000 -55.073372
35600.000000 -55.853607
35650.000000 -56.871395
35700.000000 -57.732742
35750.000000 -58.752274
35800.000000 -59.161865
35850.000000 -53.989212
35900.000000 -57.958614
35950.000000 -58.198589
36000.000000 -56.171574
36050.000000 -55.113995
36100.000000 -54.346626
36150.000000 -56.678207
36200.000000 -58.564102
36250.000000 -56.075722
36300.000000 -54.398769
36350.000000 -53.952473
36400.000000 -54.415058
36450.000000 -57.085056
36500.000000 -54.734615
36550.000000 -53.961063
36600.000000 -58.217590
36650.000000 -54.784203
36700.000000 -58.616497
36750.000000 -59.526474
36800.000000 -56.121651
36850.000000 -57.073692
36900.000000 -57.700645
36950.000000 -53.970329
37000.000000 -58.199776
37050.000000 -54.802834
37100.000000 -54.355202
37150.000000 -57.073975
37200.000000 -56.681641
37250.000000 -57.363983
37300.000000 -57.466934
37350.000000 -56.474022
37400.000000 -56.161427
37450.000000 -57.707870
37500.000000 -57.498379
37550.000000 -55.025925
37600.000000 -55.727970
37650.000000 -58.964363
37700.000000 -54.852814
37750.000000 -58.799488
37800.000000 -56.110802
37850.000000 -55.844566
37900.000000 -56.594791
37950.000000 -56.340202
38000.000000 -57.282566
38050.000000 -60.653526
38100.000000 -58.344025
38150.000000 -55.096401
38200.000000 -56.468197
38250.000000 -55.660641
38300.000000 -58.093559
38350.000000 -57.415207
38400.000000 -57.670696
38450.000000 -62.379608
38500.000000 -59.675720
38550.000000 -54.392441
38600.000000 -61.573982
38650.000000 -58.548397
38700.000000 -58.420265
38750.000000 -57.861610
38800.000000 -56.486309
38850.000000 -56.868801
38900.000000 -58.356853
38950.000000 -54.931797
39000.000000 -54.327358
39050.000000 -55.121384
39100.000000 -57.855293
39150.000000 -62.861256
39200.000000 -62.741585
39250.000000 -56.259872
39300.000000 -55.296288
39350.000000 -56.437012
39400.000000 -57.003670
39450.000000 -54.863960
39500.000000 -54.657181
39550.000000 -57.353031
39600.000000 -57.034134
39650.000000 -56.611465
39700.000000 -56.492058
39750.000000 -57.360069
39800.000000 -56.922943
39850.000000 -56.143898
39900.000000 -54.297337
39950.000000 -53.913448
40000.000000 -54.097427
