0.000000 -55.936394
50.000000 -55.817749
100.000000 -56.147041
150.000000 -59.551231
200.000000 -58.547600
250.000000 -56.518295
300.000000 -62.063484
350.000000 -56.110294
400.000000 -56.430069
450.000000 -59.174267
500.000000 -56.396740
550.000000 -58.398300
600.000000 -55.817749
650.000000 -56.286366
700.000000 -55.427914
750.000000 -60.509129
800.000000 -58.154751
850.000000 -55.287960
900.000000 -54.187435
950.000000 -55.120174
1000.000000 -58.049614
1050.000000 -59.680828
1100.000000 -55.185867
1150.000000 -53.981453
1200.000000 -53.970989
1250.000000 -56.052975
1300.000000 -59.973007
1350.000000 -56.431118
1400.000000 -54.583344
1450.000000 -55.887634
1500.000000 -57.460400
1550.000000 -57.341896
1600.000000 -57.632664
1650.000000 -57.500069
1700.000000 -58.781597
1750.000000 -53.921940
1800.000000 -56.941189
1850.000000 -56.624214
1900.000000 -59.701820
1950.000000 -56.773212
2000.000000 -54.666500
2050.000000 -56.641125
2100.000000 -56.874439
2150.000000 -55.505459
2200.000000 -59.838490
2250.000000 -54.440666
2300.000000 -54.473644
2350.000000 -55.679657
2400.000000 -61.139870
2450.000000 -60.915649
2500.000000 -54.818443
2550.000000 -55.551182
2600.000000 -55.236267
2650.000000 -56.508358
2700.000000 -58.458027
2750.000000 -56.460701
2800.000000 -56.031548
2850.000000 -55.763950
2900.000000 -56.349514
2950.000000 -58.700539
3000.000000 -58.537964
3050.000000 -58.116154
3100.000000 -59.879833
3150.000000 -55.773071
3200.000000 -56.442287
3250.000000 -58.403156
3300.000000 -58.756866
3350.000000 -55.970577
3400.000000 -56.985195
3450.000000 -53.969597
3500.000000 -56.704102
3550.000000 -59.220669
3600.000000 -57.852909
3650.000000 -54.774178
3700.000000 -54.584194
3750.000000 -56.276775
3800.000000 -60.689754
3850.000000 -60.711018
3900.000000 -53.963444
3950.000000 -54.214626
4000.000000 -53.965828
4050.000000 -60.041985
4100.000000 -57.641247
4150.000000 -55.267799
4200.000000 -54.425377
4250.000000 -56.207382
4300.000000 -55.482971
4350.000000 -56.793343
4400.000000 -57.257401
4450.000000 -53.969597
4500.000000 -53.947651
4550.000000 -54.697540
4600.000000 -55.757118
4650.000000 -56.928707
4700.000000 -57.060074
4750.000000 -54.647373
4800.000000 -57.901592
4850.000000 -54.359356
4900.000000 -55.800816
4950.000000 -58.088989
5000.000000 -57.094631
5050.000000 -54.479889
5100.000000 -54.021584
5150.000000 -56.482948
5200.000000 -57.581245
5250.000000 -56.466343
5300.000000 -54.284904
5350.000000 -54.248943
5400.000000 -55.455280
5450.000000 -57.373772
5500.000000 -56.455761
5550.000000 -54.817272
5600.000000 -55.232285
5650.000000 -54.820923
5700.000000 -57.168362
5750.000000 -56.844894
5800.000000 -57.249485
5850.000000 -56.939884
5900.000000 -53.920097
5950.000000 -53.940258
6000.000000 -55.114433
6050.000000 -57.904610
6100.000000 -56.406021
6150.000000 -56.759506
6200.000000 -54.717068
6250.000000 -55.070820
6300.000000 -56.231655
6350.000000 -59.783386
6400.000000 -55.303307
6450.000000 -54.102669
6500.000000 -54.618221
6550.000000 -57.963856
6600.000000 -62.566723
6650.000000 -58.204300
6700.000000 -54.569996
6750.000000 -55.603333
6800.000000 -56.886005
6850.000000 -59.290253
6900.000000 -59.735676
6950.000000 -56.458141
7000.000000 -54.772724
7050.000000 -53.964436
7100.000000 -54.487263
7150.000000 -58.245785
7200.000000 -56.367466
7250.000000 -56.887581
7300.000000 -53.952206
7350.000000 -57.057583
7400.000000 -58.059784
7450.000000 -58.212818
7500.000000 -57.824287
7550.000000 -55.767532
7600.000000 -55.572468
7650.000000 -56.627808
7700.000000 -56.279194
7750.000000 -56.286366
7800.000000 -54.172447
7850.000000 -54.608315
7900.000000 -53.974102
7950.000000 -57.287609
8000.000000 -56.412949
8050.000000 -56.212009
8100.000000 -53.968143
8150.000000 -53.965958
8200.000000 -56.041458
8250.000000 -60.328873
8300.000000 -58.417725
8350.000000 -55.573822
8400.000000 -54.311234
8450.000000 -55.253590
8500.000000 -55.606449
8550.000000 -59.087330
8600.000000 -59.007278
8650.000000 -56.440880
8700.000000 -55.234581
8750.000000 -54.533756
8800.000000 -56.790775
8850.000000 -55.701431
8900.000000 -53.942833
8950.000000 -56.912159
9000.000000 -55.072697
9050.000000 -55.711617
9100.000000 -57.952644
9150.000000 -57.241081
9200.000000 -56.501976
9250.000000 -53.977280
9300.000000 -53.973969
9350.000000 -56.276951
9400.000000 -59.165592
9450.000000 -55.148788
9500.000000 -54.874458
9550.000000 -53.946659
9600.000000 -55.608204
9650.000000 -60.680290
9700.000000 -57.355865
9750.000000 -55.554417
9800.000000 -57.285667
9850.000000 -57.384357
9900.000000 -56.505611
9950.000000 -57.471291
10000.000000 -56.573593
10050.000000 -54.877617
10100.000000 -56.131748
10150.000000 -56.334724
10200.000000 -54.889973
10250.000000 -56.906311
10300.000000 -54.610809
10350.000000 -55.694809
10400.000000 -55.574379
10450.000000 -53.979069
10500.000000 -56.030960
10550.000000 -55.234734
10600.000000 -54.843731
10650.000000 -54.812164
10700.000000 -53.948181
10750.000000 -54.844097
10800.000000 -54.351257
10850.000000 -54.298233
10900.000000 -53.965298
10950.000000 -54.091248
11000.000000 -54.861832
11050.000000 -55.477142
11100.000000 -54.427258
11150.000000 -54.780277
11200.000000 -55.618122
11250.000000 -54.734039
11300.000000 -53.963379
11350.000000 -54.845562
11400.000000 -53.975689
11450.000000 -53.945801
11500.000000 -53.952538
11550.000000 -53.968342
11600.000000 -55.584976
11650.000000 -54.638073
11700.000000 -54.146942
11750.000000 -55.125542
11800.000000 -53.958355
11850.000000 -54.843658
11900.000000 -53.973106
11950.000000 -53.936237
12000.000000 -53.972710
12050.000000 -53.974365
12100.000000 -55.106735
12150.000000 -53.969002
12200.000000 -54.988258
12250.000000 -54.732956
12300.000000 -54.406002
12350.000000 -55.307552
12400.000000 -55.307552
12450.000000 -54.695236
12500.000000 -55.129250
12550.000000 -55.892834
12600.000000 -54.630215
12650.000000 -57.387402
12700.000000 -54.318813
12750.000000 -54.966625
12800.000000 -59.834473
12850.000000 -54.147007
12900.000000 -53.948311
12950.000000 -57.319187
13000.000000 -54.869316
13050.000000 -53.959541
13100.000000 -55.068417
13150.000000 -53.976021
13200.000000 -53.931030
13250.000000 -53.974697
13300.000000 -55.281574
13350.000000 -53.912464
13400.000000 -53.950226
13450.000000 -55.368149
13500.000000 -53.968803
13550.000000 -53.952206
13600.000000 -56.310169
13650.000000 -53.945141
13700.000000 -53.941444
13750.000000 -55.355328
13800.000000 -53.941643
13850.000000 -53.930500
13900.000000 -54.686321
13950.000000 -53.970062
14000.000000 -53.964241
14050.000000 -53.976089
14100.000000 -54.109795
14150.000000 -53.959610
14200.000000 -53.930370
14250.000000 -54.457455
14300.000000 -53.960205
14350.000000 -53.978008
14400.000000 -54.094742
14450.000000 -53.962982
14500.000000 -53.973438
14550.000000 -54.668221
14600.000000 -54.079510
14650.000000 -54.115314
14700.000000 -54.514145
14750.000000 -54.385357
14800.000000 -54.716637
14850.000000 -54.974499
14900.000000 -55.282417
14950.000000 -55.190434
15000.000000 -55.515102
15050.000000 -55.841774
15100.000000 -55.978249
15150.000000 -56.224186
15200.000000 -56.472610
15250.000000 -56.449860
15300.000000 -56.603214
15350.000000 -57.018887
15400.000000 -57.274429
15450.000000 -57.266590
15500.000000 -57.578640
15550.000000 -57.639935
15600.000000 -57.762501
15650.000000 -57.940926
15700.000000 -57.937893
15750.000000 -58.172131
15800.000000 -58.283123
15850.000000 -58.936516
15900.000000 -58.848083
15950.000000 -59.220913
16000.000000 -59.268417
16050.000000 -59.616802
16100.000000 -59.706413
16150.000000 -59.923336
16200.000000 -60.105206
16250.000000 -60.301800
16300.000000 -60.409081
16350.000000 -60.384109
16400.000000 -60.958759
16450.000000 -61.063885
16500.000000 -61.036514
16550.000000 -61.174545
16600.000000 -61.262383
16650.000000 -61.298168
16700.000000 -61.583839
16750.000000 -61.887619
16800.000000 -61.979183
16850.000000 -62.512215
16900.000000 -62.206001
16950.000000 -62.645981
17000.000000 -63.001301
17050.000000 -62.796825
17100.000000 -62.714916
17150.000000 -63.439056
17200.000000 -63.681465
17250.000000 -63.508053
17300.000000 -63.762024
17350.000000 -64.312538
17400.000000 -64.244217
17450.000000 -63.937092
17500.000000 -64.495178
17550.000000 -64.390846
17600.000000 -64.552521
17650.000000 -64.639130
17700.000000 -64.662453
17750.000000 -64.677200
17800.000000 -65.218277
17850.000000 -65.335312
17900.000000 -65.580017
17950.000000 -65.758980
18000.000000 -65.907364
18050.000000 -65.758720
18100.000000 -66.136948
18150.000000 -66.271500
18200.000000 -66.309784
18250.000000 -66.752502
18300.000000 -67.007973
18350.000000 -66.832748
18400.000000 -67.276398
18450.000000 -67.909042
18500.000000 -67.762367
18550.000000 -67.812073
18600.000000 -68.446518
18650.000000 -68.353447
18700.000000 -68.547699
18750.000000 -67.998459
18800.000000 -68.502075
18850.000000 -68.571846
18900.000000 -68.530342
18950.000000 -69.406845
19000.000000 -69.523094
19050.000000 -69.489441
19100.000000 -69.718079
19150.000000 -70.026573
19200.000000 -70.235481
19250.000000 -70.054787
19300.000000 -70.797150
19350.000000 -70.873749
19400.000000 -70.344254
19450.000000 -70.973030
19500.000000 -70.593735
19550.000000 -70.887657
19600.000000 -70.385338
19650.000000 -70.690765
19700.000000 -71.080101
19750.000000 -70.861702
19800.000000 -71.319740
19850.000000 -71.699188
19900.000000 -71.832207
19950.000000 -71.860199
20000.000000 -71.791420
20050.000000 -72.339432
20100.000000 -72.464882
20150.000000 -73.880699
20200.000000 -73.766144
20250.000000 -74.456963
20300.000000 -73.830391
20350.000000 -74.037384
20400.000000 -73.997444
20450.000000 -75.406723
20500.000000 -75.784241
20550.000000 -76.374016
20600.000000 -77.010521
20650.000000 -77.055733
20700.000000 -76.529930
20750.000000 -77.244751
20800.000000 -76.616585
20850.000000 -76.525490
20900.000000 -76.988007
20950.000000 -77.515289
21000.000000 -77.375046
21050.000000 -78.108582
21100.000000 -78.562645
21150.000000 -78.369370
21200.000000 -78.539085
21250.000000 -78.848083
21300.000000 -78.738510
21350.000000 -77.998421
21400.000000 -77.409401
21450.000000 -76.893883
21500.000000 -76.847664
21550.000000 -76.673325
21600.000000 -77.509315
21650.000000 -78.067108
21700.000000 -77.874054
21750.000000 -78.038506
21800.000000 -77.906281
21850.000000 -78.864349
21900.000000 -77.672012
21950.000000 -77.365257
22000.000000 -77.980545
22050.000000 -77.333023
22100.000000 -76.891106
22150.000000 -77.600334
22200.000000 -78.334290
22250.000000 -77.891716
22300.000000 -77.748383
22350.000000 -78.909828
22400.000000 -79.059578
22450.000000 -78.518951
22500.000000 -79.390495
22550.000000 -78.836487
22600.000000 -78.412315
22650.000000 -77.699432
22700.000000 -78.611076
22750.000000 -79.082207
22800.000000 -78.859703
22850.000000 -79.909821
22900.000000 -79.623405
22950.000000 -79.138428
23000.000000 -78.462135
23050.000000 -78.727058
23100.000000 -78.949669
23150.000000 -77.581253
23200.000000 -79.187782
23250.000000 -79.144440
23300.000000 -80.203293
23350.000000 -80.049980
23400.000000 -79.504913
23450.000000 -79.628479
23500.000000 -79.249557
23550.000000 -80.886108
23600.000000 -81.183205
23650.000000 -80.843643
23700.000000 -81.933037
23750.000000 -81.500267
23800.000000 -82.393761
23850.000000 -82.081665
23900.000000 -82.889496
23950.000000 -81.134735
24000.000000 -80.431480
24050.000000 -80.598831
24100.000000 -80.635834
24150.000000 -81.470390
24200.000000 -79.327713
24250.000000 -79.940041
24300.000000 -80.523903
24350.000000 -81.040100
24400.000000 -80.272758
24450.000000 -80.323509
24500.000000 -80.087387
24550.000000 -79.984909
24600.000000 -81.772278
24650.000000 -79.338760
24700.000000 -81.539742
24750.000000 -80.896385
24800.000000 -81.071533
24850.000000 -84.452812
24900.000000 -85.505516
24950.000000 -85.815758
25000.000000 -85.337280
25050.000000 -85.264084
25100.000000 -84.388870
25150.000000 -85.540558
25200.000000 -82.584381
25250.000000 -82.702972
25300.000000 -81.839172
25350.000000 -81.878571
25400.000000 -82.306885
25450.000000 -81.826080
25500.000000 -80.352448
25550.000000 -80.427307
25600.000000 -81.160454
25650.000000 -80.875839
25700.000000 -80.570480
25750.000000 -81.206017
25800.000000 -80.903732
25850.000000 -82.186722
25900.000000 -82.654259
25950.000000 -80.471970
26000.000000 -80.581810
26050.000000 -82.648865
26100.000000 -81.989517
26150.000000 -81.788544
26200.000000 -84.067574
26250.000000 -83.573807
26300.000000 -83.432961
26350.000000 -84.631683
26400.000000 -88.479187
26450.000000 -86.743866
26500.000000 -89.774261
26550.000000 -89.680847
26600.000000 -89.786522
26650.000000 -87.792885
26700.000000 -87.007095
26750.000000 -84.286240
26800.000000 -84.413071
26850.000000 -84.336311
26900.000000 -82.704781
26950.000000 -81.858849
27000.000000 -81.327156
27050.000000 -81.486107
27100.000000 -80.413391
27150.000000 -82.130661
27200.000000 -82.823204
27250.000000 -84.314507
27300.000000 -83.796638
27350.000000 -82.841568
27400.000000 -82.643471
27450.000000 -81.786919
27500.000000 -80.502808
27550.000000 -81.636810
27600.000000 -81.470390
27650.000000 -83.201889
27700.000000 -86.196800
27750.000000 -85.052872
27800.000000 -84.579880
27850.000000 -84.312325
27900.000000 -82.612976
27950.000000 -83.337151
28000.000000 -85.371651
28050.000000 -84.297096
28100.000000 -82.009537
28150.000000 -82.954437
28200.000000 -83.829536
28250.000000 -82.066513
28300.000000 -84.000099
28350.000000 -84.307976
28400.000000 -83.525940
28450.000000 -82.467384
28500.000000 -80.985001
28550.000000 -80.869972
28600.000000 -80.441238
28650.000000 -80.285080
28700.000000 -79.655190
28750.000000 -80.333145
28800.000000 -80.976097
28850.000000 -81.171059
28900.000000 -81.734970
28950.000000 -79.712700
29000.000000 -79.227707
29050.000000 -79.581619
29100.000000 -78.588516
29150.000000 -77.447845
29200.000000 -79.376915
29250.000000 -78.657509
29300.000000 -79.344902
29350.000000 -81.181686
29400.000000 -80.296043
29450.000000 -80.256363
29500.000000 -83.044289
29550.000000 -80.760788
29600.000000 -82.246597
29650.000000 -82.298248
29700.000000 -82.212334
29750.000000 -81.307106
29800.000000 -82.053078
29850.000000 -81.525513
29900.000000 -85.117134
29950.000000 -86.014778
30000.000000 -53.973240
30050.000000 -55.215843
30100.000000 -53.957428
30150.000000 -55.216618
30200.000000 -55.546555
30250.000000 -57.707260
30300.000000 -61.084133
30350.000000 -55.157131
30400.000000 -56.688065
30450.000000 -56.270477
30500.000000 -57.317337
30550.000000 -55.717442
30600.000000 -55.041039
30650.000000 -54.875706
30700.000000 -54.469227
30750.000000 -54.049530
30800.000000 -54.975243
30850.000000 -56.884708
30900.000000 -56.835773
30950.000000 -55.630455
31000.000000 -56.880634
31050.000000 -58.286167
31100.000000 -58.794968
31150.000000 -56.913738
31200.000000 -55.895645
31250.000000 -57.674545
31300.000000 -56.798290
31350.000000 -54.344757
31400.000000 -53.959541
31450.000000 -53.946529
31500.000000 -56.502598
31550.000000 -56.575111
31600.000000 -56.434986
31650.000000 -56.875732
31700.000000 -58.820503
31750.000000 -56.046162
31800.000000 -55.372581
31850.000000 -55.774864
31900.000000 -54.215786
31950.000000 -56.752483
32000.000000 -54.379456
32050.000000 -57.044125
32100.000000 -53.960602
32150.000000 -54.156136
32200.000000 -57.025951
32250.000000 -54.820850
32300.000000 -55.606209
32350.000000 -54.914364
32400.000000 -57.780445
32450.000000 -58.844254
32500.000000 -58.840889
32550.000000 -58.538074
32600.000000 -56.884895
32650.000000 -55.855171
32700.000000 -57.437675
32750.000000 -59.999737
32800.000000 -56.651394
32850.000000 -54.687981
32900.000000 -54.687038
32950.000000 -53.965893
33000.000000 -53.954983
33050.000000 -54.825085
33100.000000 -55.253437
33150.000000 -57.065750
33200.000000 -56.837524
33250.000000 -59.161266
33300.000000 -56.587990
33350.000000 -59.493526
33400.000000 -57.512897
33450.000000 -56.237068
33500.000000 -60.761219
33550.000000 -59.717697
33600.000000 -53.961990
33650.000000 -56.206444
33700.000000 -59.752666
33750.000000 -57.474659
33800.000000 -55.199429
33850.000000 -56.960407
33900.000000 -58.338112
33950.000000 -57.988106
34000.000000 -58.216717
34050.000000 -59.513054
34100.000000 -54.726959
34150.000000 -55.132504
34200.000000 -55.385586
34250.000000 -54.620434
34300.000000 -56.983509
34350.000000 -54.619434
34400.000000 -53.973770
34450.000000 -54.999203
34500.000000 -53.953659
34550.000000 -54.774975
34600.000000 -55.015541
34650.000000 -58.809978
34700.000000 -54.329224
34750.000000 -56.166882
34800.000000 -57.068489
34850.000000 -57.089046
34900.000000 -63.965290
34950.000000 -56.590225
35000.000000 -57.651554
35050.000000 -55.849167
35100.000000 -55.460312
35150.000000 -57.052624
35200.000000 -56.040783
35250.000000 -55.259274
35300.000000 -54.571201
35350.000000 -54.550724
35400.000000 -53.969864
35450.000000 -54.340477
35500.000000 -53.979202
35550.000000 -56.475788
35600.000000 -60.106548
35650.000000 -54.928989
35700.000000 -54.926552
35750.000000 -58.225777
35800.000000 -57.992207
35850.000000 -53.921082
35900.000000 -57.063572
35950.000000 -61.445774
36000.000000 -59.901947
36050.000000 -57.217670
36100.000000 -57.459122
36150.000000 -55.842266
36200.000000 -53.978077
36250.000000 -53.973835
36300.000000 -54.857212
36350.000000 -55.137802
36400.000000 -57.448536
36450.000000 -57.912453
36500.000000 -55.334156
36550.000000 -55.957584
36600.000000 -59.003292
36650.000000 -57.725700
36700.000000 -53.966423
36750.000000 -54.817200
36800.000000 -54.605892
36850.000000 -57.050446
36900.000000 -57.079372
36950.000000 -60.039188
37000.000000 -55.437862
37050.000000 -53.959808
37100.000000 -54.052940
37150.000000 -55.015095
37200.000000 -58.313736
37250.000000 -55.646019
37300.000000 -56.614426
37350.000000 -57.132656
37400.000000 -58.568592
37450.000000 -57.761375
37500.000000 -54.379387
37550.000000 -56.089737
37600.000000 -54.502453
37650.000000 -55.612923
37700.000000 -55.943367
37750.000000 -56.789402
37800.000000 -58.870167
37850.000000 -55.527683
37900.000000 -54.477081
37950.000000 -54.415195
38000.000000 -56.712540
38050.000000 -60.727287
38100.000000 -55.490620
38150.000000 -53.944019
38200.000000 -55.877243
38250.000000 -57.966892
38300.000000 -56.472435
38350.000000 -54.518936
38400.000000 -53.938808
38450.000000 -53.954056
38500.000000 -55.345394
38550.000000 -59.595901
38600.000000 -56.111141
38650.000000 -54.202721
38700.000000 -54.567799
38750.000000 -57.538918
38800.000000 -57.942806
38850.000000 -59.265495
38900.000000 -55.807030
38950.000000 -56.164497
39000.000000 -55.457874
39050.000000 -54.093666
39100.000000 -57.785374
39150.000000 -55.224251
39200.000000 -56.763531
39250.000000 -55.674969
39300.000000 -55.200878
39350.000000 -53.934391
39400.000000 -57.263615
39450.000000 -56.927963
39500.000000 -54.165134
39550.000000 -54.473431
39600.000000 -54.817493
39650.000000 -59.406445
39700.000000 -55.609245
39750.000000 -55.730244
39800.000000 -53.979137
39850.000000 -54.979923
39900.000000 -57.567616
39950.000000 -55.608849
40000.000000 -55.530773
