0.000000 -54.236034
50.000000 -58.991470
100.000000 -58.597301
150.000000 -55.100552
200.000000 -53.965958
250.000000 -54.831223
300.000000 -58.708530
350.000000 -58.880764
400.000000 -55.709595
450.000000 -55.719063
500.000000 -56.701206
550.000000 -56.917923
600.000000 -57.863579
650.000000 -56.883041
700.000000 -58.127468
750.000000 -54.195992
800.000000 -56.883297
850.000000 -57.133415
900.000000 -57.232597
950.000000 -56.561184
1000.000000 -57.955158
1050.000000 -56.197369
1100.000000 -55.557594
1150.000000 -55.775433
1200.000000 -58.548721
1250.000000 -59.129070
1300.000000 -54.315369
1350.000000 -54.027779
1400.000000 -55.986343
1450.000000 -61.063435
1500.000000 -56.030708
1550.000000 -55.180080
1600.000000 -54.651310
1650.000000 -58.292713
1700.000000 -64.452805
1750.000000 -58.136555
1800.000000 -56.832001
1850.000000 -56.701202
1900.000000 -59.707054
1950.000000 -58.039986
2000.000000 -55.205227
2050.000000 -60.336449
2100.000000 -55.470612
2150.000000 -54.394733
2200.000000 -57.339554
2250.000000 -56.636803
2300.000000 -56.261421
2350.000000 -58.094517
2400.000000 -57.001602
2450.000000 -55.295052
2500.000000 -54.577095
2550.000000 -55.131897
2600.000000 -59.021240
2650.000000 -55.466049
2700.000000 -54.687397
2750.000000 -54.345383
2800.000000 -56.008415
2850.000000 -56.503040
2900.000000 -55.860435
2950.000000 -53.974766
3000.000000 -53.978405
3050.000000 -57.844738
3100.000000 -56.645267
3150.000000 -53.955643
3200.000000 -54.236443
3250.000000 -55.688118
3300.000000 -57.083920
3350.000000 -55.951431
3400.000000 -54.399879
3450.000000 -56.880451
3500.000000 -56.045574
3550.000000 -54.351883
3600.000000 -54.072609
3650.000000 -55.927761
3700.000000 -55.105225
3750.000000 -57.181957
3800.000000 -54.083733
3850.000000 -53.976620
3900.000000 -54.543228
3950.000000 -54.917542
4000.000000 -55.110283
4050.000000 -53.932411
4100.000000 -54.458786
4150.000000 -56.513149
4200.000000 -61.042377
4250.000000 -58.331657
4300.000000 -55.479271
4350.000000 -53.964966
4400.000000 -58.068378
4450.000000 -58.166229
4500.000000 -54.653957
4550.000000 -54.936165
4600.000000 -55.945862
4650.000000 -58.077930
4700.000000 -59.911652
4750.000000 -57.135609
4800.000000 -56.952286
4850.000000 -58.750668
4900.000000 -57.613312
4950.000000 -60.893002
5000.000000 -58.201820
5050.000000 -59.511299
5100.000000 -58.246330
5150.000000 -62.667759
5200.000000 -56.747925
5250.000000 -57.549015
5300.000000 -56.587273
5350.000000 -63.318203
5400.000000 -56.193691
5450.000000 -54.887321
5500.000000 -54.327637
5550.000000 -57.546520
5600.000000 -61.544960
5650.000000 -55.927097
5700.000000 -54.887249
5750.000000 -55.393299
5800.000000 -60.585659
5850.000000 -58.850422
5900.000000 -57.324444
5950.000000 -58.655010
6000.000000 -56.148235
6050.000000 -58.340191
6100.000000 -57.407925
6150.000000 -56.514122
6200.000000 -57.045444
6250.000000 -55.107037
6300.000000 -56.149593
6350.000000 -57.975498
6400.000000 -56.236725
6450.000000 -59.338631
6500.000000 -56.542828
6550.000000 -55.951015
6600.000000 -55.022636
6650.000000 -55.439194
6700.000000 -56.058025
6750.000000 -56.278416
6800.000000 -55.090527
6850.000000 -55.042164
6900.000000 -55.350590
6950.000000 -60.374973
7000.000000 -56.997753
7050.000000 -55.052052
7100.000000 -54.779770
7150.000000 -56.693047
7200.000000 -59.727581
7250.000000 -56.583336
7300.000000 -54.450665
7350.000000 -55.989182
7400.000000 -56.249023
7450.000000 -59.835758
7500.000000 -54.837803
7550.000000 -56.272804
7600.000000 -56.326996
7650.000000 -55.335163
7700.000000 -56.378551
7750.000000 -56.180363
7800.000000 -57.052330
7850.000000 -58.229446
7900.000000 -54.932835
7950.000000 -55.254436
8000.000000 -55.177494
8050.000000 -55.867268
8100.000000 -58.874008
8150.000000 -57.513393
8200.000000 -54.501678
8250.000000 -55.339115
8300.000000 -56.133785
8350.000000 -62.904289
8400.000000 -56.648422
8450.000000 -54.444019
8500.000000 -54.932613
8550.000000 -59.282440
8600.000000 -59.280365
8650.000000 -55.695534
8700.000000 -55.947937
8750.000000 -57.610493
8800.000000 -57.071896
8850.000000 -57.187035
8900.000000 -57.309845
8950.000000 -58.437077
9000.000000 -58.560955
9050.000000 -53.943558
9100.000000 -57.315392
9150.000000 -57.570820
9200.000000 -57.772034
9250.000000 -56.186855
9300.000000 -54.729126
9350.000000 -54.214230
9400.000000 -54.170010
9450.000000 -59.050659
9500.000000 -60.287952
9550.000000 -55.039093
9600.000000 -54.280308
9650.000000 -55.077507
9700.000000 -60.441929
9750.000000 -59.419949
9800.000000 -54.958611
9850.000000 -54.854939
9900.000000 -56.346725
9950.000000 -57.150299
10000.000000 -55.142574
10050.000000 -55.190105
10100.000000 -53.977879
10150.000000 -53.972778
10200.000000 -57.383476
10250.000000 -54.027977
10300.000000 -56.377941
10350.000000 -56.608860
10400.000000 -58.458138
10450.000000 -57.462280
10500.000000 -54.772217
10550.000000 -54.430611
10600.000000 -58.699284
10650.000000 -58.804897
10700.000000 -56.158875
10750.000000 -57.681850
10800.000000 -56.765076
10850.000000 -55.787338
10900.000000 -58.314503
10950.000000 -55.083302
11000.000000 -55.841858
11050.000000 -55.831432
11100.000000 -54.000896
11150.000000 -54.797955
11200.000000 -53.969532
11250.000000 -54.562199
11300.000000 -53.963776
11350.000000 -55.745415
11400.000000 -55.685204
11450.000000 -53.942570
11500.000000 -53.951614
11550.000000 -54.608669
11600.000000 -54.964397
11650.000000 -53.956635
11700.000000 -55.566895
11750.000000 -54.670517
11800.000000 -54.734978
11850.000000 -54.460815
11900.000000 -55.604687
11950.000000 -53.971783
12000.000000 -56.601349
12050.000000 -53.950291
12100.000000 -53.920753
12150.000000 -54.885998
12200.000000 -53.957626
12250.000000 -54.060093
12300.000000 -53.965828
12350.000000 -54.597500
12400.000000 -53.943161
12450.000000 -53.963577
12500.000000 -54.906399
12550.000000 -54.468452
12600.000000 -55.446655
12650.000000 -54.857796
12700.000000 -55.247837
12750.000000 -54.935574
12800.000000 -54.373005
12850.000000 -54.754738
12900.000000 -55.083828
12950.000000 -57.689667
13000.000000 -54.828228
13050.000000 -55.043137
13100.000000 -56.251690
13150.000000 -55.359131
13200.000000 -53.959942
13250.000000 -55.162521
13300.000000 -57.917847
13350.000000 -53.969135
13400.000000 -53.956703
13450.000000 -57.275299
13500.000000 -54.134453
13550.000000 -53.950424
13600.000000 -54.108921
13650.000000 -56.445812
13700.000000 -53.912136
13750.000000 -53.922661
13800.000000 -56.318748
13850.000000 -53.971455
13900.000000 -53.964767
13950.000000 -53.976353
14000.000000 -54.786968
14050.000000 -53.943295
14100.000000 -53.962650
14150.000000 -55.520321
14200.000000 -53.969467
14250.000000 -53.950687
14300.000000 -54.457245
14350.000000 -53.971252
14400.000000 -53.946659
14450.000000 -53.925228
14500.000000 -54.553558
14550.000000 -53.971783
14600.000000 -53.969997
14650.000000 -54.517464
14700.000000 -53.978340
14750.000000 -53.968475
14800.000000 -53.971386
14850.000000 -54.296581
14900.000000 -53.973175
14950.000000 -54.085075
15000.000000 -54.245663
15050.000000 -54.601051
15100.000000 -54.730209
15150.000000 -54.979404
15200.000000 -55.125694
15250.000000 -55.038044
15300.000000 -55.449078
15350.000000 -55.720276
15400.000000 -55.920303
15450.000000 -56.069313
15500.000000 -56.495865
15550.000000 -56.077072
15600.000000 -56.181900
15650.000000 -56.677845
15700.000000 -56.684536
15750.000000 -57.143620
15800.000000 -57.418354
15850.000000 -57.648319
15900.000000 -57.675865
15950.000000 -57.657730
16000.000000 -57.771523
16050.000000 -58.117432
16100.000000 -58.250229
16150.000000 -58.478691
16200.000000 -58.671940
16250.000000 -58.939217
16300.000000 -59.156330
16350.000000 -59.298687
16400.000000 -59.545193
16450.000000 -59.652256
16500.000000 -59.764786
16550.000000 -60.014328
16600.000000 -60.038387
16650.000000 -60.156872
16700.000000 -60.343479
16750.000000 -60.474762
16800.000000 -60.222164
16850.000000 -60.765415
16900.000000 -60.871288
16950.000000 -60.860455
17000.000000 -60.980099
17050.000000 -61.169235
17100.000000 -61.440765
17150.000000 -61.353283
17200.000000 -61.592270
17250.000000 -61.840969
17300.000000 -62.051224
17350.000000 -62.247791
17400.000000 -62.348808
17450.000000 -62.921898
17500.000000 -63.084644
17550.000000 -63.490803
17600.000000 -63.407017
17650.000000 -63.797249
17700.000000 -64.056564
17750.000000 -64.210365
17800.000000 -64.334557
17850.000000 -64.470528
17900.000000 -64.730728
17950.000000 -64.997314
18000.000000 -65.150391
18050.000000 -65.558624
18100.000000 -66.013451
18150.000000 -66.100754
18200.000000 -66.283791
18250.000000 -66.727448
18300.000000 -66.610634
18350.000000 -67.035637
18400.000000 -67.187408
18450.000000 -67.088829
18500.000000 -66.709641
18550.000000 -67.351768
18600.000000 -66.928741
18650.000000 -67.387993
18700.000000 -67.645569
18750.000000 -68.030464
18800.000000 -67.285591
18850.000000 -67.452141
18900.000000 -67.933128
18950.000000 -67.999123
19000.000000 -68.127899
19050.000000 -68.755829
19100.000000 -68.669456
19150.000000 -68.540962
19200.000000 -68.725014
19250.000000 -69.051720
19300.000000 -69.101089
19350.000000 -68.525032
19400.000000 -68.780930
19450.000000 -68.653656
19500.000000 -68.759094
19550.000000 -69.358444
19600.000000 -69.730667
19650.000000 -69.671547
19700.000000 -70.215263
19750.000000 -70.515556
19800.000000 -70.799446
19850.000000 -71.297806
19900.000000 -71.273994
19950.000000 -71.914894
20000.000000 -71.778549
20050.000000 -71.570183
20100.000000 -72.343826
20150.000000 -71.970451
20200.000000 -71.626106
20250.000000 -71.609444
20300.000000 -71.928482
20350.000000 -72.465996
20400.000000 -72.347672
20450.000000 -72.283104
20500.000000 -72.442642
20550.000000 -72.265678
20600.000000 -73.168991
20650.000000 -73.277107
20700.000000 -73.400841
20750.000000 -74.210548
20800.000000 -74.162361
20850.000000 -74.148834
20900.000000 -72.977936
20950.000000 -74.119827
21000.000000 -73.360634
21050.000000 -73.217415
21100.000000 -74.379593
21150.000000 -74.643799
21200.000000 -75.716797
21250.000000 -75.588249
21300.000000 -75.845634
21350.000000 -75.034454
21400.000000 -75.287270
21450.000000 -74.338058
21500.000000 -74.917763
21550.000000 -74.782242
21600.000000 -75.411415
21650.000000 -75.544495
21700.000000 -75.294975
21750.000000 -75.544495
21800.000000 -76.751389
21850.000000 -76.492683
21900.000000 -76.188309
21950.000000 -76.332207
22000.000000 -75.491486
22050.000000 -75.861259
22100.000000 -75.742737
22150.000000 -75.968079
22200.000000 -76.665199
22250.000000 -77.131607
22300.000000 -77.316467
22350.000000 -77.851257
22400.000000 -77.543213
22450.000000 -77.078430
22500.000000 -76.940353
22550.000000 -76.340904
22600.000000 -75.893417
22650.000000 -75.434105
22700.000000 -76.563774
22750.000000 -76.452942
22800.000000 -78.028999
22850.000000 -77.578239
22900.000000 -77.898994
22950.000000 -78.534607
23000.000000 -76.891106
23050.000000 -77.716736
23100.000000 -77.080322
23150.000000 -77.115433
23200.000000 -77.720818
23250.000000 -77.862648
23300.000000 -78.962593
23350.000000 -80.153236
23400.000000 -81.128700
23450.000000 -81.701050
23500.000000 -80.410614
23550.000000 -82.398987
23600.000000 -79.974335
23650.000000 -80.425911
23700.000000 -81.175613
23750.000000 -81.987854
23800.000000 -81.539742
23850.000000 -81.765778
23900.000000 -83.331238
23950.000000 -83.061241
24000.000000 -83.023613
24050.000000 -82.577240
24100.000000 -83.070671
24150.000000 -83.205727
24200.000000 -82.935829
24250.000000 -82.782944
24300.000000 -81.673691
24350.000000 -79.832771
24400.000000 -81.764153
24450.000000 -80.811569
24500.000000 -81.339516
24550.000000 -81.297867
24600.000000 -80.221260
24650.000000 -79.380615
24700.000000 -81.624016
24750.000000 -80.899323
24800.000000 -80.237274
24850.000000 -79.777046
24900.000000 -80.727577
24950.000000 -81.154396
25000.000000 -80.900795
25050.000000 -80.516861
25100.000000 -80.799942
25150.000000 -80.779617
25200.000000 -80.940582
25250.000000 -79.898026
25300.000000 -81.972870
25350.000000 -80.274132
25400.000000 -79.854904
25450.000000 -79.287331
25500.000000 -81.056557
25550.000000 -82.108650
25600.000000 -84.371315
25650.000000 -83.885323
25700.000000 -85.081375
25750.000000 -85.379036
25800.000000 -89.359619
25850.000000 -86.322136
25900.000000 -84.667900
25950.000000 -82.162888
26000.000000 -81.756035
26050.000000 -85.007935
26100.000000 -81.938011
26150.000000 -82.293068
26200.000000 -80.737671
26250.000000 -81.218208
26300.000000 -81.476669
26350.000000 -81.850647
26400.000000 -80.685890
26450.000000 -81.633606
26500.000000 -79.290985
26550.000000 -79.600594
26600.000000 -82.568329
26650.000000 -83.565811
26700.000000 -83.106606
26750.000000 -81.560333
26800.000000 -82.991760
26850.000000 -83.257637
26900.000000 -82.467384
26950.000000 -84.670166
27000.000000 -86.700760
27050.000000 -87.473747
27100.000000 -86.510788
27150.000000 -85.121910
27200.000000 -85.500519
27250.000000 -87.048767
27300.000000 -86.669281
27350.000000 -86.175186
27400.000000 -89.445702
27450.000000 -87.162895
27500.000000 -89.964172
27550.000000 -91.394722
27600.000000 -93.066391
27650.000000 -89.757942
27700.000000 -89.189987
27750.000000 -89.989250
27800.000000 -87.238815
27850.000000 -89.831627
27900.000000 -87.102638
27950.000000 -87.841782
28000.000000 -85.600967
28050.000000 -86.341370
28100.000000 -86.606667
28150.000000 -85.148239
28200.000000 -86.516396
28250.000000 -84.727081
28300.000000 -85.728180
28350.000000 -85.528023
28400.000000 -83.273079
28450.000000 -83.480316
28500.000000 -84.010605
28550.000000 -84.647507
28600.000000 -84.349419
28650.000000 -84.325401
28700.000000 -83.829536
28750.000000 -83.983307
28800.000000 -82.952576
28850.000000 -84.895432
28900.000000 -83.228760
28950.000000 -83.881180
29000.000000 -83.248001
29050.000000 -81.881866
29100.000000 -80.518272
29150.000000 -80.632980
29200.000000 -80.396729
29250.000000 -80.671555
29300.000000 -80.687325
29350.000000 -81.717216
29400.000000 -81.177132
29450.000000 -80.595993
29500.000000 -80.921402
29550.000000 -81.079033
29600.000000 -79.315453
29650.000000 -79.045319
29700.000000 -80.680153
29750.000000 -79.773178
29800.000000 -79.558922
29850.000000 -79.839279
29900.000000 -79.106094
29950.000000 -78.836487
30000.000000 -79.003853
30050.000000 -55.827827
30100.000000 -53.933731
30150.000000 -54.805824
30200.000000 -58.094093
30250.000000 -55.611641
30300.000000 -56.138966
30350.000000 -56.295963
30400.000000 -57.507027
30450.000000 -58.336254
30500.000000 -59.120682
30550.000000 -56.721348
30600.000000 -55.106056
30650.000000 -56.985756
30700.000000 -55.887962
30750.000000 -58.226425
30800.000000 -54.673103
30850.000000 -53.973309
30900.000000 -54.179836
30950.000000 -54.175362
31000.000000 -57.608879
31050.000000 -58.341507
31100.000000 -58.964706
31150.000000 -56.843418
31200.000000 -55.026375
31250.000000 -55.857391
31300.000000 -56.038349
31350.000000 -56.241199
31400.000000 -54.314541
31450.000000 -56.899815
31500.000000 -55.416725
31550.000000 -55.409691
31600.000000 -57.187706
31650.000000 -55.772102
31700.000000 -55.563637
31750.000000 -56.195316
31800.000000 -55.454338
31850.000000 -55.553940
31900.000000 -55.419621
31950.000000 -54.794827
32000.000000 -56.172424
32050.000000 -55.288116
32100.000000 -55.249065
32150.000000 -57.163673
32200.000000 -56.824455
32250.000000 -57.722031
32300.000000 -59.790489
32350.000000 -57.653175
32400.000000 -58.505989
32450.000000 -59.548969
32500.000000 -53.964504
32550.000000 -55.427364
32600.000000 -54.907948
32650.000000 -55.452927
32700.000000 -55.159637
32750.000000 -55.473446
32800.000000 -59.088879
32850.000000 -60.013397
32900.000000 -57.286736
32950.000000 -60.721958
33000.000000 -54.167706
33050.000000 -56.597836
33100.000000 -54.575249
33150.000000 -55.053627
33200.000000 -55.020172
33250.000000 -62.946053
33300.000000 -59.942539
33350.000000 -60.348457
33400.000000 -55.800575
33450.000000 -54.223690
33500.000000 -53.957890
33550.000000 -54.259956
33600.000000 -53.970459
33650.000000 -55.363106
33700.000000 -57.064705
33750.000000 -56.832001
33800.000000 -57.546104
33850.000000 -57.663700
33900.000000 -59.312756
33950.000000 -57.153641
34000.000000 -59.299664
34050.000000 -54.994438
34100.000000 -54.344276
34150.000000 -55.797710
34200.000000 -56.317883
34250.000000 -55.911522
34300.000000 -56.093456
34350.000000 -55.081722
34400.000000 -53.951546
34450.000000 -54.639004
34500.000000 -55.248302
34550.000000 -58.969650
34600.000000 -53.955181
34650.000000 -55.869740
34700.000000 -55.256508
34750.000000 -56.294491
34800.000000 -55.137272
34850.000000 -55.826595
34900.000000 -54.072140
34950.000000 -57.277237
35000.000000 -57.759636
35050.000000 -59.960197
35100.000000 -56.849319
35150.000000 -59.618832
35200.000000 -56.156319
35250.000000 -59.225399
35300.000000 -57.711536
35350.000000 -55.643047
35400.000000 -57.513592
35450.000000 -55.858543
35500.000000 -55.833813
35550.000000 -56.106487
35600.000000 -59.184639
35650.000000 -56.916897
35700.000000 -62.567371
35750.000000 -56.878510
35800.000000 -54.564819
35850.000000 -53.955311
35900.000000 -53.962982
35950.000000 -56.459728
36000.000000 -56.453911
36050.000000 -62.297382
36100.000000 -58.084427
36150.000000 -54.316330
36200.000000 -54.002758
36250.000000 -58.170521
36300.000000 -55.524754
36350.000000 -54.893948
36400.000000 -57.665653
36450.000000 -56.854668
36500.000000 -53.960007
36550.000000 -57.190586
36600.000000 -55.510357
36650.000000 -60.022827
36700.000000 -55.482025
36750.000000 -55.043434
36800.000000 -57.410187
36850.000000 -57.046673
36900.000000 -56.665916
36950.000000 -59.214493
37000.000000 -56.796913
37050.000000 -54.771275
37100.000000 -55.764355
37150.000000 -56.805351
37200.000000 -56.457348
37250.000000 -54.478905
37300.000000 -55.235806
37350.000000 -60.613895
37400.000000 -56.476852
37450.000000 -54.178482
37500.000000 -53.927338
37550.000000 -56.636353
37600.000000 -58.530464
37650.000000 -62.816048
37700.000000 -57.265427
37750.000000 -53.956570
37800.000000 -57.324249
37850.000000 -60.412834
37900.000000 -59.951759
37950.000000 -55.938137
38000.000000 -57.397312
38050.000000 -55.501511
38100.000000 -55.856239
38150.000000 -60.775990
38200.000000 -56.407864
38250.000000 -57.806973
38300.000000 -56.264526
38350.000000 -54.884747
38400.000000 -55.668045
38450.000000 -55.546711
38500.000000 -58.512241
38550.000000 -56.952003
38600.000000 -56.642654
38650.000000 -54.726814
38700.000000 -54.480591
38750.000000 -58.113270
38800.000000 -57.949085
38850.000000 -54.777447
38900.000000 -55.128418
38950.000000 -58.638565
39000.000000 -55.638313
39050.000000 -54.336540
39100.000000 -54.603329
39150.000000 -54.681358
39200.000000 -57.543709
39250.000000 -57.469013
39300.000000 -56.801498
39350.000000 -56.907433
39400.000000 -55.827007
39450.000000 -57.372303
39500.000000 -60.276997
39550.000000 -53.970989
39600.000000 -53.957096
39650.000000 -56.121140
39700.000000 -55.114910
39750.000000 -54.057014
39800.000000 -54.409973
39850.000000 -57.040447
39900.000000 -56.804710
39950.000000 -55.026672
40000.000000 -54.068726
