0.000000 -82.069878
50.000000 -82.007866
100.000000 -83.238373
150.000000 -82.995506
200.000000 -82.641678
250.000000 -82.506210
300.000000 -81.508148
350.000000 -81.770660
400.000000 -80.474770
450.000000 -80.515457
500.000000 -80.651535
550.000000 -79.262939
600.000000 -82.303429
650.000000 -80.814484
700.000000 -82.069878
750.000000 -82.974945
800.000000 -81.701050
850.000000 -81.561920
900.000000 -81.331787
950.000000 -81.715576
1000.000000 -81.271744
1050.000000 -80.769478
1100.000000 -81.517616
1150.000000 -81.649620
1200.000000 -82.746498
1250.000000 -81.166512
1300.000000 -82.602242
1350.000000 -82.782944
1400.000000 -83.300171
1450.000000 -82.527458
1500.000000 -82.291344
1550.000000 -82.534554
1600.000000 -81.648018
1650.000000 -80.442635
1700.000000 -81.432800
1750.000000 -81.770653
1800.000000 -82.652458
1850.000000 -83.496162
1900.000000 -84.217041
1950.000000 -85.779587
2000.000000 -85.938301
2050.000000 -86.471611
2100.000000 -83.627975
2150.000000 -86.327621
2200.000000 -84.564171
2250.000000 -87.208366
2300.000000 -86.371674
2350.000000 -86.371674
2400.000000 -86.903778
2450.000000 -86.156319
2500.000000 -86.429840
2550.000000 -86.264694
2600.000000 -85.996254
2650.000000 -86.033340
2700.000000 -83.313744
2750.000000 -84.279724
2800.000000 -84.807388
2850.000000 -84.217041
2900.000000 -85.601006
2950.000000 -83.036766
3000.000000 -83.080116
3050.000000 -82.495598
3100.000000 -82.712021
3150.000000 -84.095139
3200.000000 -83.755699
3250.000000 -84.494965
3300.000000 -82.587952
3350.000000 -84.310150
3400.000000 -84.314507
3450.000000 -84.090897
3500.000000 -83.421158
3550.000000 -82.586166
3600.000000 -82.492065
3650.000000 -82.202080
3700.000000 -83.106606
3750.000000 -87.417526
3800.000000 -87.184090
3850.000000 -88.915649
3900.000000 -85.756416
3950.000000 -89.588417
4000.000000 -86.892044
4050.000000 -88.718155
4100.000000 -88.212440
4150.000000 -88.560486
4200.000000 -88.066971
4250.000000 -86.505180
4300.000000 -86.399323
4350.000000 -85.807999
4400.000000 -85.322594
4450.000000 -84.351608
4500.000000 -84.369125
4550.000000 -83.430992
4600.000000 -84.814308
4650.000000 -85.977776
4700.000000 -84.247246
4750.000000 -84.588867
4800.000000 -83.943565
4850.000000 -84.508316
4900.000000 -88.750763
4950.000000 -89.536606
5000.000000 -88.325760
5050.000000 -88.243202
5100.000000 -89.516769
5150.000000 -92.064575
5200.000000 -90.878860
5250.000000 -88.823662
5300.000000 -88.322304
5350.000000 -87.741028
5400.000000 -86.833633
5450.000000 -87.461220
5500.000000 -86.057266
5550.000000 -85.888550
5600.000000 -85.545578
5650.000000 -87.520874
5700.000000 -87.599998
5750.000000 -87.867973
5800.000000 -90.014404
5850.000000 -89.701065
5900.000000 -88.402138
5950.000000 -89.548538
6000.000000 -88.250053
6050.000000 -87.536644
6100.000000 -91.156868
6150.000000 -92.225533
6200.000000 -92.263519
6250.000000 -92.732841
6300.000000 -91.730865
6350.000000 -92.340004
6400.000000 -91.238655
6450.000000 -92.647156
6500.000000 -90.218292
6550.000000 -90.782036
6600.000000 -87.492569
6650.000000 -89.930847
6700.000000 -87.539795
6750.000000 -87.546120
6800.000000 -85.578262
6850.000000 -85.626259
6900.000000 -84.602364
6950.000000 -84.299271
7000.000000 -84.886124
7050.000000 -84.713387
7100.000000 -83.448715
7150.000000 -85.933052
7200.000000 -85.440804
7250.000000 -88.952721
7300.000000 -87.689476
7350.000000 -88.364014
7400.000000 -87.609543
7450.000000 -91.267708
7500.000000 -89.516769
7550.000000 -87.917297
7600.000000 -91.974678
7650.000000 -91.756477
7700.000000 -89.410385
7750.000000 -89.524696
7800.000000 -88.852989
7850.000000 -92.830986
7900.000000 -88.660484
7950.000000 -89.110176
8000.000000 -86.819092
8050.000000 -89.930847
8100.000000 -88.671272
8150.000000 -92.983276
8200.000000 -94.253548
8250.000000 -89.725395
8300.000000 -93.768105
8350.000000 -90.086067
8400.000000 -91.099602
8450.000000 -91.370155
8500.000000 -89.939163
8550.000000 -89.889366
8600.000000 -90.560158
8650.000000 -96.603157
8700.000000 -93.951111
8750.000000 -94.280952
8800.000000 -93.030678
8850.000000 -89.985069
8900.000000 -90.874222
8950.000000 -90.524467
9000.000000 -87.066689
9050.000000 -87.881096
9100.000000 -90.370033
9150.000000 -93.138275
9200.000000 -93.646080
9250.000000 -94.995659
9300.000000 -63.947945
9350.000000 -53.957493
9400.000000 -53.973507
9450.000000 -58.251976
9500.000000 -54.545135
9550.000000 -55.633423
9600.000000 -55.259274
9650.000000 -56.320831
9700.000000 -53.940258
9750.000000 -53.973770
9800.000000 -54.890118
9850.000000 -54.972122
9900.000000 -53.936764
9950.000000 -55.893414
10000.000000 -55.532673
10050.000000 -54.150116
10100.000000 -54.444721
10150.000000 -56.618195
10200.000000 -53.944550
10250.000000 -54.839855
10300.000000 -56.005318
10350.000000 -55.249306
10400.000000 -54.575035
10450.000000 -55.031090
10500.000000 -54.718658
10550.000000 -53.953728
10600.000000 -53.962452
10650.000000 -59.469681
10700.000000 -53.967415
10750.000000 -53.939796
10800.000000 -54.267353
10850.000000 -53.971054
10900.000000 -55.403366
10950.000000 -53.976685
11000.000000 -53.955048
11050.000000 -53.935577
11100.000000 -55.890358
11150.000000 -61.646248
11200.000000 -63.784332
11250.000000 -62.956104
11300.000000 -59.883755
11350.000000 -59.375431
11400.000000 -58.224045
11450.000000 -58.658981
11500.000000 -59.151520
11550.000000 -58.479694
11600.000000 -56.516964
11650.000000 -54.389660
11700.000000 -53.959541
11750.000000 -54.557522
11800.000000 -58.919884
11850.000000 -60.212383
11900.000000 -53.974365
11950.000000 -53.958023
12000.000000 -54.799774
12050.000000 -54.448776
12100.000000 -53.964241
12150.000000 -55.232437
12200.000000 -54.555470
12250.000000 -53.938873
12300.000000 -54.168518
12350.000000 -56.366856
12400.000000 -55.774048
12450.000000 -54.233032
12500.000000 -54.087425
12550.000000 -54.489159
12600.000000 -62.312412
12650.000000 -56.689163
12700.000000 -54.554268
12750.000000 -55.314121
12800.000000 -61.526611
12850.000000 -57.985687
12900.000000 -55.105076
12950.000000 -54.555328
13000.000000 -57.167690
13050.000000 -61.718151
13100.000000 -60.420757
13150.000000 -56.097260
13200.000000 -55.031834
13250.000000 -54.243408
13300.000000 -53.963974
13350.000000 -53.949696
13400.000000 -53.967548
13450.000000 -53.966026
13500.000000 -54.493378
13550.000000 -56.114445
13600.000000 -56.487545
13650.000000 -54.898438
13700.000000 -53.931950
13750.000000 -53.927402
13800.000000 -53.923912
13850.000000 -54.072674
13900.000000 -55.418369
13950.000000 -56.801498
14000.000000 -55.117908
14050.000000 -55.039989
14100.000000 -54.254551
14150.000000 -53.956570
14200.000000 -54.608170
14250.000000 -57.835125
14300.000000 -63.621132
14350.000000 -56.743916
14400.000000 -53.975624
14450.000000 -53.992931
14500.000000 -56.897217
14550.000000 -59.410656
14600.000000 -55.712021
14650.000000 -54.455845
14700.000000 -55.064812
14750.000000 -60.051846
14800.000000 -60.781933
14850.000000 -57.153927
14900.000000 -53.976685
14950.000000 -53.969200
15000.000000 -53.943821
15050.000000 -53.975361
15100.000000 -55.107639
15150.000000 -58.985909
15200.000000 -63.967609
15250.000000 -64.552521
15300.000000 -58.658756
15350.000000 -55.204163
15400.000000 -53.959541
15450.000000 -53.941643
15500.000000 -53.955776
15550.000000 -54.341305
15600.000000 -56.064171
15650.000000 -56.465195
15700.000000 -55.177952
15750.000000 -54.513020
15800.000000 -54.001961
15850.000000 -55.628372
15900.000000 -59.871990
15950.000000 -64.990501
16000.000000 -57.942387
16050.000000 -54.634430
16100.000000 -55.298908
16150.000000 -56.407688
16200.000000 -59.663853
16250.000000 -56.869263
16300.000000 -53.970722
16350.000000 -53.937687
16400.000000 -53.966553
16450.000000 -53.965759
16500.000000 -56.629162
16550.000000 -61.246761
16600.000000 -61.254108
16650.000000 -56.953403
16700.000000 -54.079712
16750.000000 -53.934982
16800.000000 -53.938545
16850.000000 -53.945473
16900.000000 -55.016594
16950.000000 -55.212708
17000.000000 -56.442818
17050.000000 -54.551647
17100.000000 -53.966755
17150.000000 -53.964836
17200.000000 -55.118965
17250.000000 -57.707565
17300.000000 -56.853008
17350.000000 -56.178909
17400.000000 -53.976883
17450.000000 -53.926155
17500.000000 -54.944454
17550.000000 -56.414089
17600.000000 -56.839291
17650.000000 -54.623146
17700.000000 -53.935707
17750.000000 -53.971054
17800.000000 -53.941116
17850.000000 -55.029442
17900.000000 -59.565723
17950.000000 -67.225082
18000.000000 -60.029900
18050.000000 -55.286205
18100.000000 -53.935970
18150.000000 -53.932873
18200.000000 -53.926811
18250.000000 -54.568935
18300.000000 -55.674244
18350.000000 -57.451797
18400.000000 -54.247028
18450.000000 -53.952473
18500.000000 -54.295483
18550.000000 -55.395325
18600.000000 -55.338028
18650.000000 -60.285213
18700.000000 -54.779480
18750.000000 -53.957561
18800.000000 -53.977879
18850.000000 -54.023449
18900.000000 -55.142952
18950.000000 -55.630535
19000.000000 -54.134113
19050.000000 -53.963379
19100.000000 -53.922596
19150.000000 -53.972843
19200.000000 -55.965076
19250.000000 -58.200527
19300.000000 -59.965874
19350.000000 -60.015785
19400.000000 -56.311291
19450.000000 -53.968143
19500.000000 -53.907993
19550.000000 -53.946068
19600.000000 -54.589100
19650.000000 -54.860218
19700.000000 -55.452774
19750.000000 -53.966621
19800.000000 -53.948708
19850.000000 -53.976288
19900.000000 -56.383011
19950.000000 -56.215694
20000.000000 -56.437889
20050.000000 -55.158573
20100.000000 -53.965630
20150.000000 -53.927208
20200.000000 -53.969730
20250.000000 -54.901680
20300.000000 -55.827415
20350.000000 -53.971054
20400.000000 -53.963512
20450.000000 -53.949497
20500.000000 -53.971916
20550.000000 -56.132683
20600.000000 -58.037975
20650.000000 -61.484684
20700.000000 -58.568146
20750.000000 -55.788971
20800.000000 -54.038780
20850.000000 -53.969799
20900.000000 -53.966885
20950.000000 -53.988815
21000.000000 -56.845448
21050.000000 -55.648830
21100.000000 -53.977280
21150.000000 -53.961395
21200.000000 -53.949036
21250.000000 -54.350361
21300.000000 -55.908463
21350.000000 -56.119614
21400.000000 -54.369125
21450.000000 -53.953461
21500.000000 -53.944416
21550.000000 -53.976883
21600.000000 -54.710220
21650.000000 -58.551636
21700.000000 -54.129257
21750.000000 -54.473362
21800.000000 -53.968803
21850.000000 -53.960602
21900.000000 -54.824722
21950.000000 -58.411098
22000.000000 -57.690681
22050.000000 -57.097095
22100.000000 -55.501114
22150.000000 -55.099419
22200.000000 -53.968143
22250.000000 -53.976818
22300.000000 -54.172245
22350.000000 -54.782471
22400.000000 -54.469784
22450.000000 -53.955643
22500.000000 -53.944153
22550.000000 -53.959873
22600.000000 -54.364204
22650.000000 -56.400948
22700.000000 -55.857307
22750.000000 -54.373421
22800.000000 -53.953728
22850.000000 -53.945999
22900.000000 -53.964504
22950.000000 -55.392830
23000.000000 -55.043961
23050.000000 -54.952827
23100.000000 -55.565067
23150.000000 -54.337158
23200.000000 -54.079510
23250.000000 -55.153870
23300.000000 -56.634464
23350.000000 -58.844254
23400.000000 -57.556206
23450.000000 -56.186512
23500.000000 -54.298988
23550.000000 -54.159584
23600.000000 -55.737053
23650.000000 -56.219982
23700.000000 -55.352608
23750.000000 -54.592014
23800.000000 -54.014862
23850.000000 -53.880959
23900.000000 -53.933533
23950.000000 -53.978142
24000.000000 -55.005913
24050.000000 -56.316753
24100.000000 -55.174072
24150.000000 -53.959145
24200.000000 -53.948311
24250.000000 -53.940918
24300.000000 -54.751480
24350.000000 -54.210270
24400.000000 -55.620686
24450.000000 -55.970913
24500.000000 -55.508537
24550.000000 -54.803711
24600.000000 -54.972122
24650.000000 -55.592873
24700.000000 -56.186340
24750.000000 -54.843002
24800.000000 -54.503647
24850.000000 -54.852154
24900.000000 -54.411503
24950.000000 -56.136505
25000.000000 -56.870739
25050.000000 -55.778774
25100.000000 -54.332466
25150.000000 -53.969135
25200.000000 -53.942635
25250.000000 -53.954720
25300.000000 -53.950623
25350.000000 -54.899323
25400.000000 -56.812054
25450.000000 -54.095814
25500.000000 -53.977745
25550.000000 -53.954453
25600.000000 -53.964901
25650.000000 -53.962849
25700.000000 -54.706329
25750.000000 -56.788029
25800.000000 -57.637711
25850.000000 -56.580566
25900.000000 -54.201904
25950.000000 -55.492516
26000.000000 -55.151516
26050.000000 -55.991272
26100.000000 -55.148254
26150.000000 -54.741199
26200.000000 -54.663280
26250.000000 -54.627430
26300.000000 -56.955086
26350.000000 -57.747047
26400.000000 -56.421459
26450.000000 -54.777084
26500.000000 -53.971321
26550.000000 -53.939270
26600.000000 -53.942764
26650.000000 -54.417427
26700.000000 -54.925961
26750.000000 -54.448006
26800.000000 -55.076530
26850.000000 -55.003826
26900.000000 -53.965759
26950.000000 -53.922333
27000.000000 -53.964306
27050.000000 -55.316284
27100.000000 -57.986107
27150.000000 -59.200108
27200.000000 -57.337021
27250.000000 -55.089024
27300.000000 -54.690491
27350.000000 -55.021366
27400.000000 -54.454514
27450.000000 -55.432301
27500.000000 -54.435913
27550.000000 -54.672096
27600.000000 -55.700306
27650.000000 -57.939789
27700.000000 -59.573036
27750.000000 -58.018120
27800.000000 -56.231228
27850.000000 -53.977547
27900.000000 -53.967613
27950.000000 -53.958420
28000.000000 -53.962055
28050.000000 -53.975029
28100.000000 -55.200268
28150.000000 -54.476238
28200.000000 -53.948708
28250.000000 -53.944813
28300.000000 -53.940655
28350.000000 -54.149376
28400.000000 -56.636265
28450.000000 -59.559921
28500.000000 -60.053310
28550.000000 -58.531025
28600.000000 -55.903996
28650.000000 -54.882690
28700.000000 -54.876587
28750.000000 -54.122452
28800.000000 -54.255783
28850.000000 -53.964638
28900.000000 -54.709499
28950.000000 -56.244373
29000.000000 -59.230854
29050.000000 -61.812836
29100.000000 -59.473545
29150.000000 -56.567074
29200.000000 -54.001247
29250.000000 -53.951019
29300.000000 -53.948708
29350.000000 -53.978142
29400.000000 -53.965496
29450.000000 -53.976948
29500.000000 -53.933598
29550.000000 -57.480915
29600.000000 -54.718727
29650.000000 -57.062439
29700.000000 -54.818222
29750.000000 -55.154324
29800.000000 -53.974037
29850.000000 -54.428032
29900.000000 -53.956371
29950.000000 -54.760250
30000.000000 -53.912529
30050.000000 -54.310959
30100.000000 -57.345219
30150.000000 -53.949432
30200.000000 -53.958023
30250.000000 -53.970592
30300.000000 -53.951084
30350.000000 -54.782532
30400.000000 -58.510239
30450.000000 -53.977745
30500.000000 -53.979401
30550.000000 -56.530197
30600.000000 -54.082127
30650.000000 -55.185486
30700.000000 -56.118362
30750.000000 -54.719955
30800.000000 -57.156891
30850.000000 -59.310204
30900.000000 -54.829105
30950.000000 -54.218372
31000.000000 -53.985565
31050.000000 -54.313232
31100.000000 -59.710007
31150.000000 -59.480305
31200.000000 -53.977146
31250.000000 -53.941776
31300.000000 -53.959942
31350.000000 -54.157959
31400.000000 -59.153683
31450.000000 -57.416492
31500.000000 -53.978737
31550.000000 -53.944351
31600.000000 -53.970261
31650.000000 -54.171364
31700.000000 -56.517319
31750.000000 -55.329662
31800.000000 -53.941643
31850.000000 -53.923981
31900.000000 -53.920162
31950.000000 -54.019653
32000.000000 -55.248989
32050.000000 -53.996716
32100.000000 -53.923981
32150.000000 -53.979401
32200.000000 -53.975292
32250.000000 -54.415962
32300.000000 -54.306004
32350.000000 -53.975624
32400.000000 -53.974365
32450.000000 -53.985828
32500.000000 -54.106499
32550.000000 -54.308273
32600.000000 -54.439968
32650.000000 -54.783188
32700.000000 -54.982971
32750.000000 -55.116173
32800.000000 -55.411644
32850.000000 -55.549969
32900.000000 -55.875507
32950.000000 -56.022739
33000.000000 -56.214668
33050.000000 -56.371391
33100.000000 -56.749290
33150.000000 -56.884521
33200.000000 -57.374847
33250.000000 -57.610088
33300.000000 -57.745823
33350.000000 -58.009369
33400.000000 -58.048557
33450.000000 -58.367607
33500.000000 -58.588173
33550.000000 -58.599220
33600.000000 -58.755157
33650.000000 -59.096878
33700.000000 -59.236557
33750.000000 -59.438438
33800.000000 -59.557781
33850.000000 -59.807842
33900.000000 -60.067192
33950.000000 -60.260731
34000.000000 -60.274124
34050.000000 -60.666969
34100.000000 -60.864845
34150.000000 -61.163174
34200.000000 -61.178349
34250.000000 -61.366768
34300.000000 -61.675613
34350.000000 -61.880539
34400.000000 -62.151157
34450.000000 -62.469315
34500.000000 -62.629642
34550.000000 -62.677673
34600.000000 -62.897442
34650.000000 -63.167843
34700.000000 -63.163074
34750.000000 -63.168610
34800.000000 -63.766113
34850.000000 -63.814709
34900.000000 -64.066513
34950.000000 -64.350288
35000.000000 -64.546928
35050.000000 -64.954536
35100.000000 -65.259949
35150.000000 -65.201134
35200.000000 -65.527763
35250.000000 -65.628532
35300.000000 -66.188416
35350.000000 -66.467972
35400.000000 -66.547592
35450.000000 -66.823151
35500.000000 -66.677269
35550.000000 -67.204712
35600.000000 -67.254982
35650.000000 -67.440895
35700.000000 -67.684647
35750.000000 -67.853874
35800.000000 -68.022118
35850.000000 -68.569000
35900.000000 -68.171249
35950.000000 -68.248329
36000.000000 -68.619621
36050.000000 -68.663353
36100.000000 -68.683853
36150.000000 -68.912682
36200.000000 -68.843063
36250.000000 -69.421738
36300.000000 -69.614830
36350.000000 -69.505272
36400.000000 -69.399017
36450.000000 -69.551712
36500.000000 -69.550514
36550.000000 -70.317253
36600.000000 -70.492462
36650.000000 -71.095306
36700.000000 -70.945412
36750.000000 -71.317299
36800.000000 -71.336830
36850.000000 -71.511131
36900.000000 -71.446533
36950.000000 -71.877869
37000.000000 -72.137154
37050.000000 -72.126976
37100.000000 -72.634636
37150.000000 -73.270386
37200.000000 -72.743164
37250.000000 -72.700729
37300.000000 -73.255135
37350.000000 -73.593925
37400.000000 -74.432495
37450.000000 -73.582520
37500.000000 -73.656906
37550.000000 -74.040054
37600.000000 -73.960335
37650.000000 -74.218719
37700.000000 -74.177940
37750.000000 -74.619507
37800.000000 -74.660263
37850.000000 -75.307320
37900.000000 -76.145683
37950.000000 -76.261253
38000.000000 -76.439743
38050.000000 -76.590584
38100.000000 -77.352547
38150.000000 -76.967415
38200.000000 -76.771477
38250.000000 -76.850426
38300.000000 -77.807899
38350.000000 -78.465469
38400.000000 -78.808708
38450.000000 -78.738510
38500.000000 -78.738510
38550.000000 -78.982613
38600.000000 -79.708855
38650.000000 -79.163673
38700.000000 -81.155907
38750.000000 -80.977585
38800.000000 -83.095245
38850.000000 -82.391998
38900.000000 -84.080284
38950.000000 -84.366936
39000.000000 -85.201149
39050.000000 -84.519455
39100.000000 -84.299271
39150.000000 -85.420990
39200.000000 -85.520515
39250.000000 -84.633942
39300.000000 -85.043388
39350.000000 -87.272423
39400.000000 -84.665634
39450.000000 -86.110672
39500.000000 -85.007935
39550.000000 -85.545578
39600.000000 -86.213051
39650.000000 -86.089272
39700.000000 -85.818352
39750.000000 -86.821999
39800.000000 -84.946815
39850.000000 -84.139854
39900.000000 -83.835716
39950.000000 -83.563812
40000.000000 -82.690315
