0.000000 -86.113350
50.000000 -87.315392
100.000000 -85.230141
150.000000 -84.150536
200.000000 -84.736221
250.000000 -85.093277
300.000000 -84.305794
350.000000 -85.661797
400.000000 -87.904114
450.000000 -85.846878
500.000000 -87.464355
550.000000 -86.660721
600.000000 -87.315392
650.000000 -91.449028
700.000000 -91.071106
750.000000 -90.911385
800.000000 -89.429985
850.000000 -87.973534
900.000000 -90.201118
950.000000 -89.457504
1000.000000 -91.787315
1050.000000 -90.270020
1100.000000 -93.259422
1150.000000 -90.718048
1200.000000 -88.919350
1250.000000 -88.783485
1300.000000 -89.778351
1350.000000 -89.628487
1400.000000 -87.476883
1450.000000 -88.838310
1500.000000 -88.402138
1550.000000 -85.239822
1600.000000 -86.388260
1650.000000 -85.100426
1700.000000 -84.654297
1750.000000 -83.676414
1800.000000 -83.506073
1850.000000 -83.858421
1900.000000 -83.970741
1950.000000 -83.680458
2000.000000 -83.745491
2050.000000 -85.423470
2100.000000 -83.841904
2150.000000 -85.520515
2200.000000 -83.866692
2250.000000 -84.347252
2300.000000 -83.535896
2350.000000 -82.451553
2400.000000 -83.747536
2450.000000 -84.099388
2500.000000 -81.302483
2550.000000 -83.049934
2600.000000 -80.698807
2650.000000 -81.904953
2700.000000 -81.743073
2750.000000 -82.861816
2800.000000 -83.372169
2850.000000 -83.704788
2900.000000 -83.175110
2950.000000 -81.994514
3000.000000 -81.582573
3050.000000 -80.631554
3100.000000 -80.270027
3150.000000 -81.569862
3200.000000 -81.855568
3250.000000 -81.134735
3300.000000 -81.331787
3350.000000 -81.233467
3400.000000 -82.014549
3450.000000 -82.287888
3500.000000 -81.620819
3550.000000 -82.559433
3600.000000 -80.916985
3650.000000 -82.688507
3700.000000 -83.093353
3750.000000 -84.844353
3800.000000 -83.879112
3850.000000 -82.812210
3900.000000 -84.124924
3950.000000 -82.930260
4000.000000 -86.660721
4050.000000 -87.138741
4100.000000 -87.429985
4150.000000 -83.625969
4200.000000 -83.087677
4250.000000 -82.545204
4300.000000 -83.958183
4350.000000 -83.302109
4400.000000 -85.398758
4450.000000 -85.098038
4500.000000 -86.871559
4550.000000 -85.181870
4600.000000 -85.143448
4650.000000 -85.418518
4700.000000 -86.752510
4750.000000 -85.593391
4800.000000 -82.656059
4850.000000 -82.522141
4900.000000 -83.275009
4950.000000 -83.796638
5000.000000 -83.751617
5050.000000 -84.986725
5100.000000 -85.138657
5150.000000 -86.308426
5200.000000 -86.033340
5250.000000 -83.802795
5300.000000 -85.503014
5350.000000 -84.046432
5400.000000 -84.329765
5450.000000 -83.232605
5500.000000 -83.224915
5550.000000 -85.069481
5600.000000 -85.919937
5650.000000 -90.387543
5700.000000 -89.079964
5750.000000 -90.422676
5800.000000 -91.009689
5850.000000 -90.897430
5900.000000 -89.786522
5950.000000 -86.438171
6000.000000 -84.382286
6050.000000 -86.479988
6100.000000 -83.813072
6150.000000 -85.325043
6200.000000 -84.800476
6250.000000 -82.719269
6300.000000 -82.639877
6350.000000 -81.178650
6400.000000 -79.873169
6450.000000 -80.351067
6500.000000 -82.554092
6550.000000 -81.806473
6600.000000 -81.359642
6650.000000 -83.939392
6700.000000 -83.358505
6750.000000 -83.161743
6800.000000 -81.577805
6850.000000 -81.347252
6900.000000 -83.333176
6950.000000 -83.680458
7000.000000 -81.839172
7050.000000 -84.697441
7100.000000 -85.141052
7150.000000 -86.485580
7200.000000 -86.717972
7250.000000 -88.391685
7300.000000 -86.363396
7350.000000 -88.479187
7400.000000 -88.250053
7450.000000 -87.300056
7500.000000 -86.379959
7550.000000 -83.413307
7600.000000 -84.052773
7650.000000 -84.715668
7700.000000 -85.119522
7750.000000 -86.057266
7800.000000 -89.449631
7850.000000 -88.260338
7900.000000 -85.423470
7950.000000 -85.010292
8000.000000 -83.607880
8050.000000 -84.377899
8100.000000 -83.714951
8150.000000 -83.719017
8200.000000 -82.650665
8250.000000 -84.869850
8300.000000 -85.445763
8350.000000 -84.382286
8400.000000 -85.925179
8450.000000 -83.319572
8500.000000 -87.584129
8550.000000 -86.862793
8600.000000 -86.313904
8650.000000 -88.010124
8700.000000 -88.274071
8750.000000 -89.798798
8800.000000 -86.660721
8850.000000 -87.340065
8900.000000 -89.926689
8950.000000 -95.345268
9000.000000 -92.312607
9050.000000 -91.355446
9100.000000 -94.151566
9150.000000 -94.510368
9200.000000 -63.091297
9250.000000 -54.908390
9300.000000 -58.302177
9350.000000 -53.938873
9400.000000 -53.952602
9450.000000 -57.148582
9500.000000 -55.398994
9550.000000 -54.679852
9600.000000 -54.505478
9650.000000 -54.638218
9700.000000 -53.956635
9750.000000 -54.366627
9800.000000 -54.177395
9850.000000 -55.521439
9900.000000 -53.911282
9950.000000 -56.726715
10000.000000 -53.935444
10050.000000 -53.971981
10100.000000 -53.952736
10150.000000 -54.814064
10200.000000 -54.501888
10250.000000 -54.443672
10300.000000 -53.966091
10350.000000 -54.277290
10400.000000 -56.294926
10450.000000 -54.288750
10500.000000 -54.430611
10550.000000 -57.739285
10600.000000 -60.994064
10650.000000 -55.805389
10700.000000 -53.970592
10750.000000 -53.961330
10800.000000 -55.006363
10850.000000 -54.852448
10900.000000 -54.928917
10950.000000 -53.969730
11000.000000 -54.597847
11050.000000 -58.693611
11100.000000 -54.751621
11150.000000 -56.330292
11200.000000 -54.363441
11250.000000 -53.966091
11300.000000 -54.780132
11350.000000 -55.268570
11400.000000 -53.963577
11450.000000 -53.975689
11500.000000 -54.975391
11550.000000 -54.826691
11600.000000 -54.560925
11650.000000 -56.568058
11700.000000 -58.970238
11750.000000 -60.038387
11800.000000 -58.433090
11850.000000 -56.168674
11900.000000 -54.153633
11950.000000 -53.976421
12000.000000 -56.240765
12050.000000 -58.321495
12100.000000 -61.643059
12150.000000 -55.098667
12200.000000 -53.970062
12250.000000 -54.191780
12300.000000 -54.425377
12350.000000 -54.593296
12400.000000 -53.933731
12450.000000 -53.974434
12500.000000 -54.387650
12550.000000 -58.936401
12600.000000 -63.350502
12650.000000 -57.850430
12700.000000 -54.547119
12750.000000 -53.969532
12800.000000 -53.960140
12850.000000 -53.962917
12900.000000 -54.315712
12950.000000 -54.859192
13000.000000 -54.452835
13050.000000 -54.195313
13100.000000 -53.957756
13150.000000 -53.947716
13200.000000 -54.301121
13250.000000 -55.844330
13300.000000 -59.406445
13350.000000 -66.956749
13400.000000 -59.215717
13450.000000 -54.850029
13500.000000 -53.956371
13550.000000 -53.968674
13600.000000 -54.816689
13650.000000 -55.205456
13700.000000 -54.303734
13750.000000 -53.964901
13800.000000 -53.966953
13850.000000 -55.898125
13900.000000 -57.579243
13950.000000 -60.083504
14000.000000 -59.236073
14050.000000 -57.069340
14100.000000 -55.964664
14150.000000 -54.951935
14200.000000 -54.061028
14250.000000 -53.962452
14300.000000 -53.928459
14350.000000 -53.975689
14400.000000 -53.916344
14450.000000 -53.969070
14500.000000 -54.522675
14550.000000 -56.381958
14600.000000 -60.099304
14650.000000 -64.389961
14700.000000 -59.874474
14750.000000 -55.719467
14800.000000 -54.278252
14850.000000 -53.965164
14900.000000 -56.267284
14950.000000 -58.277905
15000.000000 -58.240372
15050.000000 -56.535267
15100.000000 -54.725658
15150.000000 -54.628643
15200.000000 -54.605679
15250.000000 -56.745380
15300.000000 -57.744907
15350.000000 -60.338791
15400.000000 -56.676308
15450.000000 -56.472080
15500.000000 -56.436131
15550.000000 -54.545845
15600.000000 -53.972710
15650.000000 -53.946728
15700.000000 -53.931423
15750.000000 -53.933006
15800.000000 -53.975689
15850.000000 -56.026596
15900.000000 -59.711159
15950.000000 -65.612335
16000.000000 -62.841564
16050.000000 -57.768761
16100.000000 -54.871078
16150.000000 -53.975822
16200.000000 -54.862934
16250.000000 -57.482296
16300.000000 -59.859726
16350.000000 -59.483036
16400.000000 -57.673836
16450.000000 -55.467072
16500.000000 -54.465439
16550.000000 -54.481712
16600.000000 -55.645535
16650.000000 -58.048458
16700.000000 -60.123066
16750.000000 -61.040695
16800.000000 -58.190620
16850.000000 -55.949268
16900.000000 -54.301533
16950.000000 -53.977016
17000.000000 -53.953396
17050.000000 -53.930038
17100.000000 -53.978870
17150.000000 -54.642582
17200.000000 -57.309555
17250.000000 -60.565956
17300.000000 -67.253456
17350.000000 -60.441093
17400.000000 -56.294926
17450.000000 -54.033978
17500.000000 -53.973572
17550.000000 -55.546478
17600.000000 -58.810787
17650.000000 -61.775848
17700.000000 -61.769997
17750.000000 -59.078743
17800.000000 -55.934566
17850.000000 -54.507660
17900.000000 -54.926846
17950.000000 -55.952347
18000.000000 -57.379749
18050.000000 -59.633694
18100.000000 -61.472427
18150.000000 -58.990036
18200.000000 -56.146278
18250.000000 -54.088352
18300.000000 -53.953659
18350.000000 -53.933136
18400.000000 -53.934654
18450.000000 -53.976818
18500.000000 -55.563797
18550.000000 -57.759533
18600.000000 -60.852715
18650.000000 -60.196232
18700.000000 -58.241779
18750.000000 -56.231483
18800.000000 -54.675613
18850.000000 -54.337780
18900.000000 -56.110043
18950.000000 -58.782631
19000.000000 -61.982014
19050.000000 -61.555584
19100.000000 -58.552200
19150.000000 -55.745010
19200.000000 -54.318466
19250.000000 -54.649590
19300.000000 -56.318840
19350.000000 -58.842525
19400.000000 -61.794239
19450.000000 -60.551956
19500.000000 -57.576332
19550.000000 -55.745090
19600.000000 -53.976551
19650.000000 -53.946068
19700.000000 -53.934059
19750.000000 -53.975426
19800.000000 -53.977146
19850.000000 -55.921627
19900.000000 -58.894405
19950.000000 -64.395676
20000.000000 -62.696815
20050.000000 -58.247086
20100.000000 -55.610321
20150.000000 -54.318260
20200.000000 -54.474625
20250.000000 -56.577435
20300.000000 -59.732723
20350.000000 -62.497540
20400.000000 -60.996437
20450.000000 -58.236805
20500.000000 -55.930996
20550.000000 -54.400578
20600.000000 -54.458996
20650.000000 -55.267132
20700.000000 -58.619228
20750.000000 -63.418613
20800.000000 -60.264828
20850.000000 -58.917786
20900.000000 -55.480469
20950.000000 -53.976818
21000.000000 -53.962387
21050.000000 -53.916477
21100.000000 -53.974831
21150.000000 -54.160263
21200.000000 -56.891285
21250.000000 -60.314301
21300.000000 -65.293289
21350.000000 -61.119942
21400.000000 -58.111244
21450.000000 -55.005764
21500.000000 -54.149712
21550.000000 -54.781078
21600.000000 -57.914822
21650.000000 -60.866894
21700.000000 -62.732143
21750.000000 -60.838966
21800.000000 -58.235615
21850.000000 -55.743710
21900.000000 -54.363926
21950.000000 -54.422935
22000.000000 -57.011086
22050.000000 -59.938721
22100.000000 -60.755295
22150.000000 -62.061649
22200.000000 -58.186104
22250.000000 -55.123123
22300.000000 -53.975163
22350.000000 -53.965828
22400.000000 -53.957691
22450.000000 -53.975292
22500.000000 -54.387161
22550.000000 -57.082970
22600.000000 -61.244774
22650.000000 -61.159840
22700.000000 -59.328934
22750.000000 -56.809391
22800.000000 -54.965584
22850.000000 -54.114506
22900.000000 -55.668205
22950.000000 -57.783939
23000.000000 -60.537563
23050.000000 -63.754265
23100.000000 -61.079781
23150.000000 -57.728863
23200.000000 -55.081196
23250.000000 -53.978474
23300.000000 -55.446648
23350.000000 -57.367996
23400.000000 -61.203423
23450.000000 -62.726334
23500.000000 -59.195385
23550.000000 -56.254616
23600.000000 -54.509708
23650.000000 -53.967350
23700.000000 -53.876698
23750.000000 -53.928131
23800.000000 -53.976021
23850.000000 -54.868069
23900.000000 -57.763321
23950.000000 -59.892258
24000.000000 -60.428413
24050.000000 -59.516064
24100.000000 -56.742729
24150.000000 -54.522957
24200.000000 -54.523026
24250.000000 -55.397121
24300.000000 -57.545807
24350.000000 -61.154240
24400.000000 -62.762146
24450.000000 -60.450439
24500.000000 -56.864918
24550.000000 -54.627644
24600.000000 -54.300915
24650.000000 -55.520954
24700.000000 -58.029839
24750.000000 -60.060116
24800.000000 -60.088619
24850.000000 -58.530369
24900.000000 -56.459023
24950.000000 -54.741344
25000.000000 -53.964966
25050.000000 -53.903854
25100.000000 -53.898598
25150.000000 -53.976685
25200.000000 -55.153641
25250.000000 -57.691799
25300.000000 -59.139389
25350.000000 -61.449219
25400.000000 -58.270626
25450.000000 -56.166119
25500.000000 -54.528603
25550.000000 -54.586681
25600.000000 -56.872681
25650.000000 -59.871597
25700.000000 -64.706772
25750.000000 -64.579422
25800.000000 -60.024822
25850.000000 -56.593895
25900.000000 -54.578587
25950.000000 -54.513084
26000.000000 -54.843002
26050.000000 -56.673416
26100.000000 -58.248936
26150.000000 -60.400192
26200.000000 -58.467354
26250.000000 -56.074795
26300.000000 -54.119892
26350.000000 -53.955906
26400.000000 -54.750317
26450.000000 -53.952473
26500.000000 -54.307861
26550.000000 -55.845226
26600.000000 -59.127991
26650.000000 -61.839985
26700.000000 -61.508930
26750.000000 -57.297314
26800.000000 -55.348343
26850.000000 -54.574543
26900.000000 -54.444649
26950.000000 -56.897587
27000.000000 -60.271938
27050.000000 -63.776348
27100.000000 -64.273430
27150.000000 -59.938457
27200.000000 -56.577084
27250.000000 -54.512661
27300.000000 -54.244160
27350.000000 -55.497089
27400.000000 -58.987915
27450.000000 -59.751377
27500.000000 -58.919884
27550.000000 -58.726368
27600.000000 -55.605328
27650.000000 -53.966026
27700.000000 -53.925560
27750.000000 -53.880238
27800.000000 -53.946529
27850.000000 -54.429352
27900.000000 -56.096077
27950.000000 -58.655235
28000.000000 -59.290375
28050.000000 -58.457581
28100.000000 -55.762733
28150.000000 -55.212097
28200.000000 -54.310684
28250.000000 -54.807281
28300.000000 -57.126942
28350.000000 -60.038120
28400.000000 -63.920631
28450.000000 -63.730610
28500.000000 -59.382217
28550.000000 -56.424267
28600.000000 -54.681934
28650.000000 -54.761696
28700.000000 -56.574673
28750.000000 -58.466019
28800.000000 -62.233894
28850.000000 -59.080891
28900.000000 -56.413300
28950.000000 -54.915176
29000.000000 -53.956966
29050.000000 -53.943558
29100.000000 -53.927929
29150.000000 -53.962917
29200.000000 -54.411781
29250.000000 -55.355949
29300.000000 -55.360531
29350.000000 -54.396057
29400.000000 -53.974300
29450.000000 -54.128044
29500.000000 -53.961395
29550.000000 -53.971054
29600.000000 -53.930172
29650.000000 -53.949169
29700.000000 -57.067005
29750.000000 -53.942699
29800.000000 -53.975758
29850.000000 -53.966160
29900.000000 -53.974236
29950.000000 -59.384567
30000.000000 -53.977547
30050.000000 -54.301601
30100.000000 -54.766338
30150.000000 -53.976089
30200.000000 -59.242886
30250.000000 -54.589100
30300.000000 -55.910614
30350.000000 -57.505543
30400.000000 -55.057003
30450.000000 -55.262115
30500.000000 -54.454514
30550.000000 -57.296146
30600.000000 -59.113503
30650.000000 -53.978672
30700.000000 -53.974102
30750.000000 -53.968540
30800.000000 -56.880550
30850.000000 -59.406815
30900.000000 -53.975029
30950.000000 -53.945274
31000.000000 -53.962585
31050.000000 -55.870235
31100.000000 -58.322803
31150.000000 -53.977547
31200.000000 -53.945210
31250.000000 -53.975426
31300.000000 -54.688766
31350.000000 -56.943710
31400.000000 -53.976818
31450.000000 -53.936367
31500.000000 -53.932480
31550.000000 -53.973042
31600.000000 -55.572227
31650.000000 -53.976021
31700.000000 -53.946331
31750.000000 -53.947849
31800.000000 -54.079777
31850.000000 -54.453953
31900.000000 -53.976749
31950.000000 -53.973438
32000.000000 -53.972908
32050.000000 -53.985764
32100.000000 -54.203739
32150.000000 -54.397724
32200.000000 -54.677914
32250.000000 -54.872547
32300.000000 -55.120781
32350.000000 -55.339813
32400.000000 -55.425411
32450.000000 -55.879795
32500.000000 -56.012016
32550.000000 -56.223843
32600.000000 -56.335075
32650.000000 -56.743824
32700.000000 -56.916061
32750.000000 -57.128273
32800.000000 -57.270069
32850.000000 -57.627823
32900.000000 -57.801003
32950.000000 -58.101440
33000.000000 -58.392574
33050.000000 -58.642982
33100.000000 -58.811829
33150.000000 -58.959648
33200.000000 -59.316429
33250.000000 -59.504665
33300.000000 -59.643856
33350.000000 -59.924126
33400.000000 -60.134636
33450.000000 -60.461197
33500.000000 -60.622147
33550.000000 -60.784832
33600.000000 -61.062237
33650.000000 -61.158173
33700.000000 -61.416706
33750.000000 -61.680920
33800.000000 -61.999683
33850.000000 -62.130131
33900.000000 -62.193539
33950.000000 -62.592049
34000.000000 -62.820633
34050.000000 -63.275970
34100.000000 -63.355961
34150.000000 -63.662857
34200.000000 -64.080490
34250.000000 -64.234062
34300.000000 -64.682198
34350.000000 -65.015244
34400.000000 -65.126442
34450.000000 -65.245148
34500.000000 -65.383217
34550.000000 -65.660515
34600.000000 -65.920715
34650.000000 -66.264687
34700.000000 -66.179497
34750.000000 -66.325417
34800.000000 -66.616020
34850.000000 -66.695587
34900.000000 -66.917862
34950.000000 -67.231186
35000.000000 -67.161072
35050.000000 -67.467781
35100.000000 -67.406006
35150.000000 -68.134315
35200.000000 -67.986816
35250.000000 -68.606400
35300.000000 -68.833168
35350.000000 -69.342888
35400.000000 -69.262047
35450.000000 -69.784058
35500.000000 -69.991753
35550.000000 -70.528908
35600.000000 -70.644142
35650.000000 -70.811859
35700.000000 -71.119583
35750.000000 -70.884872
35800.000000 -71.233810
35850.000000 -71.391258
35900.000000 -71.585762
35950.000000 -71.631157
36000.000000 -71.603897
36050.000000 -71.339272
36100.000000 -71.655975
36150.000000 -71.751846
36200.000000 -72.110931
36250.000000 -73.067566
36300.000000 -73.077713
36350.000000 -73.312019
36400.000000 -73.583786
36450.000000 -74.715630
36500.000000 -74.718513
36550.000000 -74.624504
36600.000000 -74.635933
36650.000000 -74.639503
36700.000000 -74.356728
36750.000000 -75.107338
36800.000000 -74.888283
36850.000000 -74.376129
36900.000000 -74.600304
36950.000000 -75.041939
37000.000000 -76.328735
37050.000000 -76.640854
37100.000000 -76.964615
37150.000000 -77.624496
37200.000000 -78.045914
37250.000000 -78.455475
37300.000000 -78.355103
37350.000000 -78.873665
37400.000000 -79.228920
37450.000000 -79.005035
37500.000000 -79.773178
37550.000000 -80.617317
37600.000000 -81.923111
37650.000000 -81.454704
37700.000000 -80.716057
37750.000000 -80.928772
37800.000000 -80.041985
37850.000000 -80.587479
37900.000000 -82.867348
37950.000000 -83.196144
38000.000000 -83.215317
38050.000000 -83.036766
38100.000000 -83.376083
38150.000000 -83.910240
38200.000000 -83.178932
38250.000000 -85.088509
38300.000000 -85.738434
38350.000000 -87.069679
38400.000000 -87.346230
38450.000000 -85.593391
38500.000000 -83.154129
38550.000000 -82.930260
38600.000000 -82.106964
38650.000000 -82.341522
38700.000000 -81.911545
38750.000000 -82.147598
38800.000000 -81.751175
38850.000000 -83.625969
38900.000000 -82.878410
38950.000000 -83.935219
39000.000000 -83.333176
39050.000000 -82.299973
39100.000000 -83.267288
39150.000000 -82.911705
39200.000000 -83.623955
39250.000000 -83.387817
39300.000000 -82.843407
39350.000000 -82.861816
39400.000000 -83.680458
39450.000000 -82.470909
39500.000000 -84.061226
39550.000000 -82.456825
39600.000000 -85.177055
39650.000000 -85.076614
39700.000000 -82.532776
39750.000000 -83.409378
39800.000000 -86.099960
39850.000000 -86.440948
39900.000000 -87.533485
39950.000000 -88.539200
40000.000000 -87.724884
