0.000000 -86.110672
50.000000 -87.181061
100.000000 -86.842369
150.000000 -85.646545
200.000000 -86.385483
250.000000 -84.932770
300.000000 -85.062363
350.000000 -85.938301
400.000000 -88.653305
450.000000 -86.761177
500.000000 -83.460556
550.000000 -84.347237
600.000000 -84.419685
650.000000 -85.883331
700.000000 -85.583305
750.000000 -85.535545
800.000000 -85.540558
850.000000 -83.866692
900.000000 -84.347237
950.000000 -86.116028
1000.000000 -87.187119
1050.000000 -85.588348
1100.000000 -86.051949
1150.000000 -84.823540
1200.000000 -88.754387
1250.000000 -88.270638
1300.000000 -87.069679
1350.000000 -87.555603
1400.000000 -88.301720
1450.000000 -87.980179
1500.000000 -85.891167
1550.000000 -89.367416
1600.000000 -87.275490
1650.000000 -87.699120
1700.000000 -87.596817
1750.000000 -89.301414
1800.000000 -89.548538
1850.000000 -90.244118
1900.000000 -91.379974
1950.000000 -92.428238
2000.000000 -93.997467
2050.000000 -88.277504
2100.000000 -89.205269
2150.000000 -90.814178
2200.000000 -90.124245
2250.000000 -87.303093
2300.000000 -85.015015
2350.000000 -86.145561
2400.000000 -86.346870
2450.000000 -87.327713
2500.000000 -88.141098
2550.000000 -90.704399
2600.000000 -88.975044
2650.000000 -89.371460
2700.000000 -87.828712
2750.000000 -88.284386
2800.000000 -88.336136
2850.000000 -90.244118
2900.000000 -88.667816
2950.000000 -88.461617
3000.000000 -85.764137
3050.000000 -91.104362
3100.000000 -90.094536
3150.000000 -87.933800
3200.000000 -88.209038
3250.000000 -88.349991
3300.000000 -88.628220
3350.000000 -85.100426
3400.000000 -86.686440
3450.000000 -87.574615
3500.000000 -85.611076
3550.000000 -87.657417
3600.000000 -86.692162
3650.000000 -87.587288
3700.000000 -87.135735
3750.000000 -86.655014
3800.000000 -86.921432
3850.000000 -88.674866
3900.000000 -88.110695
3950.000000 -86.655014
4000.000000 -86.474403
4050.000000 -83.912315
4100.000000 -85.700378
4150.000000 -87.861412
4200.000000 -90.361290
4250.000000 -89.297554
4300.000000 -87.615906
4350.000000 -90.196823
4400.000000 -88.703697
4450.000000 -94.111099
4500.000000 -93.806999
4550.000000 -95.701462
4600.000000 -93.265526
4650.000000 -89.469322
4700.000000 -90.749977
4750.000000 -90.745407
4800.000000 -90.141273
4850.000000 -89.729462
4900.000000 -88.750763
4950.000000 -89.536606
5000.000000 -88.325760
5050.000000 -88.243202
5100.000000 -89.516769
5150.000000 -92.064575
5200.000000 -90.878860
5250.000000 -88.823662
5300.000000 -88.322304
5350.000000 -87.741028
5400.000000 -86.833633
5450.000000 -87.461220
5500.000000 -86.057266
5550.000000 -85.888550
5600.000000 -85.545578
5650.000000 -87.520874
5700.000000 -87.599998
5750.000000 -87.867973
5800.000000 -90.014404
5850.000000 -89.701065
5900.000000 -88.402138
5950.000000 -89.548538
6000.000000 -88.250053
6050.000000 -87.536644
6100.000000 -91.156868
6150.000000 -92.225533
6200.000000 -92.263519
6250.000000 -92.732841
6300.000000 -91.730865
6350.000000 -92.340004
6400.000000 -91.238655
6450.000000 -92.647156
6500.000000 -90.218292
6550.000000 -90.782036
6600.000000 -87.492569
6650.000000 -89.930847
6700.000000 -87.539795
6750.000000 -87.546120
6800.000000 -85.578262
6850.000000 -85.626259
6900.000000 -84.602364
6950.000000 -84.299271
7000.000000 -84.886124
7050.000000 -84.713387
7100.000000 -83.448715
7150.000000 -85.933052
7200.000000 -85.440804
7250.000000 -88.952721
7300.000000 -87.689476
7350.000000 -88.364014
7400.000000 -87.609543
7450.000000 -91.267708
7500.000000 -89.516769
7550.000000 -87.917297
7600.000000 -91.974678
7650.000000 -87.937103
7700.000000 -88.174995
7750.000000 -87.734566
7800.000000 -88.725388
7850.000000 -87.217491
7900.000000 -89.815231
7950.000000 -88.305046
8000.000000 -88.465126
8050.000000 -87.004120
8100.000000 -86.396553
8150.000000 -87.439346
8200.000000 -86.097290
8250.000000 -88.395164
8300.000000 -87.750725
8350.000000 -85.261658
8400.000000 -87.792885
8450.000000 -85.697479
8500.000000 -87.346214
8550.000000 -84.037987
8600.000000 -87.584114
8650.000000 -85.795074
8700.000000 -86.998184
8750.000000 -86.915520
8800.000000 -86.643616
8850.000000 -85.946182
8900.000000 -85.728180
8950.000000 -86.360641
9000.000000 -86.407631
9050.000000 -82.982414
9100.000000 -83.057472
9150.000000 -83.389778
9200.000000 -82.001190
9250.000000 -84.080284
9300.000000 -84.082405
9350.000000 -63.148438
9400.000000 -54.750103
9450.000000 -58.844604
9500.000000 -53.953461
9550.000000 -53.981125
9600.000000 -54.956310
9650.000000 -55.482971
9700.000000 -54.984833
9750.000000 -53.971455
9800.000000 -53.943295
9850.000000 -53.966091
9900.000000 -53.961594
9950.000000 -53.917793
10000.000000 -55.727325
10050.000000 -57.727642
10100.000000 -56.557976
10150.000000 -55.664101
10200.000000 -56.787937
10250.000000 -53.965431
10300.000000 -54.874386
10350.000000 -55.728378
10400.000000 -53.971649
10450.000000 -55.547981
10500.000000 -56.135067
10550.000000 -53.961460
10600.000000 -55.039318
10650.000000 -53.960732
10700.000000 -53.964703
10750.000000 -55.903496
10800.000000 -57.565411
10850.000000 -53.975559
10900.000000 -54.928177
10950.000000 -55.385895
11000.000000 -54.544430
11050.000000 -56.453384
11100.000000 -54.738159
11150.000000 -56.183949
11200.000000 -53.964638
11250.000000 -55.681416
11300.000000 -54.594860
11350.000000 -54.071468
11400.000000 -53.965630
11450.000000 -55.065559
11500.000000 -54.749523
11550.000000 -56.002724
11600.000000 -53.970524
11650.000000 -55.109379
11700.000000 -57.564411
11750.000000 -55.327187
11800.000000 -54.641865
11850.000000 -58.107941
11900.000000 -55.994614
11950.000000 -53.977879
12000.000000 -55.056103
12050.000000 -56.422337
12100.000000 -55.995365
12150.000000 -56.676579
12200.000000 -56.780704
12250.000000 -55.041862
12300.000000 -53.969666
12350.000000 -55.611736
12400.000000 -54.901165
12450.000000 -53.961857
12500.000000 -56.064426
12550.000000 -54.954159
12600.000000 -54.940308
12650.000000 -54.252430
12700.000000 -55.286114
12750.000000 -55.052570
12800.000000 -54.349392
12850.000000 -54.991608
12900.000000 -54.670589
12950.000000 -55.861176
13000.000000 -55.592552
13050.000000 -53.969730
13100.000000 -55.912441
13150.000000 -56.428345
13200.000000 -55.631340
13250.000000 -53.968208
13300.000000 -57.574730
13350.000000 -56.364502
13400.000000 -54.859119
13450.000000 -57.039032
13500.000000 -56.201389
13550.000000 -54.080112
13600.000000 -55.798363
13650.000000 -54.773815
13700.000000 -53.961132
13750.000000 -53.942963
13800.000000 -54.561020
13850.000000 -53.940193
13900.000000 -56.722897
13950.000000 -54.798027
14000.000000 -54.863594
14050.000000 -58.916374
14100.000000 -53.949368
14150.000000 -56.518116
14200.000000 -55.033779
14250.000000 -56.187538
14300.000000 -55.057903
14350.000000 -56.524689
14400.000000 -56.745007
14450.000000 -56.817471
14500.000000 -55.454418
14550.000000 -55.027271
14600.000000 -56.098274
14650.000000 -55.077732
14700.000000 -56.539623
14750.000000 -55.322857
14800.000000 -53.960667
14850.000000 -53.956173
14900.000000 -54.208706
14950.000000 -54.711258
15000.000000 -53.922729
15050.000000 -53.961132
15100.000000 -53.972115
15150.000000 -55.618443
15200.000000 -54.565819
15250.000000 -54.481293
15300.000000 -55.140224
15350.000000 -53.959942
15400.000000 -58.284428
15450.000000 -53.973572
15500.000000 -53.969135
15550.000000 -54.849812
15600.000000 -55.259579
15650.000000 -55.428383
15700.000000 -54.717430
15750.000000 -57.008926
15800.000000 -53.976223
15850.000000 -53.937950
15900.000000 -57.882679
15950.000000 -55.849167
16000.000000 -53.976353
16050.000000 -56.092102
16100.000000 -53.951416
16150.000000 -53.965496
16200.000000 -55.788319
16250.000000 -53.948971
16300.000000 -59.845387
16350.000000 -55.853771
16400.000000 -55.641441
16450.000000 -61.270355
16500.000000 -54.882393
16550.000000 -54.829906
16600.000000 -58.110073
16650.000000 -53.972446
16700.000000 -53.950886
16750.000000 -55.640800
16800.000000 -55.598297
16850.000000 -55.661766
16900.000000 -55.442566
16950.000000 -53.935970
17000.000000 -54.094471
17050.000000 -61.372200
17100.000000 -54.804585
17150.000000 -53.967812
17200.000000 -54.013596
17250.000000 -61.074532
17300.000000 -53.964039
17350.000000 -53.964172
17400.000000 -55.173767
17450.000000 -56.577644
17500.000000 -55.623245
17550.000000 -57.091499
17600.000000 -53.986694
17650.000000 -53.959675
17700.000000 -55.657825
17750.000000 -53.949696
17800.000000 -54.810635
17850.000000 -54.551689
17900.000000 -53.926682
17950.000000 -54.980148
18000.000000 -53.965694
18050.000000 -53.924572
18100.000000 -59.398281
18150.000000 -55.248222
18200.000000 -56.029785
18250.000000 -58.022446
18300.000000 -56.337334
18350.000000 -54.592442
18400.000000 -59.275242
18450.000000 -55.207363
18500.000000 -54.221577
18550.000000 -55.558552
18600.000000 -56.874722
18650.000000 -53.972378
18700.000000 -54.084003
18750.000000 -56.171062
18800.000000 -54.259819
18850.000000 -56.302109
18900.000000 -56.376461
18950.000000 -54.187775
19000.000000 -58.016224
19050.000000 -53.957756
19100.000000 -53.942436
19150.000000 -57.753696
19200.000000 -54.197826
19250.000000 -54.668083
19300.000000 -58.524250
19350.000000 -55.165710
19400.000000 -55.770058
19450.000000 -55.212341
19500.000000 -53.963444
19550.000000 -54.433189
19600.000000 -58.392136
19650.000000 -54.682796
19700.000000 -55.747932
19750.000000 -56.170891
19800.000000 -56.351254
19850.000000 -55.695374
19900.000000 -53.974102
19950.000000 -53.957230
20000.000000 -58.352356
20050.000000 -55.999466
20100.000000 -53.962254
20150.000000 -53.973373
20200.000000 -54.277359
20250.000000 -53.950226
20300.000000 -54.297417
20350.000000 -56.628437
20400.000000 -53.941250
20450.000000 -54.076962
20500.000000 -55.700783
20550.000000 -53.974564
20600.000000 -53.964039
20650.000000 -55.817501
20700.000000 -53.911411
20750.000000 -53.931553
20800.000000 -56.615952
20850.000000 -55.037071
20900.000000 -54.531780
20950.000000 -55.687222
21000.000000 -56.386417
21050.000000 -53.967945
21100.000000 -55.093239
21150.000000 -56.990067
21200.000000 -56.110970
21250.000000 -53.955116
21300.000000 -53.997047
21350.000000 -56.130558
21400.000000 -54.715843
21450.000000 -54.672314
21500.000000 -59.426651
21550.000000 -56.392769
21600.000000 -53.967613
21650.000000 -56.278851
21700.000000 -55.343842
21750.000000 -53.951218
21800.000000 -53.972843
21850.000000 -55.225792
21900.000000 -53.954983
21950.000000 -53.963711
22000.000000 -57.695869
22050.000000 -54.869389
22100.000000 -54.956161
22150.000000 -57.749912
22200.000000 -57.772358
22250.000000 -53.977879
22300.000000 -55.270874
22350.000000 -55.013523
22400.000000 -57.196243
22450.000000 -54.720173
22500.000000 -54.517807
22550.000000 -55.291813
22600.000000 -55.386673
22650.000000 -57.833679
22700.000000 -53.973042
22750.000000 -53.902210
22800.000000 -53.989021
22850.000000 -56.029961
22900.000000 -54.649162
22950.000000 -54.668587
23000.000000 -60.979092
23050.000000 -56.520248
23100.000000 -54.516750
23150.000000 -56.624035
23200.000000 -59.777962
23250.000000 -55.054604
23300.000000 -55.227081
23350.000000 -59.152245
23400.000000 -55.495827
23450.000000 -53.970856
23500.000000 -55.225552
23550.000000 -57.565811
23600.000000 -53.961197
23650.000000 -53.943756
23700.000000 -56.389748
23750.000000 -58.005363
23800.000000 -55.788563
23850.000000 -54.006748
23900.000000 -54.233780
23950.000000 -56.583431
24000.000000 -57.795242
24050.000000 -56.026260
24100.000000 -54.170010
24150.000000 -54.912003
24200.000000 -55.076904
24250.000000 -53.971783
24300.000000 -53.967880
24350.000000 -58.337566
24400.000000 -56.404095
24450.000000 -53.954124
24500.000000 -55.605968
24550.000000 -59.565090
24600.000000 -53.984970
24650.000000 -54.458015
24700.000000 -58.021076
24750.000000 -54.814281
24800.000000 -53.941380
24850.000000 -53.964371
24900.000000 -54.988552
24950.000000 -55.072922
25000.000000 -53.976551
25050.000000 -56.096077
25100.000000 -59.468559
25150.000000 -55.614204
25200.000000 -53.944019
25250.000000 -55.476513
25300.000000 -56.525360
25350.000000 -56.358223
25400.000000 -56.404888
25450.000000 -55.339115
25500.000000 -56.077667
25550.000000 -53.971851
25600.000000 -53.965431
25650.000000 -54.806480
25700.000000 -57.335167
25750.000000 -54.055344
25800.000000 -53.964241
25850.000000 -55.514706
25900.000000 -55.586647
25950.000000 -53.955578
26000.000000 -53.957096
26050.000000 -56.008442
26100.000000 -53.954254
26150.000000 -53.946133
26200.000000 -53.976551
26250.000000 -60.250492
26300.000000 -57.680733
26350.000000 -54.155182
26400.000000 -53.947254
26450.000000 -55.055279
26500.000000 -54.311028
26550.000000 -57.588474
26600.000000 -54.974720
26650.000000 -54.570210
26700.000000 -55.386906
26750.000000 -55.042835
26800.000000 -59.088047
26850.000000 -57.853016
26900.000000 -54.884232
26950.000000 -54.066849
27000.000000 -57.233273
27050.000000 -55.718658
27100.000000 -53.963181
27150.000000 -53.939732
27200.000000 -53.972843
27250.000000 -54.486561
27300.000000 -53.958553
27350.000000 -53.940590
27400.000000 -55.500404
27450.000000 -56.706478
27500.000000 -54.039246
27550.000000 -54.965584
27600.000000 -57.228649
27650.000000 -58.691982
27700.000000 -54.390217
27750.000000 -53.919964
27800.000000 -53.971519
27850.000000 -55.947937
27900.000000 -63.538479
27950.000000 -56.036247
28000.000000 -53.936695
28050.000000 -53.902802
28100.000000 -53.976486
28150.000000 -57.536320
28200.000000 -57.423302
28250.000000 -55.537510
28300.000000 -54.820339
28350.000000 -60.185532
28400.000000 -57.324738
28450.000000 -53.974632
28500.000000 -53.966290
28550.000000 -56.890728
28600.000000 -57.123135
28650.000000 -53.963840
28700.000000 -53.973175
28750.000000 -59.047333
28800.000000 -60.976540
28850.000000 -54.840439
28900.000000 -53.960732
28950.000000 -54.801235
29000.000000 -55.513756
29050.000000 -54.669659
29100.000000 -53.931488
29150.000000 -53.969597
29200.000000 -56.072769
29250.000000 -56.612183
29300.000000 -56.733898
29350.000000 -53.939137
29400.000000 -53.974831
29450.000000 -53.961197
29500.000000 -53.969666
29550.000000 -53.965759
29600.000000 -53.943295
29650.000000 -54.458363
29700.000000 -57.502151
29750.000000 -53.948509
29800.000000 -54.834438
29850.000000 -55.022038
29900.000000 -56.665379
29950.000000 -55.529427
30000.000000 -55.121761
30050.000000 -54.241837
30100.000000 -53.936630
30150.000000 -53.952339
30200.000000 -57.304501
30250.000000 -54.471607
30300.000000 -54.936165
30350.000000 -53.962917
30400.000000 -53.975094
30450.000000 -53.976421
30500.000000 -53.974960
30550.000000 -58.222645
30600.000000 -53.962784
30650.000000 -53.969532
30700.000000 -56.072205
30750.000000 -54.212246
30800.000000 -54.949417
30850.000000 -59.513943
30900.000000 -53.916805
30950.000000 -53.962917
31000.000000 -54.668365
31050.000000 -56.405762
31100.000000 -54.622509
31150.000000 -53.936764
31200.000000 -53.943295
31250.000000 -53.976551
31300.000000 -54.144779
31350.000000 -53.956303
31400.000000 -53.979069
31450.000000 -57.922333
31500.000000 -61.549870
31550.000000 -54.761494
31600.000000 -53.977016
31650.000000 -55.014271
31700.000000 -58.946842
31750.000000 -56.729076
31800.000000 -54.664421
31850.000000 -55.114662
31900.000000 -56.036587
31950.000000 -54.415195
32000.000000 -54.730209
32050.000000 -56.702744
32100.000000 -63.498333
32150.000000 -60.940872
32200.000000 -56.408661
32250.000000 -53.960602
32300.000000 -53.975361
32350.000000 -53.963314
32400.000000 -53.947586
32450.000000 -55.526978
32500.000000 -59.031315
32550.000000 -59.282074
32600.000000 -56.900002
32650.000000 -53.973438
32700.000000 -53.978672
32750.000000 -53.901424
32800.000000 -53.979336
32850.000000 -53.976353
32900.000000 -55.492119
32950.000000 -56.516697
33000.000000 -55.258274
33050.000000 -53.976021
33100.000000 -53.921543
33150.000000 -53.956501
33200.000000 -53.965694
33250.000000 -53.953461
33300.000000 -53.977478
33350.000000 -54.164795
33400.000000 -54.543015
33450.000000 -53.974564
33500.000000 -53.977081
33550.000000 -53.978340
33600.000000 -54.263039
33650.000000 -54.463898
33700.000000 -54.565247
33750.000000 -54.831444
33800.000000 -54.947414
33850.000000 -55.272644
33900.000000 -55.481556
33950.000000 -55.676903
34000.000000 -55.841774
34050.000000 -56.080616
34100.000000 -56.414440
34150.000000 -56.621342
34200.000000 -56.906590
34250.000000 -57.015316
34300.000000 -57.256531
34350.000000 -57.457928
34400.000000 -57.764450
34450.000000 -57.964481
34500.000000 -58.134735
34550.000000 -58.413967
34600.000000 -58.707844
34650.000000 -58.918713
34700.000000 -59.094612
34750.000000 -59.139748
34800.000000 -59.497528
34850.000000 -59.734779
34900.000000 -59.911129
34950.000000 -60.126293
35000.000000 -60.351063
35050.000000 -60.595139
35100.000000 -60.744453
35150.000000 -61.079781
35200.000000 -61.166660
35250.000000 -61.280487
35300.000000 -61.651535
35350.000000 -61.586063
35400.000000 -61.953590
35450.000000 -62.149971
35500.000000 -62.428200
35550.000000 -62.604206
35600.000000 -62.824486
35650.000000 -63.092209
35700.000000 -63.325588
35750.000000 -63.577003
35800.000000 -63.656998
35850.000000 -63.917927
35900.000000 -64.211655
35950.000000 -64.297745
36000.000000 -64.318199
36050.000000 -64.884949
36100.000000 -65.001083
36150.000000 -65.281349
36200.000000 -65.370659
36250.000000 -65.878365
36300.000000 -66.190575
36350.000000 -66.490883
36400.000000 -66.472992
36450.000000 -66.726875
36500.000000 -67.027893
36550.000000 -67.281601
36600.000000 -67.244293
36650.000000 -67.713913
36700.000000 -67.944038
36750.000000 -67.930481
36800.000000 -68.216530
36850.000000 -68.574692
36900.000000 -68.906761
36950.000000 -68.794777
37000.000000 -69.236298
37050.000000 -69.501701
37100.000000 -69.435471
37150.000000 -70.340759
37200.000000 -70.544510
37250.000000 -70.725777
37300.000000 -70.900665
37350.000000 -71.645836
37400.000000 -71.903404
37450.000000 -72.006813
37500.000000 -71.831688
37550.000000 -72.053932
37600.000000 -72.198479
37650.000000 -72.058182
37700.000000 -72.254807
37750.000000 -72.464325
37800.000000 -72.735695
37850.000000 -72.937286
37900.000000 -73.368660
37950.000000 -73.941841
38000.000000 -73.711998
38050.000000 -74.391403
38100.000000 -74.329773
38150.000000 -75.668365
38200.000000 -75.231216
38250.000000 -75.231979
38300.000000 -75.810387
38350.000000 -75.575493
38400.000000 -75.784241
38450.000000 -75.602615
38500.000000 -76.057693
38550.000000 -75.483604
38600.000000 -75.943123
38650.000000 -76.659782
38700.000000 -77.089798
38750.000000 -76.695045
38800.000000 -76.903160
38850.000000 -78.505547
38900.000000 -78.256950
38950.000000 -78.308067
39000.000000 -78.848083
39050.000000 -79.734528
39100.000000 -79.708855
39150.000000 -81.019211
39200.000000 -80.395340
39250.000000 -80.836342
39300.000000 -80.830513
39350.000000 -80.500000
39400.000000 -79.789978
39450.000000 -80.402283
39500.000000 -81.118141
39550.000000 -81.313271
39600.000000 -81.547653
39650.000000 -81.071533
39700.000000 -83.072563
39750.000000 -83.209557
39800.000000 -82.775642
39850.000000 -83.440834
39900.000000 -84.591110
39950.000000 -84.729362
40000.000000 -84.355988
