0.000000 -82.621941
50.000000 -84.234291
100.000000 -82.117104
150.000000 -83.706825
200.000000 -84.597862
250.000000 -83.547852
300.000000 -81.344154
350.000000 -82.751961
400.000000 -81.835899
450.000000 -82.650665
500.000000 -81.712341
550.000000 -82.186722
600.000000 -81.976196
650.000000 -80.872910
700.000000 -81.550827
750.000000 -82.648865
800.000000 -82.026260
850.000000 -81.487679
900.000000 -82.395653
950.000000 -81.780403
1000.000000 -81.835899
1050.000000 -79.673042
1100.000000 -80.393959
1150.000000 -80.918457
1200.000000 -79.022781
1250.000000 -80.248177
1300.000000 -80.344170
1350.000000 -79.471176
1400.000000 -80.165382
1450.000000 -80.760788
1500.000000 -81.816269
1550.000000 -80.378716
1600.000000 -81.511307
1650.000000 -82.243164
1700.000000 -82.600464
1750.000000 -82.048042
1800.000000 -81.620819
1850.000000 -82.105278
1900.000000 -81.218208
1950.000000 -83.224915
2000.000000 -82.695740
2050.000000 -82.272385
2100.000000 -82.507973
2150.000000 -82.219170
2200.000000 -82.219170
2250.000000 -81.819542
2300.000000 -81.622421
2350.000000 -80.829048
2400.000000 -80.664398
2450.000000 -81.005814
2500.000000 -80.369026
2550.000000 -80.047318
2600.000000 -80.245453
2650.000000 -80.220947
2700.000000 -80.392570
2750.000000 -80.253639
2800.000000 -81.119644
2850.000000 -82.128952
2900.000000 -82.799393
2950.000000 -83.244148
3000.000000 -83.376083
3050.000000 -83.670341
3100.000000 -83.372169
3150.000000 -83.629990
3200.000000 -83.263428
3250.000000 -84.156944
3300.000000 -87.190147
3350.000000 -85.443283
3400.000000 -84.059113
3450.000000 -84.970268
3500.000000 -85.059990
3550.000000 -85.244675
3600.000000 -86.552956
3650.000000 -84.638458
3700.000000 -84.828163
3750.000000 -85.220467
3800.000000 -85.403694
3850.000000 -86.338615
3900.000000 -85.540558
3950.000000 -85.540558
4000.000000 -84.686066
4050.000000 -83.819244
4100.000000 -82.527458
4150.000000 -84.503860
4200.000000 -83.087677
4250.000000 -82.545204
4300.000000 -83.958183
4350.000000 -83.302109
4400.000000 -85.398758
4450.000000 -85.098038
4500.000000 -86.871559
4550.000000 -85.181870
4600.000000 -85.143448
4650.000000 -85.418518
4700.000000 -86.752510
4750.000000 -85.593391
4800.000000 -82.656059
4850.000000 -82.522141
4900.000000 -83.275009
4950.000000 -83.796638
5000.000000 -83.751617
5050.000000 -84.986725
5100.000000 -85.138657
5150.000000 -86.308426
5200.000000 -86.033340
5250.000000 -83.802795
5300.000000 -85.503014
5350.000000 -84.046432
5400.000000 -84.329765
5450.000000 -83.232605
5500.000000 -83.224915
5550.000000 -85.069481
5600.000000 -85.919937
5650.000000 -90.387543
5700.000000 -89.079964
5750.000000 -90.422676
5800.000000 -91.009689
5850.000000 -90.897430
5900.000000 -89.786522
5950.000000 -86.438171
6000.000000 -84.382286
6050.000000 -86.479988
6100.000000 -83.813072
6150.000000 -85.325043
6200.000000 -84.800476
6250.000000 -82.719269
6300.000000 -82.639877
6350.000000 -81.178650
6400.000000 -79.873169
6450.000000 -80.351067
6500.000000 -82.554092
6550.000000 -81.806473
6600.000000 -81.359642
6650.000000 -83.939392
6700.000000 -83.358505
6750.000000 -83.161743
6800.000000 -81.577805
6850.000000 -81.347252
6900.000000 -83.333176
6950.000000 -83.680458
7000.000000 -81.839172
7050.000000 -84.697441
7100.000000 -85.141052
7150.000000 -86.485580
7200.000000 -86.717972
7250.000000 -88.391685
7300.000000 -86.363396
7350.000000 -88.479187
7400.000000 -88.250053
7450.000000 -87.300056
7500.000000 -86.379959
7550.000000 -83.413307
7600.000000 -84.052773
7650.000000 -84.715668
7700.000000 -85.119522
7750.000000 -86.057266
7800.000000 -89.449631
7850.000000 -88.260338
7900.000000 -85.423470
7950.000000 -85.010292
8000.000000 -83.607880
8050.000000 -84.377899
8100.000000 -83.714951
8150.000000 -83.719017
8200.000000 -82.650665
8250.000000 -84.869850
8300.000000 -85.445763
8350.000000 -84.382286
8400.000000 -85.925179
8450.000000 -83.319572
8500.000000 -87.584129
8550.000000 -86.862793
8600.000000 -86.313904
8650.000000 -88.010124
8700.000000 -88.274071
8750.000000 -89.798798
8800.000000 -86.660721
8850.000000 -87.340065
8900.000000 -89.926689
8950.000000 -95.345268
9000.000000 -92.312607
9050.000000 -91.355446
9100.000000 -94.151566
9150.000000 -94.510368
9200.000000 -63.091297
9250.000000 -54.908390
9300.000000 -58.302177
9350.000000 -53.938873
9400.000000 -53.952602
9450.000000 -57.148582
9500.000000 -55.398994
9550.000000 -54.679852
9600.000000 -54.505478
9650.000000 -54.638218
9700.000000 -53.956635
9750.000000 -54.366627
9800.000000 -54.177395
9850.000000 -55.521439
9900.000000 -53.911282
9950.000000 -56.726715
10000.000000 -53.935444
10050.000000 -53.971981
10100.000000 -53.952736
10150.000000 -54.814064
10200.000000 -54.501888
10250.000000 -54.443672
10300.000000 -53.966091
10350.000000 -54.277290
10400.000000 -56.294926
10450.000000 -54.288750
10500.000000 -54.430611
10550.000000 -57.739285
10600.000000 -60.994064
10650.000000 -55.805389
10700.000000 -53.970592
10750.000000 -53.961330
10800.000000 -55.006363
10850.000000 -54.852448
10900.000000 -54.928917
10950.000000 -53.969730
11000.000000 -54.597847
11050.000000 -58.693611
11100.000000 -54.751621
11150.000000 -56.330292
11200.000000 -54.363441
11250.000000 -53.966091
11300.000000 -54.780132
11350.000000 -55.268570
11400.000000 -53.963577
11450.000000 -53.975689
11500.000000 -54.975391
11550.000000 -54.826691
11600.000000 -54.560925
11650.000000 -56.568058
11700.000000 -58.970238
11750.000000 -60.038387
11800.000000 -58.433090
11850.000000 -56.168674
11900.000000 -54.153633
11950.000000 -53.976421
12000.000000 -56.240765
12050.000000 -58.321495
12100.000000 -61.643059
12150.000000 -55.098667
12200.000000 -53.970062
12250.000000 -54.191780
12300.000000 -54.425377
12350.000000 -54.593296
12400.000000 -53.933731
12450.000000 -53.974434
12500.000000 -54.387650
12550.000000 -58.936401
12600.000000 -63.350502
12650.000000 -57.850430
12700.000000 -54.547119
12750.000000 -53.969532
12800.000000 -53.960140
12850.000000 -53.962917
12900.000000 -54.315712
12950.000000 -54.859192
13000.000000 -54.452835
13050.000000 -54.195313
13100.000000 -53.957756
13150.000000 -53.947716
13200.000000 -54.301121
13250.000000 -55.844330
13300.000000 -59.406445
13350.000000 -66.956749
13400.000000 -59.215717
13450.000000 -54.850029
13500.000000 -53.956371
13550.000000 -53.968674
13600.000000 -54.816689
13650.000000 -55.205456
13700.000000 -54.303734
13750.000000 -53.964901
13800.000000 -53.966953
13850.000000 -55.898125
13900.000000 -57.579243
13950.000000 -60.083504
14000.000000 -59.236073
14050.000000 -57.069340
14100.000000 -55.964664
14150.000000 -54.951935
14200.000000 -54.061028
14250.000000 -53.962452
14300.000000 -53.928459
14350.000000 -53.975689
14400.000000 -53.916344
14450.000000 -53.969070
14500.000000 -54.522675
14550.000000 -56.381958
14600.000000 -60.099304
14650.000000 -64.389961
14700.000000 -59.874474
14750.000000 -55.719467
14800.000000 -54.278252
14850.000000 -53.965164
14900.000000 -56.267284
14950.000000 -58.277905
15000.000000 -58.240372
15050.000000 -56.535267
15100.000000 -54.725658
15150.000000 -54.628643
15200.000000 -54.605679
15250.000000 -56.745380
15300.000000 -57.744907
15350.000000 -60.338791
15400.000000 -56.676308
15450.000000 -56.472080
15500.000000 -56.436131
15550.000000 -54.545845
15600.000000 -53.972710
15650.000000 -53.946728
15700.000000 -53.931423
15750.000000 -53.933006
15800.000000 -53.975689
15850.000000 -56.026596
15900.000000 -59.711159
15950.000000 -65.612335
16000.000000 -62.841564
16050.000000 -57.768761
16100.000000 -54.871078
16150.000000 -53.975822
16200.000000 -54.862934
16250.000000 -57.482296
16300.000000 -59.859726
16350.000000 -59.483036
16400.000000 -57.673836
16450.000000 -55.467072
16500.000000 -54.465439
16550.000000 -54.481712
16600.000000 -55.645535
16650.000000 -58.048458
16700.000000 -60.123066
16750.000000 -61.040695
16800.000000 -58.190620
16850.000000 -55.949268
16900.000000 -54.301533
16950.000000 -53.977016
17000.000000 -53.953396
17050.000000 -53.930038
17100.000000 -53.978870
17150.000000 -54.642582
17200.000000 -57.309555
17250.000000 -60.565956
17300.000000 -67.253456
17350.000000 -60.441093
17400.000000 -56.294926
17450.000000 -54.033978
17500.000000 -53.973572
17550.000000 -55.546478
17600.000000 -58.810787
17650.000000 -61.775848
17700.000000 -61.769997
17750.000000 -59.078743
17800.000000 -55.934566
17850.000000 -54.507660
17900.000000 -54.926846
17950.000000 -55.952347
18000.000000 -57.379749
18050.000000 -59.633694
18100.000000 -61.472427
18150.000000 -58.990036
18200.000000 -56.146278
18250.000000 -54.088352
18300.000000 -53.953659
18350.000000 -53.933136
18400.000000 -53.934654
18450.000000 -53.976818
18500.000000 -55.563797
18550.000000 -57.759533
18600.000000 -60.852715
18650.000000 -60.196232
18700.000000 -58.241779
18750.000000 -56.231483
18800.000000 -54.675613
18850.000000 -54.337780
18900.000000 -56.110043
18950.000000 -58.782631
19000.000000 -61.982014
19050.000000 -61.555584
19100.000000 -58.552200
19150.000000 -55.745010
19200.000000 -54.318466
19250.000000 -54.649590
19300.000000 -56.318840
19350.000000 -58.842525
19400.000000 -61.794239
19450.000000 -60.551956
19500.000000 -57.576332
19550.000000 -55.745090
19600.000000 -53.976551
19650.000000 -53.946068
19700.000000 -53.934059
19750.000000 -53.975426
19800.000000 -53.977146
19850.000000 -55.921627
19900.000000 -58.894405
19950.000000 -64.395676
20000.000000 -62.696815
20050.000000 -58.247086
20100.000000 -55.610321
20150.000000 -54.318260
20200.000000 -54.474625
20250.000000 -56.577435
20300.000000 -59.732723
20350.000000 -62.497540
20400.000000 -60.996437
20450.000000 -58.236805
20500.000000 -55.930996
20550.000000 -54.400578
20600.000000 -54.458996
20650.000000 -55.267132
20700.000000 -58.619228
20750.000000 -63.418613
20800.000000 -60.264828
20850.000000 -58.917786
20900.000000 -55.480469
20950.000000 -53.976818
21000.000000 -53.962387
21050.000000 -53.916477
21100.000000 -53.974831
21150.000000 -54.160263
21200.000000 -56.891285
21250.000000 -60.314301
21300.000000 -65.293289
21350.000000 -61.119942
21400.000000 -58.111244
21450.000000 -55.005764
21500.000000 -54.149712
21550.000000 -54.781078
21600.000000 -57.914822
21650.000000 -60.866894
21700.000000 -62.732143
21750.000000 -60.006508
21800.000000 -64.643654
21850.000000 -63.873161
21900.000000 -58.737476
21950.000000 -55.511330
22000.000000 -53.977146
22050.000000 -53.977146
22100.000000 -56.045155
22150.000000 -59.006218
22200.000000 -61.224159
22250.000000 -60.544052
22300.000000 -57.750221
22350.000000 -55.198284
22400.000000 -54.186214
22450.000000 -54.302841
22500.000000 -56.599449
22550.000000 -59.295017
22600.000000 -58.962940
22650.000000 -62.741951
22700.000000 -59.375679
22750.000000 -55.971165
22800.000000 -53.979137
22850.000000 -53.950424
22900.000000 -53.897026
22950.000000 -53.962055
23000.000000 -53.976021
23050.000000 -56.680195
23100.000000 -60.527840
23150.000000 -61.260849
23200.000000 -62.965424
23250.000000 -57.668056
23300.000000 -55.226093
23350.000000 -54.209797
23400.000000 -54.107845
23450.000000 -56.342724
23500.000000 -60.133827
23550.000000 -62.271858
23600.000000 -61.492706
23650.000000 -57.929535
23700.000000 -55.905151
23750.000000 -54.309994
23800.000000 -55.009197
23850.000000 -54.564396
23900.000000 -58.882511
23950.000000 -62.382221
24000.000000 -63.120449
24050.000000 -59.007523
24100.000000 -55.888954
24150.000000 -53.978607
24200.000000 -53.959347
24250.000000 -53.890266
24300.000000 -53.934193
24350.000000 -53.979668
24400.000000 -56.654819
24450.000000 -60.365013
24500.000000 -65.556366
24550.000000 -62.352459
24600.000000 -58.577141
24650.000000 -55.520332
24700.000000 -54.089169
24750.000000 -54.154308
24800.000000 -56.611645
24850.000000 -59.395191
24900.000000 -62.311028
24950.000000 -61.540051
25000.000000 -57.881981
25050.000000 -55.480297
25100.000000 -53.977016
25150.000000 -54.452206
25200.000000 -56.535267
25250.000000 -59.589203
25300.000000 -64.134537
25350.000000 -63.612488
25400.000000 -59.409920
25450.000000 -56.157681
25500.000000 -53.978806
25550.000000 -53.915359
25600.000000 -53.900372
25650.000000 -53.969200
25700.000000 -53.976749
25750.000000 -56.061310
25800.000000 -59.188145
25850.000000 -62.583122
25900.000000 -64.810608
25950.000000 -59.160900
26000.000000 -55.814148
26050.000000 -54.208912
26100.000000 -54.148430
26150.000000 -56.245495
26200.000000 -59.081722
26250.000000 -61.972363
26300.000000 -61.113621
26350.000000 -57.914822
26400.000000 -55.497414
26450.000000 -54.125080
26500.000000 -54.136745
26550.000000 -56.765354
26600.000000 -58.899544
26650.000000 -61.388981
26700.000000 -61.930550
26750.000000 -56.976768
26800.000000 -55.338726
26850.000000 -54.242043
26900.000000 -53.946857
26950.000000 -53.927010
27000.000000 -53.954651
27050.000000 -53.978008
27100.000000 -55.721004
27150.000000 -58.795895
27200.000000 -63.548439
27250.000000 -60.713463
27300.000000 -58.554333
27350.000000 -55.991627
27400.000000 -54.495205
27450.000000 -54.499355
27500.000000 -56.626549
27550.000000 -58.763298
27600.000000 -61.580338
27650.000000 -61.294167
27700.000000 -58.643211
27750.000000 -55.733734
27800.000000 -54.247166
27850.000000 -54.854206
27900.000000 -56.388866
27950.000000 -59.760139
28000.000000 -64.205200
28050.000000 -61.408287
28100.000000 -58.715500
28150.000000 -55.817829
28200.000000 -53.978405
28250.000000 -53.943359
28300.000000 -53.914570
28350.000000 -53.950687
28400.000000 -53.976021
28450.000000 -56.442463
28500.000000 -58.144043
28550.000000 -62.915779
28600.000000 -61.451256
28650.000000 -57.876232
28700.000000 -55.499298
28750.000000 -54.255577
28800.000000 -54.260094
28850.000000 -56.724529
28900.000000 -59.906803
28950.000000 -63.633003
29000.000000 -62.866783
29050.000000 -58.899307
29100.000000 -56.223244
29150.000000 -54.280376
29200.000000 -54.633785
29250.000000 -56.115208
29300.000000 -53.969799
29350.000000 -53.922005
29400.000000 -54.834148
29450.000000 -54.950310
29500.000000 -54.035244
29550.000000 -55.443432
29600.000000 -55.158878
29650.000000 -53.932674
29700.000000 -53.942303
29750.000000 -53.916935
29800.000000 -53.959873
29850.000000 -58.219833
29900.000000 -53.972645
29950.000000 -53.974236
30000.000000 -54.279964
30050.000000 -53.954651
30100.000000 -57.067070
30150.000000 -54.260914
30200.000000 -54.199799
30250.000000 -57.091225
30300.000000 -54.428028
30350.000000 -56.272980
30400.000000 -54.570850
30450.000000 -54.974350
30500.000000 -61.570965
30550.000000 -55.033180
30600.000000 -54.949566
30650.000000 -53.975292
30700.000000 -55.013676
30750.000000 -63.813702
30800.000000 -55.056938
30850.000000 -53.976486
30900.000000 -53.959015
30950.000000 -54.250519
31000.000000 -60.494663
31050.000000 -55.360531
31100.000000 -53.970592
31150.000000 -53.915489
31200.000000 -53.977146
31250.000000 -57.483383
31300.000000 -55.552837
31350.000000 -53.976486
31400.000000 -53.892036
31450.000000 -53.978672
31500.000000 -55.696503
31550.000000 -55.105305
31600.000000 -53.944550
31650.000000 -53.955975
31700.000000 -53.971054
31750.000000 -54.579437
31800.000000 -54.253387
31850.000000 -53.956768
31900.000000 -53.979401
31950.000000 -53.971188
32000.000000 -55.099117
32050.000000 -55.376549
32100.000000 -54.070667
32150.000000 -54.206940
32200.000000 -54.419376
32250.000000 -54.527897
32300.000000 -54.822456
32350.000000 -55.016811
32400.000000 -55.316669
32450.000000 -55.444138
32500.000000 -55.834881
32550.000000 -55.807846
32600.000000 -56.252464
32650.000000 -56.360664
32700.000000 -56.630058
32750.000000 -56.750202
32800.000000 -57.198929
32850.000000 -57.308193
32900.000000 -57.387791
32950.000000 -57.631050
33000.000000 -57.836571
33050.000000 -58.029839
33100.000000 -58.327175
33150.000000 -58.686741
33200.000000 -58.724880
33250.000000 -59.106441
33300.000000 -59.265251
33350.000000 -59.529987
33400.000000 -59.800716
33450.000000 -60.042118
33500.000000 -60.173355
33550.000000 -60.447929
33600.000000 -60.816666
33650.000000 -60.891239
33700.000000 -61.139263
33750.000000 -61.618420
33800.000000 -61.745655
33850.000000 -61.846703
33900.000000 -62.134026
33950.000000 -62.468784
34000.000000 -62.555508
34050.000000 -62.930065
34100.000000 -63.028492
34150.000000 -63.292412
34200.000000 -63.494171
34250.000000 -63.751812
34300.000000 -63.960896
34350.000000 -64.206055
34400.000000 -64.592003
34450.000000 -64.687874
34500.000000 -65.138412
34550.000000 -65.172722
34600.000000 -65.541801
34650.000000 -65.793251
34700.000000 -66.224426
34750.000000 -66.087921
34800.000000 -66.483337
34850.000000 -66.611481
34900.000000 -66.860153
34950.000000 -67.225082
35000.000000 -67.686577
35050.000000 -68.167175
35100.000000 -68.501373
35150.000000 -68.704773
35200.000000 -68.761642
35250.000000 -68.854446
35300.000000 -68.800980
35350.000000 -68.671974
35400.000000 -69.348328
35450.000000 -69.453949
35500.000000 -70.004318
35550.000000 -69.756302
35600.000000 -70.281250
35650.000000 -70.080132
35700.000000 -70.793930
35750.000000 -70.801743
35800.000000 -70.859390
35850.000000 -71.149673
35900.000000 -71.785240
35950.000000 -71.501160
36000.000000 -71.574203
36050.000000 -71.509636
36100.000000 -72.034843
36150.000000 -72.540916
36200.000000 -72.484947
36250.000000 -72.592735
36300.000000 -72.569038
36350.000000 -73.911545
36400.000000 -74.260376
36450.000000 -73.719711
36500.000000 -73.787506
36550.000000 -74.287788
36600.000000 -74.889015
36650.000000 -74.016060
36700.000000 -74.280243
36750.000000 -74.496964
36800.000000 -74.725731
36850.000000 -74.694733
36900.000000 -75.159561
36950.000000 -74.292595
37000.000000 -73.864983
37050.000000 -74.942162
37100.000000 -75.056183
37150.000000 -75.430191
37200.000000 -76.055168
37250.000000 -75.978081
37300.000000 -76.034149
37350.000000 -76.212273
37400.000000 -76.532600
37450.000000 -76.334816
37500.000000 -77.749405
37550.000000 -77.024628
37600.000000 -77.853325
37650.000000 -77.578239
37700.000000 -77.360367
37750.000000 -78.194283
37800.000000 -78.535728
37850.000000 -77.930267
37900.000000 -78.724770
37950.000000 -78.564888
38000.000000 -78.571632
38050.000000 -78.647293
38100.000000 -79.073860
38150.000000 -78.943794
38200.000000 -79.647552
38250.000000 -79.744812
38300.000000 -81.004326
38350.000000 -80.621582
38400.000000 -80.201935
38450.000000 -80.670128
38500.000000 -79.453743
38550.000000 -80.363495
38600.000000 -80.593155
38650.000000 -80.652962
38700.000000 -79.823677
38750.000000 -80.279602
38800.000000 -81.702667
38850.000000 -82.095146
38900.000000 -81.022194
38950.000000 -81.749550
39000.000000 -81.437485
39050.000000 -82.922836
39100.000000 -82.614769
39150.000000 -81.751175
39200.000000 -81.850647
39250.000000 -81.410942
39300.000000 -80.949448
39350.000000 -81.331787
39400.000000 -81.459412
39450.000000 -81.280952
39500.000000 -82.917267
39550.000000 -82.125565
39600.000000 -80.919930
39650.000000 -81.530251
39700.000000 -81.733353
39750.000000 -82.672272
39800.000000 -81.954590
39850.000000 -82.253464
39900.000000 -82.293068
39950.000000 -82.657860
40000.000000 -83.553833
