0.000000 -87.907410
50.000000 -89.282104
100.000000 -88.714539
150.000000 -89.757942
200.000000 -92.384010
250.000000 -89.885231
300.000000 -90.274338
350.000000 -92.252647
400.000000 -94.057442
450.000000 -93.544640
500.000000 -92.995102
550.000000 -93.001022
600.000000 -92.750084
650.000000 -93.407059
700.000000 -94.855263
750.000000 -90.627480
800.000000 -90.967422
850.000000 -92.230949
900.000000 -90.090302
950.000000 -92.461563
1000.000000 -86.915520
1050.000000 -89.600418
1100.000000 -88.849319
1150.000000 -88.236359
1200.000000 -88.660484
1250.000000 -88.849319
1300.000000 -89.402557
1350.000000 -87.993469
1400.000000 -86.432610
1450.000000 -86.874481
1500.000000 -85.854683
1550.000000 -84.667900
1600.000000 -82.814041
1650.000000 -84.715668
1700.000000 -85.985695
1750.000000 -86.536064
1800.000000 -85.413574
1850.000000 -86.692162
1900.000000 -89.136696
1950.000000 -90.851082
2000.000000 -88.185196
2050.000000 -91.439125
2100.000000 -89.320778
2150.000000 -89.481163
2200.000000 -91.291992
2250.000000 -86.743866
2300.000000 -90.878860
2350.000000 -90.235497
2400.000000 -88.120819
2450.000000 -88.398651
2500.000000 -88.472160
2550.000000 -87.190147
2600.000000 -87.822189
2650.000000 -87.715210
2700.000000 -86.471611
2750.000000 -87.057724
2800.000000 -86.680710
2850.000000 -85.901619
2900.000000 -86.382721
2950.000000 -85.305489
3000.000000 -84.373512
3050.000000 -84.227814
3100.000000 -84.672462
3150.000000 -85.398758
3200.000000 -84.795876
3250.000000 -86.581184
3300.000000 -85.162636
3350.000000 -85.383965
3400.000000 -85.266518
3450.000000 -85.428421
3500.000000 -85.344635
3550.000000 -86.886185
3600.000000 -87.162895
3650.000000 -86.723717
3700.000000 -87.501991
3750.000000 -86.672142
3800.000000 -85.728180
3850.000000 -86.950851
3900.000000 -86.218468
3950.000000 -84.584373
4000.000000 -83.947739
4050.000000 -83.908157
4100.000000 -83.478340
4150.000000 -83.567810
4200.000000 -83.525940
4250.000000 -83.656197
4300.000000 -82.571892
4350.000000 -85.717934
4400.000000 -86.865707
4450.000000 -83.636032
4500.000000 -84.584373
4550.000000 -84.510544
4600.000000 -84.879143
4650.000000 -85.153038
4700.000000 -84.307976
4750.000000 -83.885323
4800.000000 -84.152672
4850.000000 -83.360451
4900.000000 -83.780243
4950.000000 -83.788452
5000.000000 -85.862488
5050.000000 -85.774437
5100.000000 -86.057266
5150.000000 -84.949158
5200.000000 -85.425941
5250.000000 -86.956757
5300.000000 -87.628662
5350.000000 -89.504883
5400.000000 -91.243492
5450.000000 -86.207962
5500.000000 -86.161705
5550.000000 -87.178024
5600.000000 -87.867973
5650.000000 -85.689819
5700.000000 -84.331947
5750.000000 -87.464355
5800.000000 -86.603836
5850.000000 -87.417526
5900.000000 -84.932770
5950.000000 -89.664703
6000.000000 -88.134331
6050.000000 -90.560158
6100.000000 -92.123253
6150.000000 -90.295998
6200.000000 -90.145531
6250.000000 -92.128601
6300.000000 -89.560486
6350.000000 -97.139267
6400.000000 -92.059265
6450.000000 -89.584427
6500.000000 -91.518631
6550.000000 -88.395164
6600.000000 -89.012367
6650.000000 -86.766937
6700.000000 -87.069679
6750.000000 -87.178024
6800.000000 -86.477196
6850.000000 -85.878113
6900.000000 -86.311165
6950.000000 -85.220467
7000.000000 -85.565674
7050.000000 -86.778503
7100.000000 -86.237473
7150.000000 -87.105644
7200.000000 -86.612343
7250.000000 -86.142868
7300.000000 -86.769829
7350.000000 -87.090645
7400.000000 -87.874535
7450.000000 -87.117668
7500.000000 -87.168945
7550.000000 -88.405624
7600.000000 -85.712814
7650.000000 -87.874535
7700.000000 -87.673431
7750.000000 -92.500603
7800.000000 -89.095055
7850.000000 -88.830978
7900.000000 -84.597862
7950.000000 -87.454964
8000.000000 -87.389549
8050.000000 -84.602364
8100.000000 -88.503853
8150.000000 -87.420639
8200.000000 -85.093277
8250.000000 -84.622650
8300.000000 -87.476883
8350.000000 -89.612434
8400.000000 -84.858253
8450.000000 -84.681519
8500.000000 -84.752243
8550.000000 -86.097290
8600.000000 -85.867691
8650.000000 -86.700760
8700.000000 -88.989952
8750.000000 -86.589668
8800.000000 -90.031212
8850.000000 -90.081902
8900.000000 -90.339470
8950.000000 -93.339081
9000.000000 -87.132713
9050.000000 -89.102615
9100.000000 -88.915649
9150.000000 -63.395073
9200.000000 -54.524437
9250.000000 -54.810780
9300.000000 -54.776501
9350.000000 -53.977680
9400.000000 -53.937752
9450.000000 -56.115376
9500.000000 -55.112923
9550.000000 -54.791840
9600.000000 -53.978870
9650.000000 -53.959476
9700.000000 -55.330750
9750.000000 -55.898701
9800.000000 -53.922794
9850.000000 -53.954849
9900.000000 -54.722267
9950.000000 -55.273567
10000.000000 -53.949963
10050.000000 -54.448147
10100.000000 -55.272797
10150.000000 -56.341942
10200.000000 -53.973373
10250.000000 -53.957756
10300.000000 -54.492603
10350.000000 -60.673584
10400.000000 -63.327141
10450.000000 -56.987827
10500.000000 -54.513790
10550.000000 -54.320602
10600.000000 -53.945602
10650.000000 -53.967415
10700.000000 -53.975361
10750.000000 -54.350151
10800.000000 -55.093693
10850.000000 -53.997444
10900.000000 -53.955711
10950.000000 -55.086159
11000.000000 -53.956173
11050.000000 -53.953926
11100.000000 -55.940292
11150.000000 -55.896057
11200.000000 -55.137650
11250.000000 -59.169090
11300.000000 -58.198700
11350.000000 -54.853619
11400.000000 -54.324806
11450.000000 -54.722195
11500.000000 -53.971783
11550.000000 -53.973904
11600.000000 -53.971981
11650.000000 -53.978077
11700.000000 -53.972580
11750.000000 -53.979401
11800.000000 -53.929642
11850.000000 -53.979401
11900.000000 -53.978474
11950.000000 -56.134388
12000.000000 -60.380512
12050.000000 -59.708595
12100.000000 -54.937866
12150.000000 -53.958618
12200.000000 -54.524025
12250.000000 -59.481159
12300.000000 -59.308716
12350.000000 -54.371410
12400.000000 -53.927799
12450.000000 -53.947254
12500.000000 -53.974167
12550.000000 -55.581470
12600.000000 -55.440842
12650.000000 -54.557735
12700.000000 -54.585617
12750.000000 -53.965099
12800.000000 -53.943161
12850.000000 -53.936169
12900.000000 -53.934322
12950.000000 -53.957825
13000.000000 -53.951153
13050.000000 -53.961658
13100.000000 -53.970062
13150.000000 -54.363579
13200.000000 -56.971436
13250.000000 -61.346935
13300.000000 -64.614075
13350.000000 -58.358826
13400.000000 -54.981411
13450.000000 -54.652023
13500.000000 -57.068394
13550.000000 -59.364956
13600.000000 -58.061695
13650.000000 -56.028107
13700.000000 -53.944019
13750.000000 -53.963776
13800.000000 -53.963116
13850.000000 -53.976486
13900.000000 -54.304008
13950.000000 -54.418541
14000.000000 -54.349392
14050.000000 -56.663307
14100.000000 -54.139107
14150.000000 -53.976620
14200.000000 -53.968803
14250.000000 -53.971188
14300.000000 -53.967812
14350.000000 -53.962982
14400.000000 -53.977680
14450.000000 -55.827827
14500.000000 -57.724991
14550.000000 -64.093437
14600.000000 -64.097061
14650.000000 -58.120846
14700.000000 -54.722626
14750.000000 -54.255234
14800.000000 -55.487545
14850.000000 -57.906071
14900.000000 -57.838432
14950.000000 -56.211239
15000.000000 -54.844685
15050.000000 -53.978672
15100.000000 -54.504421
15150.000000 -55.182976
15200.000000 -55.573978
15250.000000 -55.510040
15300.000000 -54.923668
15350.000000 -54.489510
15400.000000 -54.611237
15450.000000 -54.829906
15500.000000 -55.194473
15550.000000 -54.447098
15600.000000 -54.385910
15650.000000 -53.968540
15700.000000 -53.978405
15750.000000 -55.645294
15800.000000 -59.359661
15850.000000 -64.811760
15900.000000 -63.451485
15950.000000 -58.708076
16000.000000 -55.480690
16050.000000 -54.085278
16100.000000 -53.968143
16150.000000 -54.695526
16200.000000 -55.729919
16250.000000 -55.079395
16300.000000 -54.880337
16350.000000 -54.594860
16400.000000 -54.378067
16450.000000 -54.969444
16500.000000 -55.519768
16550.000000 -55.686333
16600.000000 -55.095802
16650.000000 -54.230576
16700.000000 -54.373142
16750.000000 -54.909496
16800.000000 -55.217598
16850.000000 -54.589741
16900.000000 -53.961330
16950.000000 -53.973904
17000.000000 -54.063103
17050.000000 -55.191502
17100.000000 -57.180328
17150.000000 -58.617512
17200.000000 -58.720074
17250.000000 -58.436970
17300.000000 -55.936974
17350.000000 -54.084675
17400.000000 -53.952206
17450.000000 -53.947914
17500.000000 -53.961857
17550.000000 -53.977016
17600.000000 -54.924259
17650.000000 -54.641075
17700.000000 -54.628143
17750.000000 -54.144104
17800.000000 -54.856480
17850.000000 -55.072998
17900.000000 -54.987736
17950.000000 -54.572483
18000.000000 -54.062366
18050.000000 -54.817711
18100.000000 -55.107262
18150.000000 -54.691570
18200.000000 -54.618652
18250.000000 -53.972446
18300.000000 -53.967548
18350.000000 -54.031643
18400.000000 -55.911690
18450.000000 -57.580246
18500.000000 -56.854485
18550.000000 -59.090313
18600.000000 -57.909321
18650.000000 -55.997204
18700.000000 -53.974895
18750.000000 -53.931160
18800.000000 -53.967216
18850.000000 -53.964504
18900.000000 -53.973240
18950.000000 -54.750465
19000.000000 -54.689194
19050.000000 -54.298733
19100.000000 -54.273106
19150.000000 -55.256203
19200.000000 -55.329662
19250.000000 -55.057831
19300.000000 -54.434097
19350.000000 -54.593796
19400.000000 -54.779697
19450.000000 -54.921894
19500.000000 -54.351051
19550.000000 -53.963974
19600.000000 -53.950092
19650.000000 -53.978939
19700.000000 -54.864841
19750.000000 -56.548882
19800.000000 -57.933502
19850.000000 -58.092072
19900.000000 -58.579052
19950.000000 -56.739090
20000.000000 -54.841827
20050.000000 -53.973637
20100.000000 -53.946331
20150.000000 -53.967812
20200.000000 -53.973904
20250.000000 -54.520004
20300.000000 -54.507099
20350.000000 -54.550442
20400.000000 -54.512875
20450.000000 -54.953644
20500.000000 -55.950764
20550.000000 -55.961082
20600.000000 -55.244694
20650.000000 -54.577873
20700.000000 -54.535889
20750.000000 -54.512661
20800.000000 -53.997177
20850.000000 -53.955048
20900.000000 -53.964241
20950.000000 -53.935314
21000.000000 -53.975689
21050.000000 -54.693798
21100.000000 -56.701836
21150.000000 -58.464024
21200.000000 -58.472912
21250.000000 -57.438965
21300.000000 -56.172935
21350.000000 -54.265232
21400.000000 -53.960339
21450.000000 -53.951481
21500.000000 -53.971252
21550.000000 -53.977879
21600.000000 -54.000431
21650.000000 -54.041317
21700.000000 -54.427120
21750.000000 -55.594387
21800.000000 -56.067459
21850.000000 -56.870556
21900.000000 -56.210724
21950.000000 -55.520164
22000.000000 -54.595142
22050.000000 -55.846046
22100.000000 -54.399395
22150.000000 -53.969200
22200.000000 -53.973507
22250.000000 -53.953331
22300.000000 -53.954983
22350.000000 -53.975426
22400.000000 -55.873363
22450.000000 -57.013622
22500.000000 -57.998627
22550.000000 -57.660461
22600.000000 -55.879299
22650.000000 -55.044785
22700.000000 -53.965233
22750.000000 -53.917461
22800.000000 -53.978737
22850.000000 -53.958420
22900.000000 -53.972908
22950.000000 -54.384106
23000.000000 -54.478905
23050.000000 -54.838097
23100.000000 -55.841938
23150.000000 -56.395775
23200.000000 -56.813244
23250.000000 -56.508892
23300.000000 -55.252285
23350.000000 -54.648949
23400.000000 -54.312611
23450.000000 -53.993858
23500.000000 -53.970394
23550.000000 -53.962189
23600.000000 -53.912727
23650.000000 -53.975361
23700.000000 -54.308136
23750.000000 -55.439037
23800.000000 -56.388779
23850.000000 -56.984913
23900.000000 -55.497089
23950.000000 -55.286575
24000.000000 -54.575958
24050.000000 -53.978405
24100.000000 -53.917004
24150.000000 -53.921215
24200.000000 -53.967216
24250.000000 -53.970924
24300.000000 -54.782894
24350.000000 -54.557735
24400.000000 -55.962246
24450.000000 -57.218346
24500.000000 -57.855293
24550.000000 -57.110867
24600.000000 -56.574753
24650.000000 -55.358589
24700.000000 -54.121979
24750.000000 -55.248913
24800.000000 -53.953991
24850.000000 -53.974831
24900.000000 -53.910294
24950.000000 -53.933861
25000.000000 -53.968475
25050.000000 -54.548107
25100.000000 -56.094048
25150.000000 -56.910950
25200.000000 -55.963497
25250.000000 -56.154617
25300.000000 -54.472309
25350.000000 -53.978340
25400.000000 -53.945671
25450.000000 -53.906677
25500.000000 -53.958485
25550.000000 -53.966553
25600.000000 -54.236923
25650.000000 -54.306896
25700.000000 -55.501823
25750.000000 -57.297798
25800.000000 -58.528114
25850.000000 -59.286469
25900.000000 -58.467354
25950.000000 -56.701836
26000.000000 -55.420479
26050.000000 -54.347179
26100.000000 -53.978142
26150.000000 -53.967281
26200.000000 -53.947453
26250.000000 -53.920490
26300.000000 -53.979336
26350.000000 -53.978008
26400.000000 -54.950085
26450.000000 -56.048351
26500.000000 -56.580296
26550.000000 -55.291042
26600.000000 -55.291275
26650.000000 -54.561985
26700.000000 -53.957096
26750.000000 -53.969334
26800.000000 -53.886593
26850.000000 -53.973309
26900.000000 -53.951614
26950.000000 -53.973507
27000.000000 -54.955273
27050.000000 -56.486309
27100.000000 -58.018120
27150.000000 -59.674442
27200.000000 -59.009644
27250.000000 -57.998413
27300.000000 -56.173107
27350.000000 -54.970192
27400.000000 -53.978737
27450.000000 -53.967216
27500.000000 -53.941250
27550.000000 -53.935509
27600.000000 -53.943031
27650.000000 -53.971188
27700.000000 -53.971252
27750.000000 -55.187084
27800.000000 -56.749657
27850.000000 -55.976246
27900.000000 -55.446487
27950.000000 -53.975491
28000.000000 -53.960205
28050.000000 -53.963974
28100.000000 -53.893677
28150.000000 -53.935116
28200.000000 -53.959942
28250.000000 -53.973438
28300.000000 -54.571415
28350.000000 -56.378551
28400.000000 -57.989891
28450.000000 -59.209892
28500.000000 -60.147972
28550.000000 -59.500156
28600.000000 -58.242538
28650.000000 -56.302456
28700.000000 -54.505268
28750.000000 -53.975426
28800.000000 -53.938873
28850.000000 -53.923717
28900.000000 -53.917530
28950.000000 -53.961197
29000.000000 -53.970329
29050.000000 -53.970459
29100.000000 -54.507874
29150.000000 -54.721615
29200.000000 -53.919239
29250.000000 -53.969204
29300.000000 -53.973042
29350.000000 -53.931820
29400.000000 -53.976551
29450.000000 -53.953529
29500.000000 -58.056850
29550.000000 -53.974831
29600.000000 -56.381084
29650.000000 -53.974102
29700.000000 -55.635345
29750.000000 -55.244850
29800.000000 -55.520084
29850.000000 -56.097851
29900.000000 -54.858017
29950.000000 -54.640720
30000.000000 -54.926403
30050.000000 -62.283768
30100.000000 -54.158909
30150.000000 -54.041782
30200.000000 -53.968739
30250.000000 -58.154324
30300.000000 -56.280838
30350.000000 -53.961460
30400.000000 -53.936565
30450.000000 -54.757580
30500.000000 -58.327065
30550.000000 -53.978672
30600.000000 -53.939995
30650.000000 -53.978142
30700.000000 -57.287708
30750.000000 -54.078838
30800.000000 -53.918518
30850.000000 -53.912792
30900.000000 -54.403637
30950.000000 -55.211639
31000.000000 -53.937489
31050.000000 -53.932083
31100.000000 -53.970856
31150.000000 -54.862713
31200.000000 -53.966160
31250.000000 -53.978539
31300.000000 -53.970127
31350.000000 -55.029213
31400.000000 -53.977680
31450.000000 -54.020718
31500.000000 -54.258724
31550.000000 -54.375847
31600.000000 -54.740765
31650.000000 -54.949192
31700.000000 -54.956013
31750.000000 -55.327496
31800.000000 -55.562599
31850.000000 -55.716393
31900.000000 -55.952843
31950.000000 -56.130814
32000.000000 -56.443520
32050.000000 -56.620262
32100.000000 -56.822067
32150.000000 -56.923313
32200.000000 -57.169701
32250.000000 -57.337021
32300.000000 -57.619453
32350.000000 -57.821503
32400.000000 -58.051628
32450.000000 -58.239075
32500.000000 -58.448822
32550.000000 -58.675240
32600.000000 -58.842514
32650.000000 -59.097359
32700.000000 -59.366062
32750.000000 -59.829262
32800.000000 -59.827831
32850.000000 -60.076412
32900.000000 -60.060783
32950.000000 -60.499577
33000.000000 -60.881111
33050.000000 -60.938656
33100.000000 -61.126881
33150.000000 -61.444523
33200.000000 -61.541794
33250.000000 -61.822803
33300.000000 -62.042000
33350.000000 -62.274269
33400.000000 -62.421543
33450.000000 -62.602417
33500.000000 -62.843403
33550.000000 -63.115513
33600.000000 -63.309471
33650.000000 -63.430199
33700.000000 -63.755898
33750.000000 -63.879932
33800.000000 -64.088554
33850.000000 -64.470528
33900.000000 -64.835548
33950.000000 -65.185234
34000.000000 -65.343155
34050.000000 -65.663818
34100.000000 -65.867424
34150.000000 -66.170326
34200.000000 -66.073242
34250.000000 -66.230125
34300.000000 -66.419548
34350.000000 -66.656143
34400.000000 -67.247345
34450.000000 -67.451202
34500.000000 -67.510475
34550.000000 -67.855507
34600.000000 -67.741661
34650.000000 -68.080727
34700.000000 -68.506660
34750.000000 -68.357262
34800.000000 -68.625702
34850.000000 -68.759460
34900.000000 -68.794777
34950.000000 -69.152260
35000.000000 -69.556885
35050.000000 -69.466156
35100.000000 -69.313400
35150.000000 -69.307983
35200.000000 -69.749779
35250.000000 -70.100883
35300.000000 -70.210968
35350.000000 -70.245827
35400.000000 -70.463234
35450.000000 -70.907181
35500.000000 -70.892769
35550.000000 -71.123878
35600.000000 -71.454460
35650.000000 -71.873711
35700.000000 -72.196320
35750.000000 -72.487175
35800.000000 -72.443199
35850.000000 -72.945518
35900.000000 -72.760422
35950.000000 -72.933174
36000.000000 -73.068161
36050.000000 -73.395882
36100.000000 -73.855835
36150.000000 -74.282990
36200.000000 -74.171165
36250.000000 -74.044724
36300.000000 -74.240540
36350.000000 -74.461868
36400.000000 -74.263107
36450.000000 -74.511047
36500.000000 -74.259003
36550.000000 -74.663132
36600.000000 -75.456070
36650.000000 -75.678841
36700.000000 -75.887634
36750.000000 -75.863731
36800.000000 -75.310410
36850.000000 -75.864555
36900.000000 -76.065269
36950.000000 -75.943954
37000.000000 -77.117332
37050.000000 -76.683273
37100.000000 -77.144005
37150.000000 -77.723869
37200.000000 -77.280533
37250.000000 -77.593300
37300.000000 -78.078789
37350.000000 -77.624496
37400.000000 -77.321335
37450.000000 -78.057564
37500.000000 -78.482147
37550.000000 -78.358391
37600.000000 -77.905243
37650.000000 -78.031113
37700.000000 -78.920357
37750.000000 -76.968353
37800.000000 -78.869003
37850.000000 -77.432053
37900.000000 -78.954361
37950.000000 -79.385551
38000.000000 -79.431366
38050.000000 -81.032639
38100.000000 -80.004776
38150.000000 -80.124954
38200.000000 -79.642464
38250.000000 -80.063324
38300.000000 -80.265923
38350.000000 -80.237274
38400.000000 -81.401588
38450.000000 -81.451576
38500.000000 -83.123680
38550.000000 -83.224915
38600.000000 -83.446747
38650.000000 -82.757416
38700.000000 -83.184662
38750.000000 -82.570114
38800.000000 -81.308647
38850.000000 -81.424988
38900.000000 -80.937630
38950.000000 -80.677284
39000.000000 -81.773903
39050.000000 -82.880257
39100.000000 -82.623726
39150.000000 -82.960022
39200.000000 -84.557449
39250.000000 -82.469147
39300.000000 -84.582123
39350.000000 -85.010292
39400.000000 -84.391068
39450.000000 -85.983047
39500.000000 -87.318466
39550.000000 -87.689476
39600.000000 -86.385498
39650.000000 -86.046623
39700.000000 -88.911949
39750.000000 -90.622971
39800.000000 -90.300331
39850.000000 -87.429985
39900.000000 -88.164810
39950.000000 -91.538628
40000.000000 -90.841843
